# SectorTime Extract Insert None ParkPod RepositionPod Rest
0 12.604592506012564 4.254411954371847 0.45621812513497345 2.6783963110080267 0 0.00638110347258946
0.016627777777777776 12.583094823533004 4.280315747464393 0.4419613087245055 2.684279759622359 0 0.010348360655737705
0.033280555555555556 12.555829323829984 4.30869001774325 0.4285685417934599 2.690311686098449 0 0.016600430534856766
0.04995 12.520853951560476 4.339806978005704 0.41596358468188754 2.6969691855269264 0 0.026406300225008034
0.06662222222222222 12.520853951560476 4.339806978005704 0.41596358468188754 2.6969691855269264 0 0.026406300225008034
0.08332222222222223 12.416454657955263 4.417688071820201 0.3928544966440049 2.7031560826272822 0 0.06984669095324833
0.09999166666666667 12.360006392941852 4.4564656649167755 0.38223680754551825 2.704089834935539 0 0.09720129966031607
0.11658333333333333 12.360006392941852 4.4564656649167755 0.38223680754551825 2.704089834935539 0 0.09720129966031607
0.1332472222222222 12.295269382601276 4.499277971980369 0.37217794418905725 2.7044208041916216 0 0.12885389703767616
0.14999722222222223 12.160639283851873 4.58512263131411 0.3535690469796044 2.703403709522468 0 0.19726532833194405
0.16661388886111111 12.160639283851873 4.58512263131411 0.3535690469796044 2.703403709522468 0 0.19726532833194405
0.18331666666666666 12.088097854440026 4.630793472468499 0.34494541168741893 2.7015430981699153 0 0.2346201632341414
0.19989722222222223 12.008619334096215 4.678076167568456 0.33673242569486134 2.698331754562695 0 0.27824031807777294
0.21665 11.846970631383185 4.772238736374451 0.3214264063450949 2.691608978227461 0 0.3677552476698072
0.2333 11.762210992580131 4.8199230486080245 0.31428359731520394 2.6868045528460858 0 0.41677780865055103
0.2499472222222222 11.762210992580131 4.8199230486080245 0.31428359731520394 2.6868045528460858 0 0.41677780865055103
0.26665 11.586604324506899 4.919762802535649 0.3009098272166846 2.674628480465542 0 0.5180945652752241
0.2833333333333333 11.499730623301893 4.967962188593934 0.2946408724830037 2.668212609344732 0 0.5694537062764348
0.29996944444444446 11.499730623301893 4.967962188593934 0.2946408724830037 2.668212609344732 0 0.5694537062764348
0.3165861111111111 11.320408065036483 5.061243701050177 0.2828552375836835 2.6548174383042764 0 0.6806755580253774
0.3332583333333333 11.232426207552109 5.105467680768148 0.2773090564545917 2.647860233631644 0 0.7369368215935072
0.3499083333333333 11.232426207552109 5.105467680768148 0.2773090564545917 2.647860233631644 0 0.7369368215935072
0.36664444444444444 11.051833569964309 5.190991840871133 0.266844563758192 2.6299648995240883 0 0.8603651258822769
0.38332777777777777 10.964453935952625 5.231899399373519 0.26190299776266995 2.620768018668704 0 0.9209756482424816
0.4 10.877221440147425 5.271925470900062 0.25714112507607595 2.6109964789353337 0 0.9827154849411032
0.41665555555555556 10.787786279770085 5.311273405992303 0.252549319271146 2.600964047666289 0 1.047426947300176
0.43329444441666665 10.787786279770085 5.311273405992303 0.252549319271146 2.600964047666289 0 1.047426947300176
0.4499472222222222 10.609024288212156 5.387170705163851 0.2438407220548996 2.5791058564616667 0 1.1808584281074246
0.46660277777777776 10.609024288212156 5.387170705163851 0.2438407220548996 2.5791058564616667 0 1.1808584281074246
0.4833277777777778 10.431710728149712 5.459938967632889 0.23571269798640293 2.554847865253564 0 1.317789740977432
0.49996666666666667 10.34539853042048 5.494748711332895 0.2318485553964619 2.5427465341291886 0 1.3852576687209714
0.5166083333333333 10.290940118830717 5.532564415661562 0.22496000981435996 2.5431901591603734 0 1.4083452965329877
0.5332361111111111 10.146492731825067 5.603953893062692 0.2145433431476933 2.531466995318565 0 1.503543036645982
0.5498944444444445 9.99891697424931 5.674155913264712 0.20444233304668324 2.518941742793312 0 1.603543036645982
0.5666583333333334 9.701916813529285 5.811726094342607 0.18483448990942833 2.490001423496195 0 1.811521178722485
0.5833222222222222 9.551954761313134 5.878840544858698 0.17557523065016906 2.4744580112314707 0 1.9191714519465286
0.5999416666666667 9.462305229706908 5.909515290024949 0.17269694818049416 2.460122633998168 0 1.9953598980894816
0.6166583333055555 9.249529836388207 6.012504208522362 0.15755721263215103 2.439292846066306 0 2.141115896390973
0.6332916666666667 9.186408575809597 6.0492906313251495 0.15130706726195553 2.4355877292734953 0 2.1774059963298034
0.6499944444444444 9.00379408698524 6.1072373865822485 0.14634617981074388 2.4032733774940365 0 2.3393489691277334
0.6666416666666667 8.875109140781348 6.178669162398594 0.1343579147195826 2.393214847917563 0 2.4186489341829107
0.6833333333333333 8.624093893806178 6.27033704030193 0.1239885348401099 2.352837130107075 0 2.6287434009447073
0.6999583333333333 8.555172159964313 6.306396021614553 0.11801901041044267 2.3471144341686156 0 2.673298373842075
0.7166472222222222 8.370061256932248 6.3592141758821406 0.11414953465928063 2.3118914759221125 0 2.844683556604218
0.7332861111111111 8.209008102436469 6.419224111301913 0.10669796983066661 2.288145822668262 0 2.9769239937626883
0.7499916666388889 8.061667510805314 6.489932273266949 0.09524893679291145 2.2753146076174695 0 3.0778366715173555
0.7665916666666667 7.875492619740658 6.538349794362021 0.09212602083248812 2.239511942886842 0 3.254519622177989
0.7832361111111111 7.798594801700875 6.573563425686495 0.0865692559314693 2.2325109008002046 0 3.308761615880955
0.7999944444444445 7.451094801700877 6.6927300923531625 0.07268036704258042 2.1791775674668714 0 3.604317171436511
0.8165555555555556 7.451094801700877 6.6927300923531625 0.07268036704258042 2.1791775674668714 0 3.604317171436511
0.83325 7.27390836102291 6.751809188398361 0.06601370037591377 2.150561748257832 0 3.757707001944986
0.8499916666388889 6.915771106120951 6.8688680119277725 0.05294180495107715 2.090823186166329 0 4.0715958908338745
0.8666 6.825621853015143 6.88932372757923 0.05207390650925621 2.0707550465024 0 4.162225466393974
0.8832361111111111 6.736552028552816 6.926158368321903 0.04665249677497652 2.0590412155164337 0 4.231595890833875
0.8999638888888889 6.552447090281211 6.98356577572931 0.040479657268803676 2.0258004747756932 0 4.397707001944985
0.9165805555555555 6.276872945234377 7.059841150493807 0.03385480446707962 1.971030770022788 0 4.658400329781952
0.9333277777777778 5.991128399864161 7.154544591995011 0.02251428930343571 1.9230947879306621 0 4.908717930906733
0.9499111111111112 5.902202797680595 7.172502877372142 0.022145202593543325 1.9022243815711433 0 5.00092474078258
0.9666611111111111 5.6072395109752735 7.26717869161187 0.011020036429872494 1.8513993856318116 0 5.263162375351178
0.983325 5.519886216116501 7.28376082002135 0.010839380094956552 1.8299171597453454 0 5.3555964240218525
0.9998944444444444 5.41466209749622 7.322656833688372 0.00546448087431694 1.81347133462999 0 5.443745253311106
1.0166194444444445 5.107204763407287 7.41654367267744 0 1.7551741459884498 0 5.721077417926826
1.0333333333333334 4.827918171714365 7.482659612237969 0 1.6911934642338926 0 5.998228751813775
1.0498972222222223 4.638473727269922 7.53127072334908 0 1.6489712420116702 0 6.181284307369331
1.0665916666666666 4.562433174363857 7.543326394551007 0 1.6284963036180364 0 6.2657441274671015
1.083288888888889 4.385657218079704 7.585676121326963 0 1.5888788172792385 0 6.439787843314095
1.0999333333333334 4.283751505047698 7.615159612237969 0 1.5689712420116702 0 6.532117640702664
1.116586111111111 4.111620357506714 7.655118628631411 0 1.5305650489333462 0 6.7026959649285285
1.1333277777777777 3.7839084930999354 7.725897934611467 0 1.4542555030718414 0 7.035938069216757
1.1499611111111112 3.7839084930999354 7.725897934611467 0 1.4542555030718414 0 7.035938069216757
1.1666666666666667 3.473424099286839 7.789655151122227 0 1.3808071686579615 0 7.356113580932975
1.1833027777777778 3.4164827206100052 7.79740334670985 0 1.3648896095910075 0 7.42122432308914
1.1999777777777778 3.184370426970455 7.842713176499646 0 1.3085888055324018 0 7.664327590997499
1.2166277777777779 3.1321676330856936 7.849591568392557 0 1.2938551540576702 0 7.724385644464081
1.2332333333333334 3.045845836806521 7.867576564477789 0 1.2733429038930573 0 7.813234694822635
1.2499916666666666 2.7825875243123095 7.908349464357385 0 1.2052969960791586 0 8.103766015251148
1.2665722222222222 2.7825875243123095 7.908349464357385 0 1.2052969960791586 0 8.103766015251148
1.2833333333333334 2.5338398011793397 7.9416782439566544 0 1.1416585625636755 0 8.38282339230033
1.2999833333055555 2.5338398011793397 7.9416782439566544 0 1.1416585625636755 0 8.38282339230033
1.316575 2.3389331311428316 7.967525897809027 0 1.0901047528896126 0 8.603436218158526
1.3333222222222223 2.186062023401562 7.986122688401099 0 1.0497141181192304 0 8.77810117007811
1.3499722222222221 2.186062023401562 7.986122688401099 0 1.0497141181192304 0 8.77810117007811
1.3665694444444445 2.0777286900682292 8.000011577289987 0 1.021380784785897 0 8.900878947855885
1.3833194444444445 1.865615757463493 8.027060757617855 0 0.9653152110154052 0 9.142008273903246
1.399988888888889 1.7628379796857154 8.039838535395633 0 0.9380929887931831 0 9.259230496125467
1.416575 1.7628379796857154 8.039838535395633 0 0.9380929887931831 0 9.259230496125467
1.43332777775 1.63772830036273 8.05434448245338 0 0.9033237830180515 0 9.404603434165837
1.4498972222222222 1.5708571053687757 8.063583557160937 0 0.88532362384613 0 9.480235713624156
1.466591666638889 1.4782341545491031 8.074562609984252 0 0.8603099626439442 0 9.586893272822698
1.483311111111111 1.366569113764145 8.085908578126588 0 0.8309059741853005 0 9.716616333923966
1.4999694444444445 1.215802460560032 8.104120897780247 0 0.7920722577259115 0 9.888004383933808
1.5166416666666667 1.1539617093888288 8.112205681741475 0 0.7750461914247994 0 9.958786417444895
1.5333222222222223 1.1161268992449327 8.113673272934042 0 0.7658939110287162 0 10.004305916792308
1.5498888888888889 1.0580623475656816 8.121123383038498 0 0.7497699206569727 0 10.071044348738846
1.5665666666666667 0.983895680899015 8.12945671637183 0 0.7303254762125283 0 10.156322126516624
1.583225 0.9109448612268839 8.137755317835202 0 0.7109219381927081 0 10.240377882745207
1.599936111111111 0.7729439504800714 8.153233459911702 0 0.6727616467537282 0 10.401060942854498
1.6166499999722221 0.7193780287367958 8.159502953582523 0 0.6581756859642435 0 10.462943331716438
1.6333194444444445 0.6957918638601795 8.16083072559621 0 0.6513502536375471 0 10.492027156906065
1.6499666666666666 0.5868328393689605 8.172955682133924 0 0.6213727578648391 0 10.618838720632278
1.666625 0.577212628887502 8.173399031607138 0 0.6185633683916452 0 10.630824971113716
1.6832694444444445 0.5231142682317644 8.178541018528218 0 0.6042258247205889 0 10.694118888519432
1.6999333333333333 0.47773447871322283 8.183429270476365 0 0.5921651075916152 0 10.7466711432188
1.7166277777777779 0.42181533425344325 8.18729914350829 0 0.5776737466539735 0 10.813211775584296
1.7333333333333334 0.3346470470192338 8.195675805007562 0 0.5543189466209747 0 10.915358201352232
1.7498888888888888 0.3346470470192338 8.195675805007562 0 0.5543189466209747 0 10.915358201352232
1.7666222222222223 0.2552026025747893 8.202667330431291 0 0.5328029390880181 0 11.009327127905904
1.783325 0.2510189533522518 8.202569854710704 0 0.5326683034297626 0 11.013742888507286
1.7999972222222222 0.18742482479701153 8.208113596369362 0 0.5147337223302768 0 11.089727856503352
1.8166555555555555 0.15861126547497764 8.210034500324163 0 0.5069606526504273 0 11.124393581550434
1.83325 0.15861126547497764 8.210034500324163 0 0.5069606526504273 0 11.124393581550434
1.8499972222222223 0.10694459880831093 8.213424330832636 0 0.4923749652681298 0 11.187256105090919
1.8666611110833333 0.08333348769719984 8.214758574912782 0 0.4861272421351608 0 11.215780695254855
1.8832416666666667 0.08333348769719984 8.214758574912782 0 0.4861272421351608 0 11.215780695254855
1.8999722222222222 0.06527793214164429 8.215088141767774 0 0.48126377697508543 0 11.238370149115495
1.9166388888888888 0.03531089144348006 8.214778901232766 0 0.4733190952289005 0 11.276591112094856
1.9332944444444444 0.03415315729779219 8.212696681075647 0 0.4751571095188856 0 11.277993052107677
1.9499833333333334 0.013256074218147016 8.21098206291871 0 0.4697840449507577 0 11.305977817912385
1.9666583333333334 0.0065894075514803495 8.209315396252045 0 0.4689507116174244 0 11.315144484579053
1.9832666666666667 0.0065894075514803495 8.209315396252045 0 0.4689507116174244 0 11.315144484579053
1.9999472222222223 0.0019127201393222464 8.207872709025121 0 0.47042719820472273 0 11.319787372630833
2.0166583333333334 0.000273224043715847 8.20458584174616 0 0.4734371430335587 0 11.321703791176564
2.033288888888889 0.0008151930484636746 8.204510664012616 0 0.47414582374885555 0 11.320528319190062
2.0499972222222222 0.006293260473588342 8.201830832638693 0 0.4778451576055076 0 11.314030749282212
2.0666194444444446 0.0063999259053440765 8.200731920197542 0 0.47916456705644844 0 11.313703586840667
2.083325 0.02407103825136612 8.200441943749803 0 0.4814562687166187 0 11.294030749282213
2.0999333333333334 0.02407103825136612 8.200441943749803 0 0.4814562687166187 0 11.294030749282213
2.116652777777778 0.05407103825136612 8.198149100058654 0 0.4877227470593682 0 11.260057114630614
2.1332194444444443 0.05407103825136612 8.198149100058654 0 0.4877227470593682 0 11.260057114630614
2.149947222222222 0.07073770491803279 8.196602374116264 0 0.4916358710752986 0 11.241024049890408
2.166561111111111 0.09051171621746781 8.194700302553175 0 0.49599556975703124 0 11.218792411472327
2.1832694444444445 0.1347443202954069 8.191343982921786 0 0.507046432144934 0 11.166865264637874
2.199961111111111 0.1393119243732173 8.188864766264322 0 0.5105084117841898 0 11.16131489757827
2.216622222222222 0.16495616066191227 8.187411935414154 0 0.5161242320397641 0 11.13150767188417
2.233277777777778 0.19912282732857894 8.184151461825813 0 0.5234602976135345 0 11.093265413232075
2.2499444444444445 0.23978592609685992 8.179645554399132 0 0.5334624495504872 0 11.047106069953523
2.2665694444444444 0.2752339384396901 8.177207017381368 0 0.5401269642802012 0 11.007432079898742
2.283247222222222 0.35143414154204944 8.171579005704373 0 0.555297616065179 0 10.921689236688396
2.2999277777777776 0.39542321258030083 8.168085321210958 0 0.5644394238229501 0 10.87205204238579
2.3165861110833332 0.40201359945663917 8.167831187675587 0 0.565791191997777 0 10.864364020869996
2.3332722222222224 0.4610872762835878 8.162483693681388 0 0.5770757884723158 0 10.799353241562706
2.349938888888889 0.5075691550121947 8.157831187675587 0 0.5863467475533327 0 10.748252909758884
2.366661111111111 0.6104039980747535 8.147063923342396 0 0.6089359977042804 0 10.63359608087857
2.38325 0.63109565902644 8.145269480065867 0 0.613758686891996 0 10.609876174015696
2.3999972222222223 0.7424088481368281 8.133074310765334 0 0.6408457596245872 0 10.48367108147325
2.4166416666666666 0.7549920489527066 8.131882522295111 0 0.6445257078629815 0 10.4685997208892
2.433263888888889 0.808228057176376 8.126012163872678 0 0.6572299404155476 0 10.408529838535397
2.449966666638889 0.9323526419755335 8.112531562349588 0 0.6880974830591984 0 10.26701831261568
2.4666083333333333 0.9478918526751257 8.111351532833192 0 0.6920657744435184 0 10.248690840048162
2.483311111111111 1.0990029637862369 8.096351532833191 0 0.7281768855546294 0 10.076468617825943
2.499919444416667 1.0990029637862369 8.096351532833191 0 0.7281768855546294 0 10.076468617825943
2.5166416666666667 1.1806696304529036 8.088341514618255 0 0.7463690531320429 0 9.984619801796802
2.533288888888889 1.2653918526751258 8.08000818128492 0 0.7649801642431541 0 9.889619801796803
2.549961111111111 1.4154590604251027 8.06333893598252 0 0.7989247164892496 0 9.722277287103134
2.56665 1.5296056003210767 8.050731684727237 0 0.8246035935908124 0 9.595059121360878
2.5833166666666667 1.5296056003210767 8.050731684727237 0 0.8246035935908124 0 9.595059121360878
2.5999805555555557 1.7232531413046834 8.026710737550554 0 0.8707602420425428 0 9.379275879102222
2.616652777777778 1.8226975857491279 8.01448851532833 0 0.8943713531536538 0 9.268442545768888
2.6332305555277777 1.8535907651686045 8.011344252876269 0 0.9019030710037157 0 9.233161910951411
2.64995 1.9584456919137927 7.998474387894941 0 0.9275997099005846 0 9.11548021029068
2.6666166666666666 2.066920268184979 7.985197551736749 0 0.9544358680926749 0 8.993446311985595
2.683263888888889 2.1419160414930074 7.975444259207803 0 0.9729730480689082 0 8.90966665123028
2.6999805555555554 2.2920615111228324 7.958646940534327 0 1.0089510896780807 0 8.740340458664756
2.716655555527778 2.4833049303818964 7.935447269303199 0 1.0554685715167793 0 8.525779228798122
2.7333305555555554 2.601082708159674 7.921558380414311 0 1.0832463492945572 0 8.394112562131456
2.7499805555555557 2.721638263715229 7.907066854990583 0 1.1114290234941806 0 8.259865857800005
2.7666444444444442 2.7677677258120976 7.902384372306806 0 1.1212272555308045 0 8.208620646350287
2.7832416666666666 2.8488604859374513 7.890677966101693 0 1.1408734679386245 0 8.119588080022227
2.7998833333333333 2.978239017010898 7.873839955543205 0 1.171113349387175 0 7.976807678058719
2.816638888888889 3.2429376987434777 7.839497236886787 0 1.2338720632274396 0 7.6836930011422915
2.8332972222222224 3.379326587632367 7.821940739711646 0 1.2656799728319597 0 7.533052699824023
2.84995 3.436603309456644 7.815532955638964 0 1.2786575994901286 0 7.469206135414261
2.8666583333333335 3.6020698676165352 7.7926193068202 0 1.3192480607090316 0 7.28606276485423
2.8832916666666666 3.7241739309255704 7.779095181806622 0 1.3473017457768404 0 7.1494291414909625
2.8999361111111113 3.8093265876323668 7.7674991509987334 0 1.3676244944583373 0 7.055549766910557
2.916655555527778 4.026146544159316 7.742348078483822 0 1.4170949086610685 0 6.814410468695789
2.9332694444444445 4.181513775797733 7.723421524811506 0 1.452970614875758 0 6.642094084514998
2.9499472222222223 4.349525596818788 7.699434041332064 0 1.4944749376344675 0 6.456565424214677
2.966658333333333 4.5793947392794285 7.6714282516748495 0 1.547374656540397 0 6.2018023525053225
2.9832833333333335 4.5793947392794285 7.6714282516748495 0 1.547374656540397 0 6.2018023525053225
2.9999805555555557 4.902728072612762 7.628094918341515 0 1.624596878762619 0 5.844580130283102
3.016663888888889 5.065505850390539 7.606706029452626 0 1.6637635454292858 0 5.664024574727548
3.0333111111111113 5.150796910001678 7.5966501994433475 0 1.6832058654083133 0 5.569347025146659
3.0499444444444443 5.225228072612762 7.585594918341514 0 1.7032079898737302 0 5.485969019171992
3.066611111111111 5.376990367694728 7.564543005773207 0 1.741969374208885 0 5.3164972523231775
3.0833305555555555 5.668101478805839 7.522320783550986 0 1.8203027075422182 0 4.989275030100956
3.099972222222222 5.722185276116465 7.5132206578330045 0 1.8361483229251596 0 4.928445743125369
3.11665 5.8039439196072955 7.501774335463554 0 1.8567507949739122 0 4.8375309499552355
3.1333222221944443 6.018135059487645 7.470118111904908 0 1.9120457189143873 0 4.599701109693058
3.149988888861111 6.1834777407304475 7.442795992714025 0 1.9581318884875425 0 4.415594378067983
3.166655555527778 6.303110509092028 7.423869439041709 0 1.9890264270939457 0 4.283993624772312
3.183333333333333 6.417554953536473 7.405536105708375 0 2.018748649316168 0 4.158160291438979
3.1999916666666666 6.523195409218607 7.388267419962335 0 2.0469740823068134 0 4.041563088512241
3.2166333333055555 6.523195409218607 7.388267419962335 0 2.0469740823068134 0 4.041563088512241
3.233313888888889 6.618195409218607 7.372156308851223 0 2.0753074156401463 0 3.9343408662900186
3.249947222222222 6.708195409218607 7.356878531073447 0 2.1016963045290358 0 3.8332297551789076
3.2666583333333334 6.874384782810038 7.328207912691798 0 2.1510502917477075 0 3.6463570127504554
3.2833194444444445 6.948244411897214 7.316539120251545 0 2.1708421046021886 0 3.5643743632490508
3.2999888888611113 7.025430086511789 7.302749979200124 0 2.193541520478852 0 3.478278413809235
3.3166277777777777 7.023617362847704 7.301593035102345 0 2.1950380506930935 0 3.4797515513568587
3.333263888888889 7.084172918403259 7.290759701769011 0 2.2147602729153157 0 3.4103071069124145
3.3499861111111113 7.19510512179309 7.271150473897071 0 2.2503346608625847 0 3.283409743447255
3.366613888888889 7.19510512179309 7.271150473897071 0 2.2503346608625847 0 3.283409743447255
3.3833194444444445 7.286183507764502 7.256152171899602 0 2.2747669105615755 0 3.182897409774321
3.399938888888889 7.346683793206838 7.246934412101291 0 2.2904409259948224 0 3.1159408686970487
3.4166583333333334 7.354025500910746 7.243594980087063 0 2.294940801457195 0 3.1074387175449982
3.433327777777778 7.382335293754437 7.238105337902505 0 2.302308974715198 0 3.07725039362786
3.4499166666666667 7.353116682381414 7.241852244931425 0 2.2954405215777904 0 3.109590551109371
3.4666527777777776 7.371776540842401 7.237955442996462 0 2.3007706299715918 0 3.089497386189546
3.483313888888889 7.431306149856441 7.226921367046403 0 2.31717236269334 0 3.024600120403816
3.499913888888889 7.431306149856441 7.226921367046403 0 2.31717236269334 0 3.024600120403816
3.516636111111111 7.43130614985644 7.224976922601958 0 2.3193945849155626 0 3.0243223426260375
3.533325 7.417647957766045 7.223136056311939 0 2.321160121638727 0 3.038055864283289
3.5499916666666667 7.405981291099379 7.223413834089716 0 2.3203267883053935 0 3.0502780865055112
3.566663888888889 7.387010434997375 7.225176129171683 0 2.3179406316569424 0 3.0698728041739987
3.5833138888888887 7.387010434997375 7.225176129171683 0 2.3179406316569424 0 3.0698728041739987
3.5999694444444446 7.303348076347862 7.236592663110731 0 2.2983864674006296 0 3.1616727931407786
3.6166638888888887 7.291700781081164 7.236779043561483 0 2.300258482294465 0 3.1712616930628874
3.6333305555555557 7.249522398197029 7.242275940847764 0 2.2907141644283913 0 3.2174874965268128
3.649983333333333 7.188874490029865 7.251145734167201 0 2.275565844792953 0 3.28441393100998
3.6665944444444443 7.20202239819703 7.248387051958876 0 2.2796030533172806 0 3.2699874965268134
3.683311111111111 7.146466842641474 7.255609274181097 0 2.2659919422061696 0 3.3319319409712578
3.6999805555555554 7.020295255057188 7.273003657664467 0 2.2329428939732816 0 3.473758193305062
3.7166638888888888 6.955669939180637 7.27981237072026 0 2.217071177178846 0 3.547446512920255
3.733325 6.882700904572258 7.289284137569077 0 2.198715075175203 0 3.629299882683461
3.7499666666388887 6.804923126794479 7.299839693124634 0 2.178715075175203 0 3.716522104905683
3.7666583333333334 6.731891600125718 7.31077128285483 0 2.1599383253089424 0 3.797398791710508
3.783325 6.699141396778452 7.314756060613196 0 2.154529742254204 0 3.831572800354147
3.7999972222222222 6.522790358432896 7.34057415640147 0 2.1101745855330183 0 4.026460899632614
3.816647222222222 6.420067225463862 7.355282717421505 0 2.0854751319811062 0 4.139174925133525
3.8333 6.390181359228786 7.358762085513396 0 2.080144202014684 0 4.170912353243133
3.8499055555555555 6.307972121885707 7.370861813466703 0 2.0607293692692417 0 4.260436695378346
3.8666194444444444 6.069083232996819 7.404750702355591 0 2.0035071470470194 0 4.522658917600569
3.8833083333333334 6.069083232996819 7.404750702355591 0 2.0035071470470194 0 4.522658917600569
3.8999944444444443 5.804101602296933 7.441626223333642 0 1.9412021086104165 0 4.813070065759007
3.9165972222222223 5.722340373843978 7.454058580328172 0 1.9200348609282787 0 4.903566184899569
3.9332555555555557 5.664934935630265 7.4610706677780865 0 1.9078687752770833 0 4.966125621314562
3.9499138888888887 5.517712713408044 7.482181778889197 0 1.8720354419437497 0 5.128070065759006
3.9666111111111113 5.36872688401099 7.504206415362292 0 1.8343166311629773 0 5.2927500694637395
3.983275 5.2146831681639965 7.5269705319378835 0 1.795919545552777 0 5.462426754345342
3.9999972222222224 4.894683168163997 7.574192754160107 0 1.7148084344416656 0 5.81631564323423
4.0166611111111115 4.732451838473652 7.597166342502546 0 1.674129928066438 0 5.996251890957364
4.033272222222222 4.732451838473652 7.597166342502546 0 1.674129928066438 0 5.996251890957364
4.049980555555556 4.572174060695874 7.619463894291624 0 1.6331365194035377 0 6.175225525608964
4.066619444444444 4.342302354782828 7.6523975239023585 0 1.5729184791768203 0 6.432381642137993
4.083322222222222 4.105785171806985 7.686522182087616 0 1.510408832700441 0 6.697283813404956
4.099941666666667 4.038477218170804 7.6965791954960165 0 1.4924786332572644 0 6.7724649530759145
4.1165666666666665 3.956331619894416 7.708735296841714 0 1.4709051897131917 0 6.864027893550676
4.133227777777778 3.7469382053606277 7.7402860843251835 0 1.4159176729419374 0 7.096858037372251
4.149969444444444 3.665498286561083 7.75290196350838 0 1.3945163008243031 0 7.187083449106233
4.166627777777777 3.3823015652496067 7.796235296841714 0 1.3194252261430646 0 7.502037911765614
4.183319444444445 3.2434126763607183 7.817624185730604 0 1.2827585594763982 0 7.656204578432281
4.199908333333333 3.2434126763607183 7.817624185730604 0 1.2827585594763982 0 7.656204578432281
4.216641666666667 3.0588256908036087 7.845222033442805 0 1.2337354638583582 0 7.862216811895229
4.233325 2.9317765104757396 7.864347716502915 0 1.199036010306446 0 8.004839762714901
4.249961111111111 2.8539727856503347 7.876531289555742 0 1.1776310549226643 0 8.091864869871262
4.266572222222222 2.7300838967614456 7.894864622889074 0 1.1442977215893309 0 8.23075375876015
4.283333333333333 2.4876045043376247 7.9314521780741565 0 1.0794675218424865 0 8.501475795745733
4.299966666666666 2.4876045043376247 7.9314521780741565 0 1.0794675218424865 0 8.501475795745733
4.316630555555555 2.333436124485095 7.954899660956216 0 1.0384308330941951 0 8.673233381464495
4.333302777777778 2.1857952538605345 7.977865712854952 0 0.9978634209439841 0 8.83847561234053
4.349958333333333 2.0401986662961926 7.999901284307371 0 0.9584545861504731 0 9.001445463245965
4.366552777777778 2.0401986662961926 7.999901284307371 0 0.9584545861504731 0 9.001445463245965
4.383325 1.8313097774073035 8.030930428205368 0 0.9041695223981964 0 9.233590271989133
4.399994444444444 1.801288305646528 8.035341404792165 0 0.8961776723042367 0 9.26719261725707
4.4165833333333335 1.7326986662961927 8.045930428205367 0 0.8777806335093075 0 9.343590271989134
4.433325 1.5393152418881781 8.074382158624312 0 0.8274937482634055 0 9.558808851224105
4.449980555555555 1.4704900764964524 8.084682421199865 0 0.8095981620757797 0 9.635229340227905
4.466658333333333 1.3554263529992894 8.100693634034148 0 0.7804263529992891 0 9.763453659967276
4.483311111111111 1.2676485752215119 8.112842996511379 0 0.7580811799573949 0 9.861427248309719
4.49995 1.2676485752215119 8.112842996511379 0 0.7580811799573949 0 9.861427248309719
4.516658333333333 1.1665395821850937 8.126768440535246 0 0.7321447062556836 0 9.974547271023981
4.533277777777778 1.0461962911857192 8.145189969592938 0 0.6999010239818652 0 10.108712715239484
4.5499833333333335 0.9529263529992905 8.158047914544166 0 0.675458229137723 0 10.213567503318824
4.5666166666666665 0.9373046095074989 8.159828549824862 0 0.6712157445070499 0 10.231651096160594
4.583319444444444 0.8668934297171199 8.169772113383045 0 0.6518661073127475 0 10.311468349587093
4.599911111111111 0.8138416535457385 8.177601648606096 0 0.6377305424346268 0 10.370826155413544
4.616586111111111 0.6835593220338988 8.196206122070949 0 0.6007532184866166 0 10.519481337408545
4.633219444444444 0.6835593220338988 8.196206122070949 0 0.6007532184866166 0 10.519481337408545
4.64997777775 0.5634636936185979 8.211486060942857 0 0.5690357661078694 0 10.656014479330684
4.666566666666666 0.5634636936185979 8.211486060942857 0 0.5690357661078694 0 10.656014479330684
4.6832722222222225 0.5095748047297088 8.218218640980522 0 0.5555470655428978 0 10.716659488746881
4.699997222222223 0.4067970269519311 8.231483668302927 0 0.5304286684572876 0 10.831290636287864
4.716561111111111 0.4067970269519311 8.231483668302927 0 0.5304286684572876 0 10.831290636287864
4.7333083333333335 0.3589828193016578 8.237906748788246 0 0.5191940662529715 0 10.883916365657134
4.749986111111111 0.2713962983544812 8.248922231484057 0 0.49826510450433764 0 10.981416365657134
4.766574999972222 0.23222963168781446 8.25364445370628 0 0.4879873267265598 0 11.026138587879355
4.783327777777778 0.2284225885453913 8.253517522323296 0 0.48697490347197225 0 11.03108498565935
4.799986111111111 0.16500740946559225 8.261353925473129 0 0.4703689296409497 0 11.103269735420339
4.816627777777778 0.16230236996615632 8.261100609307082 0 0.46964533256809343 0 11.106951688158679
4.833319444444444 0.11065897934611464 8.267109073508076 0 0.45414019326356075 0 11.168091753882258
4.849944444444445 0.11065897934611464 8.267109073508076 0 0.45414019326356075 0 11.168091753882258
4.866663888888889 0.06677009045722576 8.269606372140412 0 0.44275091846500575 0 11.220872618937365
4.883311111083334 0.065675498810386 8.268680280041362 0 0.44301756559578637 0 11.222626655552475
4.89995 0.050658979346114665 8.270102729153162 0 0.43845674724460504 0 11.240781544256127
4.91665 0.021200873699484427 8.270986153561175 0 0.43143033558704574 0 11.2763826371523
4.933241666638889 0.021200873699484427 8.270986153561175 0 0.43143033558704574 0 11.2763826371523
4.949994444444444 0.007213114754098361 8.26874039084931 0 0.42948118304467287 0 11.294565311351926
4.966647222222222 0.007094866971244289 8.267828495164867 0 0.42996536682168846 0 11.295111271042206
4.983288888888889 0.0038161784466541255 8.266189150902573 0 0.4296921427779726 0 11.300302527872807
4.99997777775 0.0036020036429872493 8.263681192306503 0 0.4299092340464944 0 11.302807570004017
5.016622222222222 0.009553883364686912 8.262910462377981 0 0.4302385908654043 0 11.29729706339193
5.033327777777778 0.018333333333333333 8.261465607730539 0 0.4304700379735111 0 11.289731020962616
5.0499527777777775 0.018333333333333333 8.261465607730539 0 0.4304700379735111 0 11.289731020962616
5.066594444444444 0.03076271186440678 8.259850730141087 0 0.4314351980488407 0 11.277951359945666
5.083280555555556 0.06468463462072797 8.255671505594297 0 0.43622310083098365 0 11.243420758953992
5.099955555555556 0.06687733409939672 8.254252201254896 0 0.43700180370253505 0 11.24186866094317
5.116583333333334 0.08610169491525424 8.252557037448671 0 0.4401704177086227 0 11.221170849927452
5.133280555555555 0.111117494972709 8.248966363851851 0 0.4449975903538805 0 11.194918550821557
5.149966666666667 0.1373210922787194 8.246483591120988 0 0.45063651940353805 0 11.165558797196752
5.166574999972222 0.17128698649813273 8.241904216959194 0 0.4582744265120726 0 11.128534370030593
5.183313888888889 0.24030834182334598 8.234803263252134 0 0.47041794016856536 0 11.054470454755947
5.199994444444444 0.27380055479891957 8.231773701559476 0 0.4755477007122501 0 11.018878042929346
5.216583333333333 0.283081929537866 8.230025917431547 0 0.47754366796803255 0 11.009348485062544
5.233316666666667 0.3666972307122348 8.221747707696577 0 0.49014016239078756 0 10.921414899200391
5.249980555555555 0.406860664088537 8.217292827242535 0 0.49685917612208613 0 10.878987332546833
5.266561111111111 0.41364167515667927 8.2164699299188 0 0.4979179401685653 0 10.871970454755946
5.283325 0.5112322487879906 8.203358401013029 0 0.5154384110947637 0 10.76997093910421
5.299922222222222 0.5197527862677904 8.20210289895341 0 0.5169252261430645 0 10.761219088635729
5.316619444444444 0.6276256914109413 8.187314326839418 0 0.5363198945669486 0 10.648740087182686
5.3332194444444445 0.6380861196011236 8.185518199499857 0 0.5381547343397858 0 10.638240946559227
5.349991666666667 0.715002833492668 8.174538281977256 0 0.5526432326619289 0 10.55781565186814
5.366633333333334 0.8264835253265553 8.1604174353228 0 0.5738142957135938 0 10.439284743637042
5.383291666666667 0.8961556564740962 8.151127817836464 0 0.5866558257682386 0 10.366060699921197
5.399980555555556 0.9852582507486646 8.139006359791297 0 0.6023851532833194 0 10.273350236176716
5.416630555555556 0.9852582507486646 8.139006359791297 0 0.6023851532833194 0 10.273350236176716
5.433308333333334 1.0812451041799116 8.126586952119466 0 0.6191640647197981 0 10.173003878980824
5.449952777777778 1.1440153128955572 8.119109937945723 0 0.6303135901948071 0 10.10656115896391
5.4666194444444445 1.2935669744327887 8.099670977214373 0 0.6574122745085536 0 9.94934977384428
5.483272222222222 1.3151264240066685 8.096687351424778 0 0.6609920965700348 0 9.927194127998517
5.499936111111111 1.405959757340002 8.084537988947549 0 0.678615047389707 0 9.830887206322739
5.516611111111111 1.4983326386959341 8.07218393998333 0 0.6965387762032662 0 9.732944645117467
5.5332944444444445 1.5955548609181562 8.059479021950544 0 0.7149950603562716 0 9.629971056775025
5.549966666666666 1.7237281071484074 8.042690530797163 0 0.740107970983779 0 9.493473391070646
5.5666472222222225 1.8986292488654257 8.019888626470317 0 0.7762897872865917 0 9.30519233737766
5.583266666638889 1.8986292488654257 8.019888626470317 0 0.7762897872865917 0 9.30519233737766
5.5999694444444446 2.0412613830269866 8.001579142354359 0 0.8049896157595563 0 9.152169858859095
5.616591666666666 2.1542557333094727 7.987172362693342 0 0.8281534575674658 0 9.030418446429717
5.6333 2.346129248865426 7.9634313543885655 0 0.867288753048686 0 8.823150643697321
5.649988888888889 2.4627959155320926 7.9489869099441215 0 0.890899864159797 0 8.697317310363987
5.666627777777777 2.581921598592202 7.933283473804452 0 0.9171617887684846 0 8.567633138834857
5.683313888888889 2.659455267628987 7.922283664102203 0 0.935988214698375 0 8.482272853570434
5.699963888888889 2.70377952208947 7.916821725170573 0 0.9443657960544591 0 8.435032956685497
5.716658333333333 2.9588705967707085 7.88286676854682 0 1.0007142416103234 0 8.157548393072146
5.733272222222222 2.9588705967707085 7.88286676854682 0 1.0007142416103234 0 8.157548393072146
5.749980555555555 3.0905372634373753 7.865366768546819 0 1.031269797165879 0 8.012826170849923
5.766594444444444 3.360537263437375 7.8298795190021915 0 1.0933326386959337 0 7.716250578864495
5.783219444444445 3.360537263437375 7.8298795190021915 0 1.0933326386959337 0 7.716250578864495
5.79997777775 3.6423496495940237 7.793240174739897 0 1.15752207403291 0 7.406888101633165
5.816577777777778 3.6423496495940237 7.793240174739897 0 1.15752207403291 0 7.406888101633165
5.833325 3.9351274273718015 7.755808480750828 0 1.2231960266740758 0 7.085868065203294
5.85 4.084307755240654 7.7371181037942645 0 1.256825738631101 0 6.921748402333979
5.866580555555555 4.166532218269496 7.726127096628239 0 1.2772056445551814 0 6.830135040547082
5.883283333333333 4.23597442190732 7.718010635670404 0 1.290842132073724 0 6.755172810348551
5.899961111111111 4.39347442190732 7.6972365008798755 0 1.3268029699607913 0 6.582486107252011
5.916641666666667 4.631216926233433 7.666963673211171 0 1.3783872010900704 0 6.323432199465323
5.933322222222222 4.797036135272982 7.645150018131213 0 1.4166760069887585 0 6.141137839607045
5.94997777775 5.048460297613535 7.611318421783829 0 1.4777210490568367 0 5.862500231545797
5.966563888888889 5.048460297613535 7.611318421783829 0 1.4777210490568367 0 5.862500231545797
5.983316666666667 5.3853865271217325 7.567789277885832 0 1.556787533574141 0 5.4900366614182925
5.9999472222222225 5.473556920236789 7.55679135604209 0 1.5755466443126858 0 5.394105079408432
6.0166611111111115 5.709284832206477 7.523589654533666 0 1.6373101324441974 0 5.129815380815656
6.033330555555556 5.860227455157298 7.501945756537309 0 1.6770778920070388 0 4.960748896298353
6.049980555555556 5.946913298263957 7.490344147699533 0 1.697459275410778 0 4.865283278625729
6.066594444444444 6.005298076626223 7.480505078571207 0 1.7161127319317093 0 4.798084112870856
6.083322222222222 6.279186965515112 7.439393967460096 0 1.7905571763761536 0 4.490861890648634
6.099991666666667 6.410792426908709 7.418796039023186 0 1.8262163100861348 0 4.34419522398197
6.116666666666666 6.534349896576209 7.3995962613071535 0 1.8594523941835692 0 4.206601447933069
6.133272222222222 6.534349896576209 7.3995962613071535 0 1.8594523941835692 0 4.206601447933069
6.149952777777778 6.650183229909542 7.381540705751599 0 1.8897301719613468 0 4.078545892377513
6.166613888888889 6.787688899618442 7.358610467084816 0 1.9298126225105026 0 3.92388801078624
6.183275 6.889055019837022 7.341943800418149 0 1.9585011471006664 0 3.8105000326441636
6.199997222222223 7.062274242845234 7.313767636071748 0 2.007472523231761 0 3.616485597851257
6.216627777777778 7.074914555804055 7.309990024551445 0 2.0160931922498198 0 3.599002227394679
6.233327777777777 7.230179525176746 7.28400898397703 0 2.062627350189867 0 3.4231841406563572
6.249991666666666 7.306185900404432 7.270907891080855 0 2.0875180605723807 0 3.3353881479423313
6.266591666666667 7.306185900404432 7.270907891080855 0 2.0875180605723807 0 3.3353881479423313
6.2832888888888885 7.437918634805963 7.249789524868018 0 2.1325305640455676 0 3.1797612762804497
6.299975 7.428052191182431 7.2497257890397595 0 2.135464086107707 0 3.186757933670101
6.316655555555555 7.546297505479915 7.231387885523757 0 2.1741107097650576 0 3.048203899231269
6.333297222222222 7.546297505479915 7.231387885523757 0 2.1741107097650576 0 3.048203899231269
6.349991666666667 7.567311350906519 7.225861236500121 0 2.1922409382083963 0 3.014586474384962
6.3665722222222225 7.6259332067549614 7.21712559044179 0 2.2087782871785366 0 2.948162915624711
6.383319444444444 7.68764996449631 7.204830508474576 0 2.2404995986539467 0 2.8670199283751647
6.399997222222222 7.70965816121762 7.199443441079312 0 2.255472276249575 0 2.8354261214534886
6.416658333333333 7.726969837300483 7.194528186842024 0 2.2690127658917594 0 2.8094892099657303
6.433325 7.775775128998479 7.186334323878416 0 2.285637802716699 0 2.7522527444064018
6.4499611111111115 7.735345543515171 7.190728751813776 0 2.2805993948936423 0 2.7933263097774064
6.466658333333333 7.737060217344322 7.186835077645025 0 2.29922370411534 0 2.77688100089531
6.483297222222222 7.691115397871598 7.19237204627272 0 2.2918996928412105 0 2.8246128630144676
6.49995 7.76551976930189 7.180948097635406 0 2.3183128395678017 0 2.7352192934948967
6.516627777777778 7.7138722175913035 7.187098962674816 0 2.3099520700194494 0 2.789076749714426
6.533330555555556 7.637576542968065 7.1953414503421556 0 2.304664850740263 0 2.862417155949512
6.549994444444445 7.635606572813433 7.1932877188107796 0 2.3160389460035193 0 2.855066762372263
6.56665 7.601412583742394 7.196438902781635 0 2.3155835725973266 0 2.8865649408786385
6.583280555555556 7.601412583742394 7.196438902781635 0 2.3155835725973266 0 2.8865649408786385
6.599927777777777 7.556134805964618 7.200605569448301 0 2.313639128152882 0 2.9296204964341945
6.616641666666666 7.442646257232957 7.213437172134941 0 2.2970220932651295 0 3.0468944773669677
6.633330555555555 7.3960164088790075 7.215682982927356 0 2.299622734710259 0 3.0886778734833755
6.649961111111111 7.40272855140238 7.2131239374402485 0 2.3072434590273816 0 3.076904052129986
6.666566666666666 7.2647211505320985 7.2317591255615925 0 2.27595567681976 0 3.2275640470865463
6.683266666638889 7.266674153314191 7.2307037448674 0 2.280281714056373 0 3.2223403877620327
6.699927777777778 7.192871785372478 7.240221049056836 0 2.2661332623259542 0 3.3007739032447287
6.716583333333333 7.111129789138957 7.250456453953258 0 2.251194467599024 0 3.3872192893087583
6.733319444444445 6.9512949103955695 7.271003481537829 0 2.218150609534828 0 3.5595509985317717
6.749988888888889 6.861404200013056 7.282478891373893 0 2.1984784783872873 0 3.657638430225761
6.766599999972223 6.819417901708414 7.285839757748149 0 2.195602042626404 0 3.69914029791703
6.783272222222222 6.663589992362783 7.308161951483181 0 2.155855527567614 0 3.8723925285864165
6.799961111111111 6.556212943182456 7.321823153668975 0 2.1329047078954835 0 3.9890591952530836
6.816599999972222 6.52422632830107 7.3247278565033485 0 2.1293820814423756 0 4.021663733753203
6.8333 6.282559661634406 7.354727856503348 0 2.0782709703312645 0 4.284441511530981
6.849991666666667 6.202517699968268 7.365852536451381 0 2.0570424844788393 0 4.374587279101512
6.8665972222222225 6.025323778209996 7.387250625173659 0 2.0206252508412827 0 4.566800345775062
6.883277777777778 6.025323778209996 7.387250625173659 0 2.0206252508412827 0 4.566800345775062
6.899975 5.7998123340272105 7.418571339640488 0 1.96600960801194 0 4.81560671832036
6.916599999972222 5.735920317372109 7.426380861967829 0 1.9546097681454724 0 4.883089052514589
6.933330555555556 5.424823330554784 7.467793291346362 0 1.8827312370720257 0 5.224652141026828
6.949988888888889 5.348407906778876 7.477134420578219 0 1.8677492806382183 0 5.306708392004684
6.966647222222222 5.181721774567009 7.501591896352506 0 1.8227706694482524 0 5.493915659632229
6.983294444444445 5.018060572381217 7.523449819849775 0 1.7836996311968862 0 5.67478997657212
6.999988888888889 4.7680926028835176 7.556073060418018 0 1.7253552684387636 0 5.950479068259701
7.016641666666667 4.602259269550185 7.578295282640241 0 1.6845219351054301 0 6.1349235127041455
7.033330555555556 4.52681239627887 7.58909844416406 0 1.66301963052882 0 6.2210695290282505
7.049988888888889 4.369327849114129 7.610792649466677 0 1.6224623090820454 0 6.39741719233715
7.066630555555555 4.214409816327245 7.632851895943524 0 1.5820395308249273 0 6.570698756904305
7.083327777777778 3.975761091043809 7.6670105386536935 0 1.5207282849101047 0 6.836500085392392
7.099936111111111 3.823816646599364 7.689308518451672 0 1.4800717192535393 0 7.006803115695422
7.116580555555555 3.823816646599364 7.689308518451672 0 1.4800717192535393 0 7.006803115695422
7.133288888888889 3.61681508372848 7.718487454727911 0 1.423137988371971 0 7.241559473171637
7.149969444444444 3.4474434989003537 7.74227320202023 0 1.3830719965960139 0 7.427211302483401
7.166555555555555 3.3899861072520143 7.750163419895056 0 1.3659031495939236 0 7.493947323259005
7.183305555555555 3.11396151708808 7.789177081097242 0 1.2933266468616826 0 7.803534754952993
7.199980555555555 3.0305823337618896 7.801423020324879 0 1.2720270985034063 0 7.895967547409824
7.216655555555556 2.849517072643635 7.827649303319466 0 1.2211044246394607 0 8.101729199397436
7.23325 2.849517072643635 7.827649303319466 0 1.2211044246394607 0 8.101729199397436
7.249894444444444 2.723834012534346 7.8461156848827835 0 1.1865534624156546 0 8.243496840167216
7.266655555555555 2.479979238059956 7.881475095418633 0 1.1189665812861227 0 8.51957908523529
7.28325 2.479979238059956 7.881475095418633 0 1.1189665812861227 0 8.51957908523529
7.299925 2.363039347349573 7.89858019136475 0 1.0855951236676198 0 8.652785337618058
7.316630555555555 2.1363271433422866 7.932378656105839 0 1.0187768827100345 0 8.912517317841841
7.333236111111111 2.1363271433422866 7.932378656105839 0 1.0187768827100345 0 8.912517317841841
7.34995 2.0293826988978423 7.947517544994728 0 0.9869713271544789 0 9.036128428952955
7.366569444444444 1.9241914420672412 7.961865310162165 0 0.9559148608521112 0 9.158028386918486
7.383286111111111 1.7219692198450187 7.989993965132925 0 0.8956517029573744 0 9.392385112064684
7.39995 1.693740216241002 7.993702526626093 0 0.8867287463736692 0 9.425828510759237
7.416658333333333 1.5305165786792625 8.017410562057718 0 0.838108955291676 0 9.613963903971344
7.433244444444444 1.5305165786792625 8.017410562057718 0 0.838108955291676 0 9.613963903971344
7.449997222222223 1.353496804667963 8.043177428126178 0 0.7853126220691213 0 9.818013145136737
7.466636111111111 1.3313083324602915 8.04644376934418 0 0.7788966675096176 0 9.843351230685911
7.483291666666666 1.2685241270723346 8.055687777521774 0 0.7601842895637396 0 9.915603805842151
7.499986111111111 1.1862836899138647 8.06791235005835 0 0.7352239511184724 0 10.010580008909312
7.516611111111111 1.108505912136087 8.079856794502794 0 0.7105017288962503 0 10.101135564464867
7.5333194444444445 1.0513054473700318 8.088272446387023 0 0.6923181423803675 0 10.16810396386258
7.549988888888889 0.9933997470561745 8.096577878616985 0 0.6740115868928611 0 10.23601078743398
7.566577777777778 0.9357631018362799 8.104599521008597 0 0.6565007174078062 0 10.303136659747318
7.583316666666667 0.8792881455166116 8.112614910581643 0 0.6389499398205335 0 10.369147004081213
7.599888888888889 0.8261842936169136 8.120420030167978 0 0.6214763023627247 0 10.431919373852388
7.616602777777778 0.7196252103571746 8.136284936966767 0 0.5870666030808149 0 10.557023249595247
7.633286111111111 0.7196252103571746 8.136284936966767 0 0.5870666030808149 0 10.557023249595247
7.649991666666667 0.6175209344643665 8.151414297389797 0 0.5548937522833479 0 10.676171015862492
7.666658333333333 0.5665380198203205 8.158775916670924 0 0.5389916273290148 0 10.73569443617974
7.68325 0.5665380198203205 8.158775916670924 0 0.5389916273290148 0 10.73569443617974
7.699997222222223 0.473224043715847 8.172041768189464 0 0.5106786607652755 0 10.844055527329415
7.716636111111111 0.473224043715847 8.172041768189464 0 0.5106786607652755 0 10.844055527329415
7.733286111111111 0.38437871228320275 8.185318946516542 0 0.4814328054362296 0 10.948869535764027
7.7499416666666665 0.33921675774134796 8.191659367550242 0 0.4684276085199978 0 11.000696266188413
7.766644444444444 0.33921675774134796 8.191659367550242 0 0.4684276085199978 0 11.000696266188413
7.7833194444444445 0.25887025034947264 8.202124144335524 0 0.44447850504030784 0 11.094527100274695
7.799988888888889 0.22019255789747597 8.207333449359385 0 0.43244227896983906 0 11.140031713773299
7.816580555555555 0.22019255789747597 8.207333449359385 0 0.43244227896983906 0 11.140031713773299
7.833275 0.15453551912568303 8.21686678849402 0 0.41073105958499767 0 11.217866632795298
7.849997222222222 0.122600532436598 8.221572774523782 0 0.40117715512991214 0 11.254649537909707
7.866655555555556 0.09380931837791198 8.225649251046338 0 0.39243620307192745 0 11.288105227503824
7.883283333333333 0.09380931837791198 8.225649251046338 0 0.39243620307192745 0 11.288105227503824
7.899930555555556 0.07292128193767537 8.228144275849393 0 0.3854750193711687 0 11.313459422841765
7.916633333333333 0.05126745598057073 8.230838629595665 0 0.37796772255042244 0 11.339926191873344
7.933247222222223 0.022910639665702347 8.23461345094443 0 0.3658873925043688 0 11.3765885168855
7.949913888888889 0.022910639665702347 8.23461345094443 0 0.3658873925043688 0 11.3765885168855
7.966622222222222 0.015524093392945854 8.235157292892241 0 0.3618233740954102 0 11.387495239619405
7.983330555555556 0.0026881720430107525 8.23539835920611 0 0.3547860666600004 0 11.407127402090884
7.999994444444445 0 8.235467193401869 0 0.3527233799931115 0 11.411809426605023
