# SectorTime BundlesHandled
0 232.8066530318813
0.08333333333333333 242.60063710665173
0.16666666666666666 254.25510565005033
0.25 266.44999757772484
0.25546944444444447 267.2216626731609
0.25827222222222224 267.59972451432196
0.26106111111111113 267.9733849138248
0.26385277777777777 267.9733849138248
0.26663888888888887 268.34272553992304
0.26942777777777777 268.70781555952743
0.273775 269.4286234268537
0.276575 269.7819493728782
0.2793638888888889 270.13130536445306
0.28215555555555555 270.13130536445306
0.28494444444444444 270.47677343713883
0.28773611111111114 270.8184029756837
0.2919388888888889 271.4929168927155
0.29473333333333335 271.8236560851777
0.29752222222222224 272.150820397723
0.3003138888888889 272.4748580406954
0.3031027777777778 272.79540644684556
0.30589444444444447 273.1121355025554
0.31014444444444444 273.42562305448365
0.31293611111111114 273.73579817346723
0.3157249999722222 274.0427034213177
0.31851666666666667 274.34678234573624
0.32130555555555557 274.6476937813588
0.32408611111111113 274.9450892512172
0.3283388888888889 275.23962866674805
0.33113055555555554 275.53098106848955
0.33391944441666666 275.8193604865398
0.3367111111111111 276.10518766920165
0.3395 276.3881230473564
0.3422861111111111 276.66783849136607
0.3464305555555556 276.9447197699459
0.34921944444444447 277.21884601092796
0.3520083333333333 277.490253550259
0.3547888888888889 277.75933344460736
0.35757777777777777 278.02577530077576
0.36036944444444446 278.28926124190434
0.364775 278.55078664805313
0.3675583333333333 278.8097718196702
0.3703472222222222 279.0662667492525
0.3731305555555556 279.32064652213563
0.3759194444444444 279.57259923286284
0.37871111108333333 279.82181885490365
0.38298611111111114 280.0689931260644
0.385775 280.3138073757026
0.38856666666666667 280.5563336416993
0.39135555555555557 280.7969416670788
0.3941472222222222 281.035326117317
0.3969361111111111 281.27117451446765
0.40105833333333335 281.5047572043039
0.4039277777777778 281.736325131019
0.40671944444444447 281.96579210488613
0.4095083333333333 282.1935152270217
0.4123 282.4191867894984
0.4150888888888889 282.64250460381356
0.4195083333333333 282.8642048852837
0.42230833333333334 283.0839468536837
0.42509444444444444 283.30173600192114
0.427875 283.5179170986706
0.4306555555277778 283.73218970819204
0.4334472222222222 283.9442747352128
0.4374388888888889 284.1544309397441
0.4403166666666667 284.3628919657363
0.4431083333333333 284.5695599084581
0.4458972222222222 284.7747645422223
0.4486888888888889 284.9782192404396
0.45147777777777776 285.17963045506406
0.45594444444444443 285.37997123167816
0.45873055555555553 285.57859397266935
0.4615194444444444 285.7755476149968
0.4643111111111111 285.9711582956542
0.4671 286.1651350325272
0.4698888888888889 286.3571993407394
0.4739083333333333 286.5477300016108
0.4767527777777778 286.73665433692275
0.47954166666666664 286.92402631067296
0.48233333333333334 287.1101664098192
0.48512222222222223 287.2947931748261
0.48791111111111113 287.47762970420723
0.49195555555555553 287.6589132076902
0.49478055555555556 287.8387853161364
0.49756944444444445 288.0172332879012
0.5003611111111111 288.6961628000685
0.5031388888888889 288.87075617242084
0.5059305555555556 289.043678045589
0.51 289.21524394555877
0.5128055555555555 289.38547719139
0.5155861111111111 289.5543643623333
0.518375 289.7222134268033
0.5211666666666667 289.8887598726264
0.5239444444444444 290.05371815108396
0.5282138888888889 290.21770708665593
0.5310055555555555 290.38043099986226
0.5337944444444445 290.54190798653065
0.5365861111111111 290.70243000803134
0.539375 290.86173132974875
0.5421555555555555 291.01953969864957
0.5464361111111111 291.1763566843337
0.5492694444444445 291.33205043027743
0.5520527777777777 291.48656750063867
0.5548444444444445 291.64020232755684
0.5576333333333333 291.79269488810394
0.560425 291.9437924496582
0.5646083333333334 292.0939187853075
0.5674111111111111 292.2429344235909
0.5701999999722223 292.3908549711237
0.5729916666666667 292.5379603949368
0.5757805555555555 292.68399596112215
0.5785694444444445 292.82871062756755
0.5827083333333334 292.97242064776486
0.5855138888888889 293.4979692666943
0.5883 293.6387449188706
0.5910888888888889 293.77877783506403
0.5938777777777777 293.9178105161418
0.5966694444444445 294.05559904178625
0.6008444444444444 294.19257171109285
0.6036277777777778 294.328566529688
0.6064138888888889 294.463600367892
0.6091944444444445 294.59792749564673
0.6119833333333333 294.73131527285767
0.614775 294.8635245932628
0.6189611111111111 294.9949286764674
0.6217638888888889 295.1254137457798
0.6245472222222223 295.25499251160375
0.6273277777777778 295.3839164060966
0.6301166666666667 295.5119667792879
0.6329083333055555 295.6388995064396
0.6370055555277778 295.7648613284167
0.6397972222222222 295.88996917193975
0.6425861111111111 296.0142316921958
0.6453777777777778 296.1379104803634
0.6481611111111111 296.26075299229643
0.65095 296.38253175795865
0.6549694444444445 296.5033098494381
0.6578388888611111 296.62337488733
0.6606277777777778 296.7426417177138
0.6634166666666667 296.86135737404396
0.6662083333333333 296.9792950530064
0.6689972222222222 297.39706011621547
0.6733 297.5129247440592
0.6760916666666666 297.6279440406997
0.6788805555277778 297.7422110000335
0.6816722222222222 297.8559796797846
0.6844611111111111 297.96900899405324
0.6872472222222222 298.0810729312209
0.6914833333333333 298.1924520453936
0.6942972221944445 298.3031291015918
0.6970777777777778 298.41309005163856
0.6998611111111112 298.52257185767064
0.7026527777777778 298.63137030783906
0.7054416666666666 298.73925152679755
0.7095749999722222 298.84656641728947
0.7123666666666667 298.9531187147965
0.7151555555555555 299.0590029728208
0.7179472222222222 299.1644511623476
0.7207361111111111 299.2692423538088
0.723525 299.37208923160637
0.7277972222222222 299.4758154193873
0.7306027777777778 299.5789184907407
0.7333916666666667 299.6813842289727
0.7361833333333333 299.78322418697553
0.7389722222222223 299.8844384353828
0.74175 299.98371722421774
0.7458055555555556 300.08361098447574
0.7486916666666666 300.1829948403293
0.7514805555555556 300.5279387746118
0.7542722222222222 300.6256799970938
0.7570611111111111 300.96646727573335
0.7598416666666666 301.30548726253744
0.7641166666666667 301.98108545388607
0.7669055555555555 302.3187736103
0.7696861111111111 302.56316365357566
0.772475 302.6549410580399
0.7752583333333334 302.9881093422794
0.7780472221944444 303.3185700039384
0.7822388888888889 303.9791184250739
0.7850388888888888 304.3092452151108
0.7878277777777778 304.55202257893814
0.7906166666388889 304.63793426817887
0.7933972222222222 304.96375087127325
0.7961833333333334 305.2879238132965
0.8002083333333333 305.69292781488485
0.803 306.01447351026474
0.8057805555555556 306.25424514544227
0.8085722222222222 306.5739864129837
0.8113611111111111 306.8923574036197
0.8141444444444444 307.2091452395472
0.8182833333333334 307.6010531234891
0.8211361111111111 307.91556515107453
0.8239222222222222 308.1541285483574
0.8267111111111111 308.4669767511653
0.8295 308.7785084310443
0.8322916666666667 309.0874703127986
0.8364472222222222 309.4672346278831
0.8392361111111111 309.77509657716297
0.8420138888888888 310.01259657207186
0.8447944444444444 310.31879877209536
0.8475833333333334 310.623724838955
0.8503722222222222 310.927175698254
0.8544611111111111 311.29469356309033
0.8573222222222222 311.5960681406982
0.8601111111111112 311.83265893149115
0.8629027777777778 312.1325409534678
0.8656916666388889 312.43120873273296
0.8684833333333334 312.7284508193907
0.8726555555555555 313.0847286431543
0.8754416666666667 313.3800976844291
0.8782305555555555 313.6159596230294
0.8810222222222223 313.9098461929606
0.8838111110833333 314.2025599944536
0.8866 314.49289692166246
0.8907472222222222 314.8381097554273
0.893525 315.12763946245826
0.8963138888888889 315.3628814921656
0.8990972222222222 315.6509920664525
0.9018861111111112 315.937962178334
0.904675 316.2225379125533
0.9088916666666667 316.5575113581405
0.9116861111111111 316.84179125798914
0.9144777777777777 317.0766081914463
0.9172666666666667 317.359333520108
0.9200583333333333 317.6409677873335
0.9228416666666667 317.92015887990084
0.9268055555555555 318.2442046977712
0.9296611111111112 318.5227538846104
0.9324388888888889 318.7571186525257
0.9352305555555556 319.03419446230606
0.9380111111111111 319.31020758551557
0.9408 319.5837504293409
0.9451388888888889 319.89779224416003
0.9479305555555556 320.1714063873172
0.9507194444444445 320.40565895174035
0.9535111111111111 320.6778259659346
0.9563 320.9489736978637
0.9590916666666667 321.2179212610217
0.9632472222222223 321.5225076083933
0.9660361111111111 321.79127476839767
0.9688277777777777 322.02539558076967
0.9716166666666667 322.29277189149093
0.9744027777777777 322.55915452749457
0.9771888888888889 322.82331152104956
0.981425 323.1184796655003
0.984275 323.382649501772
0.9870527777777778 323.616838029784
0.9898388888888889 323.8796863258636
0.9926277777777778 324.1415731488829
0.9954194444444444 324.4022964057121
0.9994166666666666 324.6873485721461
1.0022638888888888 324.8786556615028
1.0050444444444444 325.04481795849637
1.0078361111111112 325.2351127384753
1.010625 325.4246041731701
1.0134138888888888 325.61208981880003
1.0176055555555557 325.82218897156673
1.0204416666666667 326.0101087131474
1.0232333333333334 326.17616169848236
1.0260222222222222 326.36311914208414
1.028813888888889 326.54929946938483
1.0316027777777779 326.7344917069285
1.0358166666666666 326.9378419127927
1.0385944444444444 327.1223940776364
1.0413833333333333 327.28839257419526
1.044175 327.4719799838247
1.0469638888888888 327.6548116257326
1.0497555555555556 327.8366799681487
1.0539027777777779 328.0329606952165
1.0567083333333334 328.2139619584032
1.0595 328.3799377565399
1.0622888888888888 328.5600286043925
1.0650722222222222 328.7393818630434
1.067863888888889 328.9177897611805
1.071938888888889 329.10749095482834
1.0747888888888888 329.28518466100275
1.0775777777777777 329.4511697564271
1.0803694444444445 329.6280200063895
1.0831583333333332 329.8041628328762
1.08595 329.90383060386677
1.0900388888888888 330.01196332686476
1.0928888888888888 330.1116223600768
1.0956777777777778 330.2021591226911
1.0984694444444445 330.3011219160935
1.1012583333333332 330.39956073245304
1.1040472222222222 330.4972599343095
1.1080277777777778 330.60163912363976
1.110875 330.69926073148775
1.1136666666666666 330.78964799163623
1.1164555555555555 330.88659218120347
1.1192472222222223 330.98302806430496
1.122036111111111 331.07874213319195
1.1262027777777779 331.1797195717661
1.1289916666666666 331.2757059196833
1.1317833333333334 331.36610535496067
1.1345722222222223 331.4613824605014
1.1373638888888888 331.55617137516623
1.1401527777777778 331.65025293712046
1.1443194444444444 331.7481586367721
1.1471111111111112 331.84264109378245
1.1499 331.9330904673021
1.152691666638889 332.02689830181333
1.1554805555277778 332.120234316362
1.1582694444444444 332.2128745004868
1.162475 332.3071551354686
1.1652777777777779 332.3998751060205
1.1680666666666666 332.49044866278666
1.1708583333333333 332.4995382138819
1.1736472222222223 332.5083697814164
1.176436111111111 332.5167256533167
1.1805138888888889 332.52646168089257
1.1833805555555557 332.5359464509143
1.1861722222222222 332.5436583603849
1.1889611111111111 332.5527420185102
1.1917527777777779 332.56157275538453
1.1945416666666666 332.56993614894947
1.1986916666666667 332.579723121587
1.2014833333333332 332.58929720445303
1.2042722222222222 332.5970865150379
1.207063888888889 332.60618671735074
1.2098527777777779 332.6150391634786
1.2126444444444444 332.6234293909832
1.216836111111111 332.6331877270418
1.2197055555277778 332.64288433089706
1.2224944444166668 332.6526262964121
1.225286111111111 332.66212427996896
1.228075 332.67116618344164
1.230863888888889 332.6786762423057
1.23485 332.6871253114191
1.2376972222222222 332.6965988956762
1.2404861111111112 332.7061074920627
1.2432777777777777 332.7153771280036
1.2460666666666667 332.72419549285905
1.2488583333333334 332.73147866643205
1.2527972222222221 332.73413715843736
1.25565 332.73778882098753
1.2584416666666667 332.74040982192196
1.2612305555555556 332.7441255748578
1.2640194444444444 332.74519515882076
1.266811111111111 332.748687287137
1.2708722222222222 332.75453842856444
1.2736611111111111 332.75791979784225
1.27645 332.76150137177956
1.2792333333333332 332.763900723739
1.2820222222222222 332.7648632108142
1.284813888888889 332.76800413691114
1.288836111111111 332.77310932883523
1.2916666666666667 332.7762229984822
1.2944444444444445 332.7785131310659
1.2972305555555557 332.78164453874786
1.3000194444444444 332.7824780959693
1.3028111111111111 332.78515872108363
1.306988888888889 332.79105094465456
1.3097777777777777 332.7941256428799
1.3125694444444445 332.79637762203544
1.3153583333333334 332.79946160937925
1.31815 332.8002750480464
1.3209388888888889 332.8029142346196
1.3250694444444444 332.80869254989267
1.3279583333333334 332.8117480316039
1.3307472221944445 332.81511230880045
1.3335388888888888 332.817413714548
1.3363277777777778 332.81826534731243
1.3391194444444445 332.8209831639119
1.3432861111111112 332.8269631726153
1.346075 332.8301944154502
1.3488666666666667 332.8325693405502
1.3516555555555556 332.83581314076986
1.3544472222222221 332.83665968802205
1.357236111111111 332.8394668629057
1.3612722222222222 332.84540449599825
1.364063888888889 332.84819780232124
1.3668527777777777 332.8502747830751
1.3696444444444444 332.85308492034096
1.3724333333333334 332.853798352261
1.375225 332.8561711032029
1.3793055555555556 332.8612279495893
1.3821194444444445 332.8637868154024
1.3849111111111112 332.8665961879561
1.3877 332.8685664836931
1.3904916666666667 332.86919134545525
1.3932805555555556 332.8713523183524
1.3974694444444444 332.87606932190977
1.4002611110833334 332.87869508516184
1.4030499999722221 332.88145704792566
1.4058416666666667 332.8842162208495
1.4086277777777778 332.8847531876292
1.4114194444444443 332.8858002036325
1.4155861111111112 332.8902017042466
1.4183777777777777 332.8925653190062
1.4211694444444445 332.8951346812818
1.4239583333333334 332.89770962614756
1.4267472222222222 332.89828133223523
1.4295361111111111 332.89916478396896
1.433586111111111 332.9030796623104
1.4363777777777778 332.90546552379686
1.4391666666666667 332.907976316023
1.4419555555555557 332.910484316884
1.4447472222222222 332.9109702732625
1.4475361111111111 332.9117870311917
1.4515527777777777 332.915597540085
1.4543583333055556 332.9173801760681
1.4571472221944444 332.9193967713124
1.459938888888889 332.92141336655675
1.4627277777777778 332.92180518492256
1.4655194444444444 332.92209976384396
1.4695 332.9250068617968
1.4723722222222222 332.92676434796584
1.475163888888889 332.92876419723353
1.4779527777777777 332.93077241667464
1.4807444444444444 332.9311361297849
1.4835333333333334 332.93128895734833
1.4876361111111112 332.9341007976907
1.4904277777777777 332.9357576350456
1.4932055555555555 332.93723403814005
1.4959972222222222 332.93883983729745
1.4987861111111112 332.9389735289578
1.5015777777777777 332.94014422745613
1.505638888888889 332.9429914178444
1.5084305555555555 332.94460076250056
1.5112194444444444 332.9464082792446
1.5140083333333334 332.947902848723
1.5167999999722221 332.94801762499134
1.5195888888888889 332.9491939265303
1.5236222222222222 332.9518956902128
1.5264166666666668 332.95321721965996
1.5292055555555555 332.95450813415954
1.5319944444444444 332.95584766932456
1.5347861110833334 332.95588822050104
1.537575 332.95678833562323
1.5416972222222223 332.95906876118784
1.544486111111111 332.9602505146288
1.5472777777777778 332.96136639804047
1.5500666666666667 332.96251526459827
1.5528583333333332 332.9625357326565
1.5556472222222222 332.9632490300226
1.5597138888888888 332.96520845148336
1.5625222222222221 332.9663034680537
1.565313888888889 332.9673310543668
1.5681027777777778 332.968437794584
1.5708944444444444 332.9685102790996
1.5736833333333333 332.96918204650547
1.577788888888889 332.9711866844936
1.5806 332.97239347400347
1.583388888888889 332.9734142122432
1.5861805555555555 332.97463306350545
1.588961111111111 332.97481265182347
1.59175 332.97557982407096
1.595788888888889 332.97735790660244
1.5985805555555554 332.9783270155546
1.6013694444444444 332.9792310084309
1.6041611110833334 332.98021426939385
1.60695 332.98028202206
1.6097388888888888 332.98083674501436
1.6138277777777779 332.98257339381604
1.616638888888889 332.9835284429639
1.61942777775 332.98436957509443
1.6222194444444444 332.98534154197824
1.6250083333333334 332.9854609255062
1.627788888888889 332.9859991466201
1.6319805555555555 332.98772475390524
1.6347722222222223 332.98889793079195
1.637561111111111 332.9898563077196
1.6403444444444444 332.991030224946
1.6431333333333333 332.991238693454
1.6459222222222223 332.9919671592096
1.650111111111111 332.99368696050595
1.6528999999722223 332.9948937874727
1.6556916666666666 332.9959572543385
1.6584805555555555 332.99710319859855
1.6612722222222223 332.9971759757513
1.6640611111111112 332.9978871785314
1.6680833333333334 332.9996317903444
1.6709555555277777 333.0005056855029
1.6737472222222223 333.0013868823895
1.676536111111111 333.00234762028975
1.6793194444444444 333.0024101908098
1.6821111111111111 333.0029205266267
1.686313888861111 333.0044083004299
1.6891166666666666 333.00534933356977
1.6919055555555556 333.0062002572989
1.6946972222222223 333.00714132671015
1.697486111111111 333.0072146133082
1.7002666666666666 333.00771663255284
1.7042916666666668 333.00907581677706
1.7071666666666667 333.00993844518877
1.7099555555555555 333.0107835854325
1.7127444444444444 333.011738641321
1.7155361111111112 333.0118428036172
1.718325 333.012361783992
1.7223638888888888 333.0129030523121
1.7251666666666667 333.0148694647639
1.7279555555555555 333.0152888068721
1.7307472221944444 333.0157693545022
1.7335361110833334 333.01625269466774
1.7363277777777777 333.0165203524798
1.7404027777777777 333.0166702337771
1.7432555555555556 333.0184171869041
1.7460472222222223 333.01892818942764
1.748836111111111 333.0193779880674
1.7516277777777778 333.0198305817486
1.7544166666666667 333.0200674035177
1.7584861111111112 333.02104093895
1.761275 333.02153960547645
1.7640666666666667 333.0217674535401
1.7668555555555556 333.0220617555791
1.7696472221944444 333.0221264382855
1.772436111111111 333.02221815290716
1.776441666638889 333.02236523251173
1.7792805555555555 333.0242202066344
1.7820694444444445 333.02433845238187
1.7848555555277779 333.02454029379385
1.7876472222222222 333.0246366462932
1.7904361111111111 333.0246251060201
1.7945472222222223 333.0251037787188
1.797375 333.0256443154018
1.800163888888889 333.0258929705486
1.8029555555555556 333.0262601719355
1.8057388888888888 333.0263737084612
1.8085305555555555 333.02652429774247
1.8127 333.02721545486355
1.8155055555555555 333.0278204365408
1.8182972222222222 333.0281317034598
1.8210861111111112 333.0284848865736
1.8238777777777777 333.0285889265493
1.8266666666666667 333.0287339101277
1.8307111111111112 333.02886984838995
1.8336 333.0308758604423
1.8363888888888888 333.03112631053835
1.8391805555555556 333.0315019326299
1.8419694444444445 333.0316248418417
1.844761111111111 333.0318090382481
1.8488805555555556 333.0326989229718
1.8516833333333333 333.03340176233894
1.854463888888889 333.0337298912694
1.8572555555555557 333.03414758738035
1.8600444444444444 333.03431564982134
1.8628305555277778 333.0335368056711
1.8668722222222223 333.0344156601039
1.869713888888889 333.03495316172956
1.8725055555555556 333.03512064941094
1.8752944444444444 333.035501947917
1.8780861111111111 333.0357078734083
1.880875 333.03587282360115
1.884863888888889 333.0358117031229
1.8877305555555555 333.0374809359147
1.890511111111111 333.03758038355375
1.8933 333.0377261627804
1.8960805555555555 333.03775764006883
1.8988722221944445 333.0376761723142
1.9029194444444444 333.03733073301004
1.9057055555555555 333.0385690039196
1.9084944444444445 333.0385009289492
1.911286111111111 333.03809094735016
1.914075 333.0376753829188
1.916863888888889 333.0362962577558
1.9209944444444444 333.0359971503277
1.9238111111111111 333.03724122204335
1.9266027777777779 333.0373620045188
1.9293916666666666 333.0372449862074
1.9321833333333334 333.0370610688385
1.9349722222222223 333.03583008144915
1.939163888888889 333.0358613895575
1.9419527777777779 333.0373947050798
1.9447444444444444 333.0373230930647
1.9475333333333333 333.037103164467
1.950325 333.03688324304204
1.9531138888888888 333.0356519128054
1.9570805555555555 333.0353156708497
1.9598694444444444 333.0363427705004
1.9626583333333334 333.03607505903994
1.9654444444444445 333.03551176789756
1.9682333333333333 333.0349512767317
1.971025 333.03339594621025
1.9750416666666666 333.03324741670633
1.9778972222222222 333.03444126311257
1.9806861111111111 333.03401678299645
1.9834777777777777 333.0334006638063
1.9862666666666666 333.03272315037157
1.9890583333333334 333.030952518816
1.9932611111111112 333.0306820941816
1.99605 333.03096599210875
1.9988416666666666 333.0306924480348
2.0016305555555554 333.03049330844783
2.0044222222222223 333.0306360304666
2.0072111111111113 333.02930649792296
2.0111944444444445 333.029470781256
2.0140833333333332 333.03047628275954
2.016875 333.03004415326694
2.0196638888888887 333.02980288209227
2.0224555555555557 333.0300399550403
2.0252444444444446 333.02827770678886
2.029436111111111 333.02792352995186
2.032227777777778 333.0279412284626
2.0350166666666665 333.0274340940647
2.0377972222222223 333.0270301614085
2.040586111111111 333.02712460530864
2.0433777777777777 333.0254347719369
2.0477416666666666 333.025463050337
2.0505333333333335 333.0259086821377
2.053322222222222 333.0256170541487
2.056111111111111 333.0256198592912
2.0589 333.0259282586633
2.061688888888889 333.0257104505436
2.065802777777778 333.0255592749621
2.0686444444444443 333.0257771843153
2.0714333333333332 333.02556088945636
2.074222222222222 333.02555247463863
2.0770138888888887 333.0258219249075
2.0798027777777777 333.02559842255744
2.0840833333333335 333.02548368602345
2.086872222222222 333.02580830427814
2.089663888888889 333.0257210993618
2.092452777777778 333.0257715779972
2.095238888888889 333.0259620733435
2.098027777777778 333.02578590051576
2.102113888888889 333.02604069225356
2.104963888888889 333.02654717175113
2.1077555555555554 333.02656593265897
2.1105444444444443 333.02687723233237
2.1133361111111113 333.0272349842747
2.116125 333.02734166038516
2.120188888888889 333.02795764984126
2.123036111111111 333.02841357630587
2.125825 333.028334242302
2.128616666666667 333.02863434905925
2.1314055555555558 333.029009184834
2.1341888888888887 333.02908516613763
2.138161111111111 333.0293428382817
2.1409833333333332 333.02947959472533
2.143775 333.0292324143565
2.146552777777778 333.0291875387058
2.1493444444444445 333.0293929099224
2.152125 333.0291161191463
2.1564444444444444 333.02933455361796
2.1593333333333335 333.02987157048204
2.162125 333.0298218757595
2.164913888888889 333.03023420644126
2.1677055555555556 333.0307105246738
2.1704944444444445 333.03091266857854
2.174513888888889 333.03165747805184
2.177363888888889 333.03224491232083
2.1801555555555554 333.03219397646757
2.1829444444444444 333.0325530457286
2.1857361111111113 333.0330391659809
2.188525 333.03318545482597
2.192588888888889 333.0335718489467
2.1953722222222223 333.03388492812473
2.1981611111111112 333.0336678857583
2.20095 333.03375484129833
2.2037416666666667 333.0340750959413
2.2065305555555557 333.03396085660654
2.210627777777778 333.03366136119485
2.213427777777778 333.0336190393388
2.2162194444444445 333.0333114333757
2.2190083333333335 333.0329860776454
2.2218 333.033051400097
2.224588888888889 333.03230347433004
2.228658333333333 333.031292796368
2.2314694444444445 333.03229822977136
2.234261111111111 333.032014685263
2.23705 333.0317874978462
2.2398333333333333 333.03189556836486
2.2426222222222223 333.0312287303888
2.2467027777777777 333.03050338752763
2.2495583333333333 333.0317156217927
2.25235 333.0315733570809
2.255138888888889 333.0316350631644
2.2579305555555558 333.03190297146756
2.2607194444444443 333.0317522188414
2.264752777777778 333.031405106963
2.2676083333333334 333.0314776685244
2.2704 333.0313094455325
2.273188888888889 333.0312421436863
2.2759805555555555 333.03134906117333
2.2787694444444444 333.030863512369
2.282875 333.0307711272968
2.285688888888889 333.031048200954
2.288472222222222 333.03099645345674
2.291261111111111 333.0310301032545
2.294052777777778 333.03116282096016
2.2968416666388887 333.0309977184065
2.3009583333333334 333.03067592365693
2.3037805555555555 333.0306816650153
2.3065694444444444 333.0305671229886
2.309361111111111 333.0303904935445
2.31215 333.03032947016
2.314938888888889 333.02993744159795
2.319011111111111 333.0297415080204
2.321863888861111 333.02986176771145
2.3246555555555557 333.0297475527799
2.3274444444444446 333.02962135865283
2.330236111111111 333.02970799774204
2.333025 333.029155390308
2.337141666638889 333.02860395380856
2.339933333333333 333.0284975488837
2.342722222222222 333.0282305722081
2.3455138888888887 333.02791090981094
2.3483027777777776 333.0278601497665
2.3510944444444446 333.02732832827667
2.3551611111111113 333.0267097104119
2.358 333.0266984371385
2.360788888888889 333.02673409009634
2.3635805555555556 333.02654031813955
2.3663694444444445 333.02655517404054
2.369161111111111 333.026163295622
2.373286111111111 333.0259282019491
2.376113888888889 333.0260877059466
2.3789 333.0259761094132
2.3816888888888887 333.0259256364044
2.3844694444444445 333.0260066343679
2.387261111111111 333.0255097333689
2.39145 333.0254789436939
2.394275 333.02571113598464
2.3970666666666665 333.0255955977295
2.3998555555555554 333.02565448635255
2.4026444444444444 333.02582576255054
2.4054361111111113 333.02545480588907
2.409491666666667 333.0248822760538
2.412322222222222 333.0261079332724
2.415111111111111 333.02621052252374
2.417902777777778 333.02602358224937
2.4206916666666665 333.02610428519523
2.4234805555555554 333.0255683283202
2.427525 333.0243692827354
2.4303666666666666 333.02529887615145
2.4331583333333335 333.02522876900605
2.435947222222222 333.02508653631145
2.4387388888611112 333.0249436835079
2.441527777777778 333.0242309583135
2.4455694444444442 333.022897551806
2.448411111111111 333.02373487175356
2.4512 333.0233883725338
2.453988888888889 333.0233022682744
2.456777777777778 333.02302230777354
2.4595694444444445 333.0222280880946
2.4636416666666667 333.0210119168842
2.4664333333333333 333.0218853966667
2.469222222222222 333.02157246624955
2.4720138888888887 333.02118406153767
2.4748027777777777 333.02088902340233
2.477586111111111 333.01908919171535
2.4817916666666666 333.0185496122438
2.484675 333.0198390852716
2.487466666638889 333.0201264688042
2.4902555555555557 333.0204138523369
2.493047222222222 333.0203857584112
2.495833333333333 333.01912535979625
2.4998472222222223 333.01937697994714
2.502686111111111 333.01952313216026
2.5054749999722223 333.0195007786182
2.5082666666666666 333.0194784249515
2.5110555555555556 333.0193500565476
2.513838888888889 333.01777255450025
2.517897222222222 333.01790554497603
2.5207277777777777 333.01800997532314
2.5235166666666666 333.0179373384535
2.5263055555555556 333.01785911369655
2.5290833333333333 333.0176130498825
2.531875 333.0159999902742
2.5359583333333333 333.0160356606782
2.538788888888889 333.0159361591797
2.541577777777778 333.0156624213319
2.544366666666667 333.01539426847705
2.5471583333333334 333.01498574604784
2.5499472222222224 333.0131922467515
2.5539638888888887 333.0129542682109
2.5567527777777777 333.01253369110344
2.5595444444444446 333.01261382742155
2.562333333333333 333.01174557925447
2.565125 333.01082198928003
2.567913888888889 333.00995635631824
2.5719055555555554 333.0082706943281
2.5746972222222224 333.00748404629314
2.577486111111111 333.00741718067906
2.580277777777778 333.0061843032924
2.583066666666667 333.0050480792599
2.5858555555555554 333.0038189153593
2.589986111111111 333.0015824268789
2.5927777777777776 333.0007738389942
2.5955666666666666 333.0007679951405
2.5983583333333335 332.99952384243227
2.6011472221944443 332.9982930269592
2.603938888888889 332.99705541781844
2.6078805555555555 332.9940881256408
2.6107694444444443 332.99277975721037
2.6135611111111112 332.99270210837216
2.61635 332.9910374287685
2.6191416666666667 332.989482784641
2.6219305555555557 332.9878231191326
2.6260055555555555 332.9849950966247
2.6287944444444444 332.9836447665237
2.631586111083333 332.98341055163684
2.6343694444444443 332.9816253173959
2.6371611111111113 332.980085052465
2.63995 332.97831916738915
2.6441916666666665 332.9753452963786
2.6470555555555557 332.97419316840296
2.6498472222222222 332.9740621700111
2.652633333333333 332.9725460486888
2.655413888888889 332.9711588798155
2.6582055555555555 332.9696249664705
2.662263888888889 332.96666861575983
2.665086111111111 332.96544177714753
2.667875 332.9653432048338
2.6706666666666665 332.963625278057
2.6734555555555555 332.96210011468344
2.6762472222222224 332.96038736238484
2.6804361111111112 332.9575119044414
2.6832277777777778 332.9562317952458
2.6860166666666667 332.95601569591867
2.6888083333055555 332.9542837494639
2.691597222222222 332.952792310956
2.6943888888888887 332.9510683750964
2.698425 332.94764318670934
2.7012472222222224 332.946168113946
2.7040305555555557 332.94596366069015
2.706813888888889 332.94397393244327
2.7096027777777776 332.9422928796218
2.7123944444444446 332.94030634659305
2.7164722222222224 332.9362338364616
2.719261111111111 332.93444393084803
2.7220416666666667 332.9341451861961
2.7248305555555556 332.9318782436393
2.727622222222222 332.9299600187059
2.730411111111111 332.9277138597139
2.734583333333333 332.92368880837535
2.737372222222222 332.921991246056
2.740163888888889 332.92172776676955
2.74295277775 332.9195252622769
2.7457444444444445 332.917663783367
2.7485333333333335 332.9154679129241
2.752572222222222 332.9111784389281
2.7553638888888887 332.9091879743243
2.7581527777777777 332.90879330252335
2.7609444444444446 332.90636402158225
2.763725 332.90433567635114
2.766513888888889 332.9018941664493
2.770525 332.89714176036694
2.7733166666666667 332.8949843268079
2.7761055555555556 332.8945439400275
2.7788944444444446 332.8918935015728
2.781686111111111 332.8897525220921
2.784475 332.8871156578568
2.7885194444444443 332.8819786335225
2.7913916666666667 332.8795922569415
2.7941805555555557 332.8790745271749
2.796963888888889 332.87627858355125
2.7997555555555556 332.87405913824506
2.8025444444444445 332.87126602488695
2.8067361111111113 332.8661425948315
2.8095333333333334 332.8638067787632
2.812325 332.8632301432562
2.815113888888889 332.8604538135873
2.8178972222222223 332.85827924474825
2.8206861111111112 332.85549452534343
2.8247722222222222 332.85009819335744
2.8275888888888887 332.8476874845617
2.8303805555555557 332.8471070106769
2.8331694444444446 332.84418235457144
2.8359611110833334 332.8419536324794
2.83875 332.83904614940843
2.842827777777778 332.834309783708
2.8456166666666665 332.8313610562783
2.8484083333333334 332.83058825137624
2.8511972222222224 332.8274034167286
2.8539833333333333 332.8250189700792
2.8567722221944445 332.82184095082073
2.8607472222222223 332.8172014399333
2.863611111111111 332.81449785772605
2.8664 332.81367691104373
2.8691916666666666 332.81039691074847
2.8719805555277778 332.8080107426838
2.874772222222222 332.8047406219075
2.878963888888889 332.79970437781157
2.881775 332.796982266736
2.8845638888888887 332.7962822475541
2.8873527777777777 332.793276661877
2.8901416666666666 332.791067467933
2.892933333333333 332.78808210869937
2.897125 332.7826086151592
2.899925 332.78006824305675
2.902713888888889 332.7794124327935
2.9055055555555556 332.7766701327133
2.9082944444444445 332.7746057313325
2.911086111111111 332.77188284193915
2.9150444444444443 332.76777289188914
2.9179333333333335 332.7653062228183
2.9207222222222224 332.76453853946015
2.923513888888889 332.7614297761167
2.926302777777778 332.75913537302375
2.9290944444444444 332.7560359734254
2.93315 332.75160568626785
2.9359944444444444 332.7488893494519
2.9387861110833335 332.74796272747136
2.9415638888611113 332.7446525145222
2.9443555555555556 332.7422860691334
2.9471444444444446 332.738985786814
2.9511527777777777 332.7356492835633
2.9540444444444445 332.73084454330564
2.9568333333333334 332.72999797523386
2.959625 332.7268782035858
2.962413888888889 332.7246237938145
2.9651972221944445 332.7215162226822
2.969188888888889 332.7182832874274
2.971980555527778 332.71625900584246
2.974772222222222 332.71300648773763
2.977561111111111 332.7095421028618
2.98035 332.70601081000547
2.9831416666666666 332.702705136691
2.9872472222222224 332.6980288650104
2.990036111083333 332.69585244487314
2.992827777777778 332.6947129516966
2.995616666666667 332.69090028221524
2.9984055555555558 332.6870931810287
3.001186111111111 332.68349473658344
3.0051194444444445 332.67984334842106
3.0079666666666665 332.67738150320514
3.0107555555555554 332.6737746947068
3.0135472222222224 332.6699564480728
3.0163361111111113 332.6660433753712
3.019127777777778 332.6623442604987
3.0234305555555556 332.6588317193574
3.0262555555555557 332.65687709095425
3.0290444444444447 332.6535461584495
3.031833333333333 332.65000088120746
3.0346194444166668 332.6464472448833
3.0374083333333335 332.6431135371569
3.0414694444444446 332.6395737554592
3.0443527777777777 332.63740178732786
3.047141666638889 332.6337413887198
3.049933333333333 332.6298671858981
3.052722222222222 332.6259957678054
3.055513888888889 332.6223381539265
3.0596916666666667 332.61735745803827
3.0625055555555556 332.613904910127
3.0652944444444445 332.6102617763849
3.068086111111111 332.60656814455234
3.070875 332.6044171014826
3.0736666666666665 332.60073739152205
3.0779694444444443 332.59612493259243
3.080808333333333 332.5930495341656
3.083597222222222 332.58980879853266
3.086388888888889 332.58656806289963
3.0891777777777776 332.58485607811167
3.0919694444444445 332.58162510373063
3.095963888888889 332.576913756576
3.098761111111111 332.57365089852385
3.10155 332.5701779349126
3.104327777777778 332.56663208265843
3.1071166666666667 332.5648129854403
3.1098972221944443 332.56125268694944
3.11395 332.55590529497545
3.1167833333333332 332.55236247688816
3.1195722221944444 332.5486490509116
3.1223638888888887 332.54487671135934
3.1251527777777777 332.5429504684831
3.1279444444444446 332.53918949139944
3.132025 332.5338841585028
3.1349027777777776 332.5305655151137
3.1376916666666665 332.5271208582592
3.1404833333333335 332.52364534096415
3.1432611111111113 332.5218916584833
3.14605 332.518412683486
3.1501916666666667 332.51327270828915
3.1529805555555557 332.5097018614015
3.155772222222222 332.5059155570721
3.158561111111111 332.50203104812175
3.1613527777777777 332.50021993573347
3.164138888888889 332.49634434261486
3.1682027777777777 332.4905228369415
3.1709916666666667 332.4867867972662
3.173783333333333 332.4828382452006
3.176572222222222 332.4788279734299
3.1793638888611113 332.47698373378427
3.1821527777777776 332.4729855411454
3.1863805555555555 332.4670038980496
3.1891694444444445 332.4632909641592
3.191961111111111 332.45937641606196
3.19475 332.4554702838614
3.1975416666666665 332.4536268052904
3.2003194444444443 332.44972410131965
3.204641666638889 332.4442857644427
3.207475 332.4411161623985
3.210263888888889 332.4377808557207
3.2130555555555556 332.4344343336314
3.2158444444444445 332.4329660704039
3.2186333333333335 332.42963241347246
3.2226583333333334 332.42449086813957
3.225474999972222 332.42118430377985
3.228263888888889 332.4176896613474
3.2310555555555553 332.41417258646663
3.2338388888888887 332.4126288925109
3.2366277777777777 332.40910846627094
3.2406166666666665 332.4036057018778
3.2434055555555554 332.3999467148331
3.2461972222222224 332.3960718342147
3.248986111111111 332.3921324428707
3.251777777777778 332.3903962416251
3.254566666666667 332.38646871591766
3.2588305555555555 332.38067234857346
3.2616277777777776 332.37726857182196
3.2644194444444445 332.3736568839967
3.2672083333333335 332.36998070773456
3.2699944444444444 332.3683947278869
3.272777777777778 332.3647128990851
3.2768777777777776 332.35922402565774
3.2796666666666665 332.35578343618204
3.2824555555555555 332.352129512862
3.2852444444166666 332.3484475594925
3.2880333333333334 332.34697097719237
3.290825 332.3433084894677
3.29512777775 332.3377518856677
3.297961111111111 332.3345553468781
3.3007472222222223 332.33118430290415
3.3035361111111112 332.3277796119154
3.3063277777777778 332.3264432346889
3.3091166666666667 332.3230487987935
3.3131083333333335 332.3177039356053
3.315897222222222 332.31431983528427
3.318688888888889 332.31071936199555
3.321477777777778 332.30705720566203
3.3242666666666665 332.3056635379855
3.3270583333333335 332.3020096167345
3.3313277777777777 332.29652708026026
3.3341055555555554 332.2933976736169
3.3368972222222224 332.2900460350008
3.339686111111111 332.2878611485158
3.342477777777778 332.286468490621
3.345266666638889 332.2828909462412
3.3493194444444443 332.2772976232583
3.352122222222222 332.2739921103158
3.354902777777778 332.27047849666786
3.3576916666666667 332.26817245430243
3.3604833333333333 332.2666796966705
3.363272222222222 332.2626684839163
3.3673194444444445 332.2567078660437
3.37015 332.25316977620037
3.3729388888888887 332.24945753808527
3.3757277777777777 332.24700905357236
3.3785194444444446 332.24547947112546
3.3813083333055554 332.24150701202774
3.3854444444444445 332.2354283656871
3.388236111111111 332.23190395818904
3.391027777777778 332.2281690423913
3.3938166666666665 332.22439768369395
3.396602777777778 332.22439768369395
3.3993944444444444 332.22040547385836
3.403563888888889 332.21432074345176
3.406386111111111 332.21092809690134
3.409175 332.20734999446165
3.411963888888889 332.20480203498266
3.414747222222222 332.2034979295344
3.4175305555555555 332.19941679483003
3.42185 332.1938115261779
3.424641666638889 332.19081982506543
3.4274305555555555 332.187613958201
3.430222222222222 332.18521988108773
3.433011111111111 332.184131717421
3.435802777777778 332.18065976897316
3.4399805555555556 332.1755121258952
3.4428305555555556 332.1726186857621
3.445611111111111 332.1695585177306
3.448402777777778 332.1664395059297
3.451191666666667 332.1633232959592
3.4539833333333334 332.16253238764364
3.458063888888889 332.15703724991306
3.4608944444444445 332.15384233342843
3.463686111111111 332.1504750111385
3.466466666666667 332.14709652408715
3.46925 332.1437040500532
3.4720305555555555 332.14029200679533
3.4760194444444443 332.13666785214895
3.478861111111111 332.13429721992674
3.48165 332.1305524046077
3.484438888888889 332.1278954506054
3.487222222222222 332.1264767074232
3.490011111111111 332.1221772257151
3.4941416666666667 332.1153207446717
3.4969638888888888 332.11279921456924
3.4997527777777777 332.1090741400022
3.5025444444444442 332.1053014113898
3.505333333333333 332.1015286953556
3.508122222222222 332.0977531767416
3.5122472222222223 332.09401392936036
3.515113888888889 332.09166278660035
3.5179027777777776 332.08810833965276
3.5206944444444446 332.0845146551712
3.5234833333333335 332.08092098227047
3.526272222222222 332.07732730936976
3.530575 332.0737839110705
3.5333666666666668 332.0717652310322
3.5361527777777777 332.0684403435899
3.5389416666666667 332.0650706434652
3.5417249999722222 332.06169536220307
3.5445166666666665 332.0583144790749
3.5488305555555555 332.05508430847607
3.551636111111111 332.05340346819946
3.554425 332.05050366237526
3.5572111110833333 332.04759827364177
3.56 332.04490569641683
3.5627916666666666 332.0422103127293
3.566925 332.03951494407295
3.569811111111111 332.0370073489954
3.5726 332.03437611861557
3.5753805555555553 332.03173371545023
3.5781694444444443 332.0292963248258
3.5809583333333332 332.0268589342013
3.585202777777778 332.0244745866796
3.5879916666666665 332.0221745287626
3.5907833333333334 332.0196579703614
3.5935722222222224 332.0171386202333
3.596363888888889 332.0148385494915
3.59915 332.0125356998634
3.6035555555555554 332.01055118335074
3.6063444444444444 332.00900687835934
3.6091277777777777 332.00724488323254
3.6119166666666667 332.0053738830418
3.6147055555555556 332.0037202896282
3.617497222222222 332.00206389363467
3.6215083333333333 332.00009195915766
3.6243777777777777 331.9981393157506
3.6271666666666667 331.9960449133329
3.6299472222222224 331.9939421348953
3.632738888888889 331.9920623729108
3.6355166666666667 331.9901686509712
3.639686111111111 331.98824138374835
3.642497222222222 331.9862635794823
3.645286111111111 331.9840853343829
3.648077777777778 331.98183439338663
3.6508666666666665 331.9798117169028
3.6536583333333335 331.9778002421209
3.6578361110833333 331.9757580562929
3.6607083333333335 331.97390340252787
3.663491666666667 331.9719123849501
3.6662833333333333 331.9698850300421
3.6690722222222223 331.9680780071384
3.671863888861111 331.96627377645905
3.6759555555555554 331.9643578689368
3.678838888888889 331.9624360032614
3.681627777777778 331.9603891002504
3.6844194444444445 331.95833940214004
3.6872083333333334 331.9565100216045
3.6899972222222224 331.9546778489534
3.6942083333333335 331.95284008187275
3.6970722221944445 331.95119279168887
3.6998527777777777 331.94939738079955
3.7026444444444446 331.94756006231194
3.705433333333333 331.9459603928658
3.708222222222222 331.9443607234198
3.712547222222222 331.9429621227276
3.715375 331.94185186610025
3.7181555555555557 331.9405508013136
3.720947222222222 331.9392413595749
3.723725 331.93815354259414
3.726513888888889 331.9370489346206
3.7306694444444446 331.9358968411142
3.7334583333333335 331.93472515686267
3.736247222222222 331.9333291293997
3.739038888888889 331.9319358950478
3.741827777777778 331.93076421079627
3.7446194444166667 331.92958972688695
3.748788888888889 331.92860521652676
3.7516444444444446 331.9277606550241
3.754436111111111 331.92676120188264
3.757225 331.92576174874125
3.760013888888889 331.9249871466302
3.7628055555555555 331.924223734368
3.766961111111111 331.92348547514695
3.769761111111111 331.9229038942033
3.772552777777778 331.92211101839735
3.775341666666667 331.9213181425913
3.7781305555555558 331.92074775225694
3.7809222222222223 331.92017456429363
3.785061111111111 331.9195734360404
3.7879555555555555 331.91917361141645
3.7907444444444445 331.91865426721796
3.793536111111111 331.91805403145526
3.796325 331.91768217903297
3.7991166666666665 331.917310324538
3.8032777777777778 331.91692449807647
3.806111111111111 331.91651349412757
3.8089 331.9159243967831
3.8116805555555557 331.91531854607115
3.8144694444444442 331.91492153623307
3.817261111111111 331.9145329150104
3.821477777777778 331.91420857904177
3.824263888888889 331.9140128852428
3.8270555555555554 331.9135912486913
3.8298444444444444 331.9131445104704
3.832636111111111 331.91292085293463
3.8354166666666667 331.91268601513957
3.8397027777777777 331.91083891223633
3.8424944444444447 331.91086414608793
3.845283333333333 331.91090339907413
3.848075 331.9113225604813
3.850863888888889 331.91136169487845
3.8536555555555556 331.91140362447277
3.8577055555555555 331.9102300996563
3.8605444444444443 331.91045721191784
3.8633361111111113 331.91066189904177
3.866125 331.9111880273848
3.8689138888888888 331.9113893000956
3.8717055555555557 331.9115905728065
3.8757972222222223 331.91017280077426
3.8785805555555557 331.9101671929547
3.8813694444444446 331.9101307412139
3.884161111111111 331.91055223693485
3.88695 331.9105214863378
3.889738888888889 331.9104879403255
3.8938 331.9102922857849
3.8966555555555558 331.90942133865155
3.8994416666666667 331.9091970283701
3.9022277777777776 331.9095039509437
3.9050083333333334 331.9092579564465
3.9077972222222224 331.9090035736465
3.912063888888889 331.90729482399365
3.914922222222222 331.90747984800754
3.9177138888888887 331.9076368433288
3.9205027777777777 331.9080798507949
3.9232916666666666 331.908244758243
3.926083333333333 331.908409665691
3.9302555555555556 331.90730005946534
3.933116666666667 331.9084061723147
3.9358944444444446 331.90826408930036
3.938675 331.9087639107207
3.9414666666666665 331.90911326949936
3.9442444444444447 331.90944864925376
3.948286111111111 331.90983156781573
3.9510972222222223 331.9101753196131
3.953886111111111 331.9104436368706
3.9566777777777777 331.91049629050525
3.9594666666666667 331.91077299499045
3.9622527777777776 331.9110524952494
3.966363888888889 331.911242537419
3.969152777777778 331.9115499208955
3.9719416666666665 331.9118545108252
3.9747305555555554 331.91215351194865
3.9775194444444444 331.91245251307197
3.980297222222222 331.9127375382092
3.9846055555555555 331.9119275209638
3.9873916666666664 331.9124992445395
3.9901805555555554 331.91306816713325
3.9929694444444443 331.91352551722
3.9957527777777777 331.914081541485
3.998536111111111 331.914623593779
4.002511111111111 331.9149811687719
4.005319444444445 331.9153890141184
4.008111111111111 331.91576894389993
4.0109 331.9161488715647
4.013686111111111 331.9165232120576
4.016475 331.9168919653786
4.020591666666666 331.91732779632923
4.023380555555556 331.9175205929462
4.026172222222222 331.91767986592845
4.028961111111111 331.9178391380232
4.031752777777778 331.9180012048168
4.034541666666667 331.91817444863074
4.038808333333333 331.9183896152633
4.0416 331.9187723503742
4.044388888888889 331.91906012577715
4.047180555555555 331.91935069592574
4.049966666666666 331.9196356765988
4.052758333333333 331.9199206588596
4.056938888888889 331.92020284639045
4.059816666666666 331.92054372462206
4.062605555555556 331.92094884082877
4.065394444444444 331.92135954713405
4.068186111111111 331.921767460655
4.070975 331.92217816696035
4.074863888888889 331.92239046409725
4.077741666666666 331.9221920504294
4.080530555555556 331.922032766797
4.083322222222222 331.92187627717834
4.086111111111111 331.9217169935459
4.088902777777778 331.92156050392725
4.093055555555556 331.92142636697884
4.095844444444444 331.92143474906675
4.098636111111111 331.92143474906675
4.101425 331.92143754311167
4.104216666666667 331.9214515131802
4.107005555555555 331.9214682772159
4.111272222222222 331.9218008630656
4.114055555555556 331.92230939484756
4.116844444444444 331.92276485971206
4.119636111111111 331.92322312011646
4.122425 331.92367858498096
4.125216666666667 331.92413684538536
4.1292 331.9243491578988
4.132055555555556 331.92450562048913
4.134844444444444 331.9246369398667
4.1376333333333335 331.9247682592442
4.140425 331.9248967849505
4.143213888888889 331.9250392788575
4.147477777777778 331.92545290236916
4.150266666666667 331.92598942927077
4.153058333333333 331.92652875208637
4.1558472222222225 331.92706527898787
4.1586388888888886 331.9276046018034
4.161427777777778 331.928141128705
4.1655444444444445 331.92860496472895
4.168383333333334 331.9291721843255
4.171172222222222 331.92979805566716
4.173963888888889 331.93042113467556
4.176752777777778 331.93104700601714
4.179544444444445 331.931672880846
4.183777777777777 331.932335099069
4.186641666666667 331.93307840000404
4.189419444444445 331.93388310523113
4.192208333333333 331.9346738508917
4.195 331.9356876641183
4.197788888888889 331.93647840977894
4.201752777777778 331.9371684812671
4.204630555555555 331.93752063589744
4.207413888888889 331.9379118991992
4.2102055555555555 331.93852646424006
4.2129916666666665 331.9391354519536
4.215780555555556 331.9395183342416
4.2199277777777775 331.94003263767024
4.222752777777778 331.9406978149844
4.2255416666666665 331.94136857454936
4.2283333333333335 331.9422622436347
4.231122222222222 331.9431642813387
4.233913888888889 331.94385181372786
4.238105555555555 331.94466241428466
4.240947222222222 331.9456740588754
4.243738888888889 331.94674154192717
4.246527777777778 331.94803996752677
4.249319444444445 331.94934118342576
4.252108333333333 331.9504198563382
4.256225 331.95161603785465
4.259080555555555 331.9527090212117
4.261872222222222 331.9538606396462
4.264661111111111 331.95523438396157
4.267452777777778 331.95660812827686
4.270241666666666 331.95776533064696
4.274225 331.9588721519876
4.277080555555556 331.95992605910317
4.279866666666667 331.9610441850816
4.282658333333333 331.96238163034394
4.285447222222222 331.9637190765845
4.288236111111111 331.96483440413834
4.292427777777778 331.966008508429
4.2953 331.96714368465285
4.298088888888889 331.9683179590946
4.300875 331.9697112155234
4.303663888888889 331.97109888741005
4.306455555555556 331.9722647709224
4.310527777777778 331.9734614391911
4.31335 331.974758682345
4.316141666666667 331.97609222982555
4.318930555555555 331.9776502276304
4.321722222222222 331.9792110176748
4.324511111111111 331.98055295599363
4.328530555555556 331.98170737283726
4.331394444444444 331.98268321230194
4.334180555555555 331.9837428403586
4.336972222222222 331.98501882139294
4.339761111111111 331.98651791658796
4.34255 331.9877950657762
4.346755555555555 331.98782452171275
4.349558333333333 331.9890265540903
4.352344444444444 331.99022578769996
4.355136111111111 331.9916525658302
4.357925 331.9933140348253
4.360716666666667 331.9947563638244
4.364830555555556 331.99501860727844
4.3676916666666665 331.996399585441
4.370480555555556 331.9978084715415
4.373272222222222 331.9994390517377
4.376061111111111 332.0012962070568
4.3788527777777775 332.0029344676257
4.382933333333333 332.00309597647447
4.385725 332.00433706181656
4.388513888888889 332.00557534846877
4.391305555555555 332.00703283970876
4.394083333333334 332.0084819569152
4.396875 332.0099270899925
4.400977777777777 332.00999876625747
4.403822222222222 332.0111252876033
4.406613888888889 332.01227694454633
4.409402777777777 332.01365068498126
4.412194444444444 332.0152563328057
4.414983333333334 332.01664828832884
4.419147222222223 332.016394783858
4.4219333333333335 332.01724453107573
4.424722222222222 332.0180858949716
4.427511111111111 332.01914976590785
4.4303027777777775 332.02044513534145
4.433091666666667 332.0209262111351
4.437297222222222 332.0209825577653
4.440111111111111 332.02189941586465
4.442902777777777 332.022782764822
4.445691666666667 332.0238968651988
4.448480555555555 332.0250081726824
4.451269444444445 332.02589710254983
4.455627777777778 332.02705470486177
4.458486111111111 332.0284943204337
4.461275 332.0299618488418
4.464066666666667 332.03164825853486
4.466855555555555 332.0333458329892
4.469647222222222 332.03483011662485
4.4738388888888885 332.0363255646489
4.476641666666667 332.03804431526873
4.479430555555555 332.03972400532217
4.482222222222222 332.04162810259544
4.4850111111111115 332.0437649929431
4.4878 332.04568026838837
4.491980555555555 332.04621743417937
4.494769444444445 332.0479025260801
4.497561111111111 332.0495541389867
4.50035 332.0514275015725
4.503141666666667 332.05330086616345
4.5059305555555556 332.0549552690716
4.510019444444445 332.05649491737586
4.51285 332.05803747599646
4.515641666666666 332.0595549560488
4.518430555555556 332.06129435206367
4.521222222222222 332.0630337493383
4.524011111111111 332.06455401978064
4.528275 332.06607429022307
4.531063888888889 332.0675526949455
4.533855555555555 332.06903110790637
4.536644444444445 332.07073422763915
4.539433333333333 332.0724345557379
4.542225 332.0739213321896
4.546388888888889 332.0755368717112
4.549180555555555 332.07698210219223
4.5519694444444445 332.07841617497155
4.5547611111111115 332.0800746765231
4.55755 332.0817359687133
4.560341666666667 332.08317842387214
4.564477777777777 332.08464887459354
4.567319444444444 332.0861417145689
4.570111111111111 332.08758988977786
4.5729 332.08927074124426
4.575691666666667 332.09096276020773
4.578480555555555 332.09243609268316
4.5826722222222225 332.09390942515853
4.585491666666667 332.095360513343
4.5882805555555555 332.09683951140624
4.591072222222222 332.09853712381454
4.593861111111111 332.1002375279496
4.596652777777778 332.10171653425624
4.600736111111111 332.10309193673965
4.603552777777778 332.1041349989524
4.606333333333334 332.10519479830225
4.609125 332.1062546035595
4.611913888888889 332.1075361329985
4.614705555555555 332.10859873161576
4.619033333333333 332.1097257176924
4.621819444444444 332.11116824520593
4.624611111111111 332.11252981797935
4.6274 332.11389138316395
4.630183333333333 332.1154745116849
4.632975 332.1168304776633
4.637166666666666 332.118189205372
4.639955555555556 332.11955627077043
4.642747222222222 332.1209010010491
4.645536111111111 332.1222485232722
4.648319444444445 332.1235848552804
4.651108333333333 332.1249156033531
4.655316666666667 332.12629395116613
4.6581222222222225 332.12769741069434
4.660905555527778 332.1290254629981
4.663694444444444 332.1303535153018
4.666483333333334 332.1316787753967
4.669272222222222 332.1330040354917
4.673474999972222 332.1344413002142
4.676266666666667 332.1359314401125
4.679055555555555 332.13732944841144
4.681847222222222 332.1387274567104
4.684636111111111 332.14012546500936
4.687427777777778 332.1415234733084
4.6916416666666665 332.1429830753899
4.694491666638889 332.14534284541986
4.697275 332.14621586365655
4.700066666666666 332.1477118952386
4.702852777777778 332.1492051263352
4.705641666666667 332.15069276479977
4.709763888888889 332.1528787708114
4.712552777777778 332.15432070371713
4.715341666666666 332.1549778677414
4.718133333333333 332.1561749029376
4.720922222222222 332.15736913799185
4.723713888888889 332.15857734697045
4.727916666666666 332.16056703434185
4.730708333333333 332.16206466141364
4.7335 332.16281784742927
4.736288888888889 332.1641071235645
4.739077777777778 332.16539080630633
4.741869444444444 332.16667728933055
4.7458527777777775 332.16876526206084
4.7487 332.17014868501786
4.7514916666666664 332.1707307376192
4.754280555555556 332.17189167633484
4.757063888888889 332.1730442130784
4.759852777777778 332.1741911613742
4.7639861111111115 332.17581898950823
4.766775 332.1769851993447
4.769566666666667 332.1775459911912
4.7723555555555555 332.1784830037775
4.775144444444445 332.17942001636374
4.777936111111111 332.18035702894997
4.782105555555556 332.1817795330686
4.784894444444444 332.1828900804548
4.7876861110833335 332.18339325621423
4.790475 332.18418202276945
4.793266666638889 332.18497359298937
4.796055555555555 332.1857679580639
4.800233333333333 332.18727732129423
4.803061111111111 332.18843513014093
4.80585 332.1889662376412
4.808638888888889 332.18990057036615
4.811430555555556 332.1908432874213
4.814219444444444 332.19178879922185
4.818375 332.1932019651603
4.821163888888889 332.19420938062666
4.823955555555556 332.19470762406814
4.8267444444444445 332.19550485509046
4.829533333333333 332.1963020861127
4.832325 332.1970965220469
4.836544444444445 332.19847697398893
4.8393444444444444 332.199467628695
4.842122222222223 332.19993144411137
4.844913888888889 332.2006895762946
4.847702777777778 332.2014477084778
4.850494444444444 332.202205840661
4.854413888888889 332.2032587295579
4.857277777777778 332.2040571282695
4.8600666666666665 332.20441739034715
4.8628583333333335 332.20503289450386
4.865647222222222 332.20564839522893
4.868438888888889 332.2062666954087
4.872630555555555 332.207377007497
4.875419444416667 332.20832310917496
4.878211111111111 332.2088024967409
4.881 332.2095410276397
4.883788888888889 332.21028236220434
4.886580555555556 332.21102649633315
4.8908 332.2127358594003
4.893611111111111 332.21411648084705
4.896394444444445 332.21473076507846
4.899183333333333 332.2158415231825
4.901975 332.2169634790665
4.904763888888889 332.21809661390165
4.908966666666666 332.219971550499
4.911758333333333 332.22122401053946
4.914547222222223 332.2217395782073
4.9173277777777775 332.22269653557174
4.920116666638889 332.2236423057209
4.922908333333333 332.22459087665237
4.927022222222222 332.2260000443844
4.929863888861111 332.22706023891493
4.932652777777778 332.22750397667653
4.935441666666667 332.22810899590104
4.938230555555555 332.22895684778064
4.941022222222222 332.22980190382435
4.945005555555555 332.23110061965986
4.947888888888889 332.23212456577187
4.950672222194444 332.2326283366171
4.953455555555555 332.23348735731554
4.956244444444445 332.2343379907864
4.959027777777778 332.2351830232707
4.963230555555556 332.23669981606156
4.966022222222223 332.23787705689324
4.968811111111111 332.23847648002214
4.971602777777778 332.2394389692296
4.9743916666666665 332.2404042536809
4.9771833333333335 332.2413695381323
4.981372222222222 332.2431269092463
4.984183333333333 332.2443263684272
4.986972222222223 332.2448670027245
4.989763888888889 332.24588006374796
4.992552777777778 332.24689592045166
4.995344444444444 332.24792577255056
4.999505555555555 332.2498169667135
5.002305555555555 332.2513229461815
5.005086111111111 332.25208037816844
5.007877777777778 332.25335076071644
5.010666666666666 332.25462113618084
5.013458333333333 332.2558971080174
5.017505555555555 332.2576525697097
5.020349999972222 332.25896909810155
5.023138888888889 332.25973286237945
5.025930555555555 332.26088840591086
5.0287194444444445 332.2620467441411
5.031502777777778 332.26319388429414
5.035727777777778 332.2650305498378
5.0385583333333335 332.2664167221938
5.04135 332.26719180795783
5.044138888888889 332.2684033911168
5.046930555555556 332.26961778254827
5.049719444444444 332.2708349619385
5.053902777777778 332.27306434062785
5.056725 332.2746845705971
5.059513888888889 332.27543432667204
5.062297222222222 332.27678614726
5.065088888888889 332.2781323777495
5.0678777777777775 332.279478608239
5.071961111111111 332.2815982361409
5.074833333333333 332.28342744334583
5.077622222222222 332.28438805123824
5.080411111111111 332.2862144010155
5.083202777777778 332.2880407525317
5.085991666666667 332.28964988358723
5.090122222222222 332.2923832776488
5.092927777777778 332.29434074631365
5.095719444444445 332.295325942822
5.098508333333333 332.2973144798979
5.1013 332.29930581367586
5.104088888888889 332.3010775734602
5.10805 332.3025830301882
5.1108722222222225 332.30456903636025
5.113663888888889 332.3053168332365
5.116452777777778 332.3068161793116
5.119244444444444 332.3083127298467
5.122033333333333 332.30959191709564
5.126261111111111 332.31102247909394
5.1290749999722225 332.3136245575598
5.131866666666666 332.3146037459877
5.134655555527778 332.31648606502375
5.137447222222222 332.31837118051266
5.140236111111111 332.3200366064418
5.144230555555556 332.3214889976555
5.147019444444444 332.3226730617663
5.1498083333333335 332.3238571258771
5.1526 332.3252586250636
5.155388888888889 332.32666012487823
5.158180555555556 332.3278413930751
5.162372222222222 332.3289918281965
5.165161111111111 332.3302177471043
5.167941666666667 332.33139334475
5.170733333333334 332.3327808726025
5.173522222222222 332.3341795810076
5.1763111111111115 332.3353580006984
5.1805111111111115 332.3365980835489
5.1833 332.3378158264404
5.186091666666667 332.3389580712395
5.1888805555555555 332.3403315963147
5.1916722222222225 332.34170791697125
5.194461111111111 332.34214820420226
5.198536111111111 332.3435927397476
5.201391666638889 332.344717885582
5.204180555555555 332.34582066503987
5.206969444444445 332.34715508766465
5.209755555555556 332.34765905963866
5.212547222194445 332.3485414798459
5.216563888888889 332.35022884169547
5.219361111111111 332.3510909224606
5.222152777777778 332.3519250368386
5.224941666666667 332.3529854996204
5.227733333333333 332.35336046677656
5.230513888888889 332.353969826018
5.234586111083333 332.35515356367523
5.237430555555555 332.355814192697
5.2402194444444445 332.3564748180344
5.2430111111111115 332.3573647017303
5.245788888888889 332.3576735516216
5.248577777777777 332.3580991511858
5.252577777777778 332.35894876536355
5.255388888888889 332.35930145634836
5.258180555555556 332.359612175038
5.260969444444444 332.36014142764634
5.2637583333333335 332.360263674984
5.26655 332.36034920925516
5.270588888888889 332.3607470773082
5.273380555527778 332.3610185653696
5.276169444444444 332.36122569325465
5.278961111083333 332.36166277611835
5.28175 332.3616941294119
5.284541666666667 332.36168756331904
5.288672222222222 332.362151080085
5.291472222222223 332.36236103099736
5.294261111111111 332.3624982088714
5.297052777777778 332.36285680722153
5.299841666666667 332.3629402472802
5.3026333333333335 332.362864265272
5.306677777777778 332.3629929802949
5.309480555555556 332.3630069769442
5.312269444416667 332.3630013781751
5.315052777777778 332.3632062832564
5.317844444444445 332.36318009408666
5.320633333333333 332.3629395741954
5.324836111111111 332.3629482981614
5.327627777777778 332.363147025091
5.330416666666666 332.36327298790985
5.333208333333333 332.3636233572459
5.335997222222222 332.36362931750233
5.338788888888889 332.3635364209793
5.342966666666666 332.36373418293476
5.3458 332.36380696084325
5.348588888861111 332.36391612496664
5.351380555555555 332.36425255254954
5.354169444416667 332.36423434694296
5.35695 332.3641163079656
5.360977777777777 332.36404157784193
5.363830555555555 332.36379809725065
5.366622222222222 332.36354901662634
5.369411111111111 332.3635222718598
5.372202777777778 332.36325022408573
5.374991666666666 332.36278086874665
5.379191666666666 332.3625651710243
5.381980555555556 332.362444842122
5.384772222222222 332.3623273105832
5.387561111111111 332.36221257773434
5.390352777777778 332.3617423370645
5.393141666666667 332.36140941170584
5.397227777777778 332.36123134448195
5.400116666638889 332.3609907114985
5.402905555555556 332.36079485617967
5.405697222194444 332.36059899976885
5.408486111111111 332.36001367956106
5.411277777777777 332.3595997821725
5.415541666666667 332.3595728487823
5.418386111111111 332.3595336794662
5.421177777777777 332.35955606068467
5.423966666666667 332.3595784417784
5.426755555555555 332.35905197787645
5.429538888888889 332.3588440869718
5.433725 332.35896563036243
5.436516666666667 332.35873626890816
5.439305555555555 332.35848452511226
5.442094444444445 332.3582355763879
5.444886111111111 332.35749842938617
5.447675 332.357042464502
5.451763888888889 332.356943320961
5.454619444444444 332.3563753705805
5.457408333305556 332.3558018246288
5.460197222222222 332.3552282786772
5.462988888861111 332.3544444314046
5.465777777777777 332.3536516081907
5.469969444444445 332.35303912743836
5.472752777777778 332.35239567810254
5.4755416666666665 332.35172983677865
5.478330555555556 332.3510639954547
5.481119444444444 332.3502230019487
5.483911111111111 332.3493354348765
5.4881166666666665 332.3485701275375
5.490933333333333 332.3478791593428
5.493725 332.3472189795808
5.496513888888889 332.3465560042943
5.499305555555556 332.34568120592775
5.502094444444444 332.3448047144985
5.506297222194444 332.3440564848519
5.509088888888889 332.3433545343172
5.511869444444445 332.34260222371853
5.514658333333333 332.3418387178297
5.51745 332.34081092939795
5.520238888888889 332.3398368300614
5.524502777777778 332.3393391600983
5.5272944444166665 332.3387992718611
5.530083333333334 332.33825938663375
5.532875 332.3377194983965
5.535663888888889 332.3369270613566
5.538455555555555 332.3361786960708
5.542491666666667 332.3356587858391
5.545302777777778 332.335004116878
5.548088888888889 332.33436345264687
5.550877777777778 332.33371998896104
5.5536666666666665 332.3329451735126
5.5564583333333335 332.3320798951884
5.560566666666666 332.33115903419855
5.5633888888888885 332.3303254359165
5.5661805555555555 332.3294750348064
5.568969444444445 332.3286218387016
5.57175 332.3276951598674
5.574538888888889 332.3266069818259
5.5787305555555555 332.324966385124
5.581519444444444 332.3243442958349
5.584311111111111 332.32435727230614
5.5871 332.32348164846235
5.5898916666666665 332.32259831812263
5.592680555555556 332.3215073791833
5.596872222222222 332.32062623709623
5.599697222222222 332.31980080105365
5.602488888888889 332.31991763625194
5.605277777777777 332.31911209640566
5.608069444444444 332.3183149364922
5.610858333333334 332.3174025836932
5.615122222222222 332.31681706059936
5.617911111111111 332.3158717369047
5.6207 332.3159235118815
5.623491666666666 332.314975332224
5.626280555555556 332.31402995219304
5.629072222222222 332.3130524920597
5.633275 332.312156889766
5.6360777777777775 332.3112311041017
5.6388694444444445 332.3112996539009
5.641658333333333 332.31038786308727
5.64445 332.3094788666454
5.6472388888888885 332.3085782684741
5.651397222222222 332.3078486353259
5.654208333333333 332.3068893661237
5.657 332.30690840476007
5.6597888888888885 332.30596023567415
5.662577777777778 332.30500927227877
5.665366666666666 332.3040694862149
5.6694555555555555 332.30327497809026
5.672305555555556 332.30224585970416
5.675094444444444 332.302203273315
5.677886111111111 332.30123823101275
5.680675 332.30027039418314
5.683466666666667 332.2993053518809
5.687622222222222 332.2983362058876
5.690422222222222 332.2970898211428
5.693211111111111 332.29692244901935
5.696002777777778 332.29540074511436
5.698791666666667 332.2941029956965
5.701583333333334 332.29281084003077
5.705761111111111 332.29163987693966
5.708552777777777 332.2904687282688
5.711341666666667 332.2901300342343
5.714130555555555 332.2887424078836
5.7169222221944445 332.2875733082329
5.719711111111111 332.286407008724
5.723891666638889 332.28565418235934
5.726680555555555 332.2846529142996
5.729472222222222 332.28427151282324
5.732261111111111 332.2830459577748
5.735052777777778 332.2820388644536
5.737841666666666 332.28103736609813
5.7417694444444445 332.2798629668862
5.744602777777778 332.27858021580215
5.747394444444445 332.27816650225697
5.750183333333333 332.2766475913715
5.752975 332.2753497551357
5.755763888888889 332.2740575274342
5.7600138888888885 332.2731022759419
5.762858333333333 332.2720314697181
5.765647222222222 332.27172085493163
5.7684388888888884 332.2704812671779
5.77122777775 332.269463222324
5.774019444444445 332.26844797146833
5.778211111111111 332.2678333785216
5.781052777777778 332.26701903800756
5.7838416666666665 332.26676867081346
5.7866333333333335 332.2657861162171
5.7894194444444445 332.26502250391366
5.792208333333333 332.26425049811183
5.796258333333333 332.26366555124633
5.799083333333333 332.2626588117347
5.801872222222222 332.26229754054503
5.804661111111111 332.2610663694301
5.807452777777778 332.2600593771673
5.810241666666666 332.25904959051707
5.8144472221944445 332.2584998390701
5.817275 332.25761578005984
5.8200666666666665 332.25728953721296
5.822852777777777 332.25623156381425
5.825641666666667 332.255389613499
5.828433333333333 332.2545476631837
5.832608333333333 332.2540230551681
5.835419444416667 332.25303589471673
5.838208333333333 332.2526706839432
5.841 332.25148139595575
5.843788888888889 332.25052203368085
5.846580555555556 332.2495654657154
5.8506 332.2486617173683
5.853408333333333 332.24767201386436
5.8562 332.24741065897734
5.858977777777778 332.2461403138998
5.861769444444445 332.2450860248901
5.864558333333333 332.24403174175734
5.868738888888889 332.2433398528269
5.871527777777778 332.2423639229058
5.874319444444445 332.24198880962325
5.877108333333333 332.2407967040557
5.8798916666666665 332.2398206197819
5.882680555555556 332.2388473187481
5.88665 332.2377008051509
5.889452777777778 332.23631343968225
5.892244444444445 332.23472189837275
5.895033333333333 332.2331080075857
5.8978166666666665 332.2317150556616
5.900605555555556 332.2303220804408
5.904744444444445 332.22876153769437
5.9076305555555555 332.2272231368122
5.9104222222222225 332.2255673578298
5.913211111111111 332.22391157884744
5.916002777777778 332.2224879977659
5.9187916666666665 332.2210728032063
5.9229972222222225 332.22085896174804
5.925791666666667 332.21908909743456
5.928583333333333 332.21710635609645
5.931366666638889 332.21529144413495
5.934155555555556 332.2136920778291
5.936947222194444 332.2120927115232
5.940994444444445 332.2103984384028
5.943808333333333 332.2087267089931
5.9465972222222225 332.2068643996529
5.949388888888889 332.20491549712636
5.952177777777778 332.203201715254
5.9549666666666665 332.20148514243203
5.9590805555555555 332.1998327837989
5.961936111111111 332.1981019670773
5.964724999972222 332.19621446728854
5.967516666666667 332.19433533947813
5.970305555555556 332.19267731517044
5.973097222222222 332.1910220822475
5.977180555555556 332.18933335373447
5.979972222222222 332.1875158612957
5.982763888888889 332.1854831243192
5.98555 332.18342803795963
5.988338888888889 332.1815853442506
5.991122222222222 332.17973706844055
5.9951694444444446 332.1775790473955
5.998019444444444 332.1753117352151
6.0008083333333335 332.1728854504828
6.003591666666667 332.1704507771442
6.006383333333333 332.1682394776861
6.009172222222222 332.1660337693907
6.013302777777778 332.1635993660807
6.016172222222222 332.161296409297
6.018961111083334 332.1588508846508
6.02175 332.1563494846058
6.024538888888889 332.1540661490852
6.027330555555555 332.15178281356475
6.031477777777778 332.1506488087047
6.034316666666666 332.1479556373182
6.037105555555556 332.14509208312927
6.039897222222222 332.1424148940816
6.042683333333334 332.13995282930256
6.045475 332.1374879492873
6.0494361111111115 332.13597845095205
6.052294444416667 332.1330583270008
6.055083333333333 332.1299460490076
6.057863888888889 332.1270202722917
6.060655555555556 332.124311902353
6.063444444444444 332.12160910740346
6.067538888888889 332.118864501548
6.070333333333333 332.116136680442
6.0731166666666665 332.11318585704714
6.075905555527778 332.11014557728504
6.078697222222222 332.1085023098838
6.081486111111111 332.1054739749226
6.085475 332.1011500035598
6.088263888888889 332.0980752879383
6.091052777777778 332.09477813945807
6.093844444444445 332.0931754387289
6.096625 332.0912298012224
6.099413888888889 332.08767027922
6.103638888888889 332.08266348926844
6.106422222222222 332.0799998397355
6.109211111111111 332.07729695441105
6.112002777777778 332.0758572285231
6.114791666666667 332.0741455393737
6.117583333333333 332.0709969191198
6.121658333333333 332.066474528285
6.124447222194444 332.06358959741544
6.127236111111111 332.06067664673424
6.130025 332.0590070734169
6.132816666666667 332.05731834410284
6.135605555555555 332.0539600414714
6.139811111111111 332.0492694271228
6.142597222222222 332.04661967149985
6.145386111111111 332.04396432565574
6.148177777777778 332.0426725285809
6.150966666666666 332.0410834540278
6.153758333333333 332.0379823514102
6.157983333333333 332.0338932382148
6.1607722222222225 332.0314722768288
6.163552777777777 332.0290457378157
6.166341666666667 332.02774246379437
6.169133333333333 332.026394176439
6.171911111111111 332.0235111136416
6.1760472222222225 332.01962622145163
6.178825 332.0171240140454
6.181616666666667 332.0146105955372
6.184405555555555 332.01317643589437
6.187197222222222 332.0118721546656
6.189986111111111 332.0089164155034
6.194263888888889 332.00501228018595
6.197058333333334 332.00277872811273
6.199847222222222 332.0004807464099
6.202627777777778 331.9991471249487
6.205419444416667 331.9979495403072
6.208208333333333 331.99518948638126
6.212258333333334 331.9913886609539
6.215141666638889 331.9891438020067
6.217933333333334 331.9869857929885
6.220719444444445 331.9857264950574
6.223508333333333 331.9845974204238
6.226297222194445 331.9819826996642
6.230466666666667 331.97866316305
6.233255555555556 331.97665341421543
6.236047222222222 331.97459043575356
6.2388361111111115 331.9733413414434
6.241616666666666 331.97229443031705
6.244405555555556 331.96976357234587
6.248538888888889 331.9663411432472
6.251391666638889 331.9642787280338
6.254180555555555 331.96225552750155
6.256972222222222 331.9611432191937
6.2597611111111116 331.9600045260639
6.262552777777778 331.95753499070764
6.266683333333333 331.9543527383783
6.269475 331.9523773137227
6.272263888888889 331.9504018890672
6.275055555555555 331.949349144645
6.277838888888889 331.9482041443224
6.280630555555556 331.94577924303934
6.284699999972222 331.94267221429396
6.287508333333333 331.9406546926626
6.290297222222223 331.9386427821662
6.293088888888889 331.93749543081185
6.295877777777778 331.93640581333426
6.298666666666667 331.93394462811926
6.302788888888889 331.93074285121645
6.305616666666666 331.92875076186
6.308405555527778 331.926783867456
6.311197222222222 331.9257016728105
6.313986111111111 331.92458897525364
6.316777777777777 331.922191962266
6.320952777777777 331.91942307526983
6.323736111111111 331.917581603211
6.326525 331.9157289434379
6.329316666666666 331.9145851697214
6.332105555555556 331.91365144839045
6.334897222222223 331.9113523456405
6.339130555555555 331.90869308794294
6.341938888888889 331.9068517903064
6.344722222222222 331.9049769323325
6.347511111111111 331.9038258482058
6.3503 331.90286870752783
6.353091666666667 331.90053881412575
6.357405555555555 331.89800258666435
6.360219444444445 331.8965136088292
6.363008333333333 331.8949826718142
6.3658 331.8940567531672
6.368588888861111 331.89322699895706
6.371380555555556 331.89125178958767
6.375566666666667 331.8893105592274
6.378358333333333 331.88784653196063
6.381144444444445 331.88637972300467
6.383933333333333 331.88490731799527
6.386722222222223 331.88343491298593
6.389511111111111 331.8819569200957
6.393816666666667 331.8806714619738
6.396605555555555 331.8796070017529
6.399394444444445 331.87843905481185
6.402183333333333 331.8772711078708
6.404975 331.8761087362432
6.407763888888889 331.8749463710922
6.412027777777777 331.8739542748786
6.414819444444444 331.8729258856115
6.417608333333333 331.87184434287667
6.4204 331.8708932091663
6.423188888888889 331.8695840212609
6.425980555555555 331.86827483335543
6.430366666666667 331.86868802675247
6.433172222194444 331.86805640891583
6.435961111111111 331.86743877353234
6.438744444444445 331.8668127591892
6.441533333333333 331.8661811519116
6.444313888888889 331.8655355764149
6.448536111111111 331.864912334205
6.451319444444445 331.8644177220948
6.454111111111111 331.8638504139935
6.4569 331.86328590208666
6.459691666666667 331.86272418322864
6.462480555555556 331.86215967132176
6.466694444444444 331.861807475477
6.469522222222222 331.8615139748532
6.4723138888888885 331.86126800366065
6.475102777777778 331.86102203383894
6.477891666666666 331.86077606401716
6.480683333333333 331.8605300941954
6.484938888888889 331.86045740873794
6.4877555555277775 331.8604322497195
6.490544444444445 331.86040709070096
6.493336111083333 331.8606026560857
6.496125 331.8608010169948
6.498913888888889 331.86077306245187
6.5031944444444445 331.86081499718756
6.506063888888889 331.86101348827174
6.508855555555556 331.86129303214807
6.511644444416667 331.86182641037806
6.514436111111111 331.86236257775994
6.517219444444445 331.862670077739
6.521263888888889 331.8629048815076
6.5240583333333335 331.8628964939995
6.52685 331.86289090234305
6.529638888888889 331.8622520718064
6.5324277777777775 331.8622436589285
6.535211111083333 331.86222963754346
6.539272222222222 331.86390698669766
6.542055555555556 331.8638650521957
6.544847222222222 331.86379515941127
6.547636111111111 331.8631506560759
6.550425 331.8630833562411
6.553216666666667 331.8630188603863
6.557505555555555 331.86508346667125
6.560305555555556 331.8654609150672
6.563094444444444 331.86581600406595
6.565886111111111 331.8663910854366
6.568675 331.866968961802
6.571463888888889 331.86733243569154
6.575583333333333 331.86760921112256
6.578419444444444 331.86783288860437
6.5812083333333335 331.867880428415
6.584 331.86815092803766
6.586788888888889 331.86864787336503
6.5895777777777775 331.8689190709764
6.593875 331.86776737745083
6.5966555555555555 331.86836476508216
6.599447222194445 331.86892010946633
6.602233333333333 331.8701163899608
6.605013888888889 331.87087569356424
6.6078 331.87139859945324
6.6121083333333335 331.8704479292982
6.614941666666667 331.8712558606294
6.617733333333334 331.8721114465965
6.620522222222222 331.87353534414626
6.623311111083333 331.87461293924514
6.6260916666666665 331.87546034218457
6.630319444444445 331.87490706386006
6.633108333333333 331.8759170625686
6.635897222222222 331.87691304739144
6.638686111111111 331.8784648475707
6.641475 331.87969322747534
6.644263888888889 331.8806974141386
6.648441666666667 331.8803483493609
6.651244444444444 331.8814313709495
6.654036111111111 331.8825087930373
6.656825 331.8841079245144
6.6596166666666665 331.8854033391522
6.662394444444445 331.8864690993995
6.666469444444444 331.8861742587797
6.669311111111111 331.8872713917254
6.672094444444444 331.88835168886163
6.674883333333334 331.8899666862387
6.677675 331.89125649724775
6.680463888861111 331.8923279416381
6.684866666666666 331.89218832574227
6.6876444444444445 331.89375968067714
6.6904361111111115 331.895311432583
6.693225 331.89715686102807
6.696016666666667 331.8989216425292
6.6988055555555555 331.9004686977375
6.702925 331.9007583094632
6.7057166666666665 331.9022427903099
6.708505555555556 331.9037272711566
6.711288888888889 331.9055333009438
6.714080555555555 331.907222654455
6.716869444444445 331.90869145955725
6.720780555555556 331.90882335344673
6.723652777777778 331.9099629094415
6.726444444444445 331.91118937676634
6.729233333333333 331.912919767951
6.732025 331.91436881838086
6.734811111111111 331.9155943818676
6.739005555527778 331.91580971262965
6.741797222222222 331.9174710353732
6.744586111083334 331.91908752053223
6.7473777777777775 331.9209561457189
6.750166666666667 331.92279640719187
6.752958333333333 331.9244164250604
6.757088888888889 331.92480657269857
6.7599527777777775 331.9263897076246
6.762741666666667 331.9279924601324
6.765533333305555 331.9299208408639
6.768322222222222 331.93173600610965
6.771111111111111 331.9333311135719
6.775180555555556 331.93365011797897
6.7779694444444445 331.9350930085077
6.780755555555555 331.9364770137999
6.783547222222222 331.938340623407
6.786336111111111 331.93993780402906
6.789127777777778 331.9413204307259
6.793311111083334 331.9414954170689
6.796111111111111 331.9430561309647
6.798894444444445 331.9445831858945
6.8016861111111115 331.9464558522534
6.804475 331.94819557157155
6.807266666666667 331.9497152271447
6.8114 331.9499320867179
6.814227777777778 331.95142844305934
6.817005555555555 331.9529107416057
6.819797222222222 331.95478620647873
6.822586111111111 331.9564756351768
6.825377777777778 331.9579478740899
6.829686111111111 331.9581729457992
6.832466666666667 331.9598713516069
6.835255555527778 331.96153892841215
6.838036111111111 331.96347780004885
6.840827777777778 331.9653517198032
6.843616666666667 331.9670086793111
6.8478 331.96772260385046
6.850580555555555 331.96962023708886
6.853361111111111 331.9714786012517
6.856152777777778 331.97345176279765
6.858936111083334 331.97552130848305
6.861727777777777 331.977365667234
6.865805555555555 331.97813575866803
6.868608333333333 331.9798566995413
6.8714 331.98159446550335
6.874183333333334 331.98350071022196
6.876969444444445 331.98543332351863
6.87975 331.9871406160186
6.8838888888888885 331.9888899936157
6.8866805555555555 331.99079856879223
6.889469444444445 331.9926931673043
6.892261111111111 331.9948213841358
6.89505 331.9969495975476
6.897830555555555 331.9988553901624
6.902136111111111 332.00087057812914
6.904936111111111 332.0030449202015
6.9077222222222225 332.0051270838438
6.910511111111111 332.00742021467806
6.9133 332.00971334551235
6.916083333333333 332.0117787174767
6.920511111111111 332.01331949328426
6.9233 332.0161209630339
6.926088888861111 332.01892806896115
6.928880555555556 332.0211411676115
6.931669444416666 332.0239374927435
6.934461111111111 332.0265180113815
6.938602777777778 332.0290311897725
6.941458333333333 332.0316645265133
6.944241666666667 332.0343341166329
6.947025 332.0372084576998
6.9498138888888885 332.0400716274877
6.9526055555555555 332.0427188457902
6.956661111111111 332.0452482236368
6.959505555555555 332.0477750923093
6.962297222222222 332.05029079578503
6.965077777777778 332.05301701450304
6.967866666666667 332.0557320678379
6.970655555555555 332.05822817594617
6.974772222222223 332.06066819488467
6.977586111111111 332.06316414989675
6.980375 332.06568243405854
6.983163888888889 332.0684253456416
6.985955555555556 332.0711738462616
6.988744444444444 332.07370614211493
6.9930916666666665 332.0787726485045
6.995936111111111 332.082173255797
6.998725 332.08335497873145
7.001505555527777 332.08675468120964
7.004294444444445 332.0899334956516
7.0070805555555555 332.09288738128913
7.011436111083333 332.1003082263651
7.014258333333333 332.10466186345684
7.01705 332.10608165159283
7.019838888861111 332.10996783126626
7.022627777777778 332.11363271289633
7.025419444416666 332.117077896994
7.029727777777778 332.1255308228431
7.032516666666667 332.13044661736166
7.035308333333333 332.1322924723342
7.0380972222222224 332.1349196042472
7.0408888888888885 332.1389424334017
7.043677777777778 332.1427447375235
7.047713888888889 332.15157246362423
7.050544444444444 332.1565155185284
7.053333333333334 332.15849082970357
7.056122222222222 332.1610463699745
7.058913888888889 332.1651310654845
7.0616972222222225 332.1689793623986
7.065833333333333 332.1772973724808
7.068622222222222 332.1821575543217
7.071413888888889 332.1840149832646
7.074202777777778 332.1884330997226
7.076994444444445 332.1926208774293
7.079783333333333 332.19657387854915
7.083869444444445 332.2049231633306
7.086672222222222 332.20992920516886
7.089463888888889 332.21199037630294
7.0922527777777775 332.2165598619478
7.0950444444444445 332.221128934486
7.097833333333333 332.22546142293294
7.101836111111111 332.2325493529793
7.104658333333333 332.23733408203395
7.1074472222222225 332.2393052457754
7.1102388888888886 332.2436654281388
7.113027777777778 332.24801113146873
7.1158166666666665 332.2521096564583
7.119861111111111 332.25912816262223
7.122711111083333 332.26396979593943
7.125502777777778 332.2660493053716
7.128291666666667 332.2704820704527
7.131080555555555 332.27489272448923
7.133861111111111 332.2790443285727
7.137927777777778 332.28601901818575
7.140811111083333 332.2908832127322
7.143602777777778 332.29299385500315
7.1463916666388885 332.2974758650421
7.149183333333333 332.30193397228885
7.151972222222223 332.3061377087526
7.155983333333333 332.31309539599073
7.158788888888889 332.3178102205513
7.161574999972222 332.3198042455497
7.1643638888888885 332.32404075169893
7.167152777777778 332.3282439351349
7.169944444444444 332.3322015887602
7.173977777777778 332.33897141378196
7.176847222222222 332.34368102739444
7.1796388888888885 332.3457587895574
7.182427777777778 332.35005569748785
7.185216666666666 332.3543137554706
7.188008333333333 332.35830957105463
7.192216666666667 332.36543741996473
7.195005555555555 332.37036132293366
7.197797222222222 332.37244438701106
7.200586111111111 332.3768509477453
7.203377777777778 332.38122498989634
7.206161111111111 332.38532364174637
7.210225 332.39255998961755
7.213066666666666 332.39757450446314
7.215858333333333 332.39971746935504
7.218647222222223 332.40416416402235
7.221438888888889 332.4085695412257
7.224222222222222 332.41269325683544
7.228336111083333 332.4199987999275
7.231133333333333 332.42500356123935
7.233922222222223 332.4271819723222
7.236711111111111 332.4316504526234
7.239502777777778 332.43607688340137
7.242291666666667 332.4402224903657
7.246611111111111 332.4481941365346
7.249402777777778 332.4537653250608
7.252194444444444 332.4561645128668
7.254983333333334 332.46112980617096
7.257775 332.4660367188581
7.260563888888889 332.47065432218363
7.264741666666667 332.47905670351827
7.267533333333334 332.48480479786514
7.270322222222222 332.4873451688939
7.27310277775 332.49251843103366
7.275894444444445 332.4976241620569
7.278683333305556 332.5024339140778
7.282752777777778 332.5109224998142
7.285541666666667 332.5166934067891
7.288333333333333 332.5193050200305
7.2911222222222225 332.5244853986114
7.293913888888889 332.52959369382813
7.296702777777778 332.53440130022636
7.300894444444444 332.5431821803672
7.303708333333334 332.5492645340466
7.306497222222222 332.55203310951885
7.309288888888889 332.557515193096
7.312069444444444 332.56290498595797
7.3148583333333335 332.5679729665682
7.3188555555555554 332.57659345984945
7.3216833333333335 332.58246089990246
7.324475 332.5851847482003
7.327263888888889 332.59049634992
7.330055555555556 332.59572050090077
7.3328444444444445 332.60062555103264
7.337047222222222 332.6096012985279
7.339933333305556 332.6158893392827
7.342725 332.61876159429517
7.345513888888889 332.6245202546754
7.348302777777778 332.6301830293559
7.351091666666667 332.6355165680733
7.355283333333333 332.6451811792506
7.35812777775 332.6517729612304
7.360919444444445 332.6546671609621
7.363705555555556 332.6606579223348
7.366497222222222 332.6665435143997
7.369286111111111 332.672094655655
7.373322222222222 332.6819180971978
7.376188888888889 332.68853482911635
7.378980555555556 332.6914619816332
7.381769444444444 332.69751193105213
7.384558333333334 332.70322121249626
7.38735 332.70859129488844
7.391463888888889 332.7200055003815
7.394252777777778 332.72667448519394
7.397044444444444 332.72953269802844
7.3998333333333335 332.7355383110988
7.402616666638889 332.7411842161713
7.405408333333333 332.7464728123723
7.4095 332.75784384810675
7.412327777777778 332.7645272166167
7.415116666638889 332.7673602239748
7.4179055555555555 332.7733894270865
7.420697222194445 332.77928669706876
7.423486111111111 332.78482003036777
7.427652777777777 332.7952486213137
7.430441666666667 332.80201606480733
7.433230555555555 332.8047221901991
7.436022222222222 332.81076747424737
7.438811111111111 332.8164502911234
7.441602777777778 332.82176357430484
7.445794444444444 332.83394358588197
7.448583333333334 332.84102239655147
7.451375 332.84384077979485
7.454163888888889 332.85020003365577
7.4569527777777775 332.8561776748081
7.4597444444444445 332.86177215697154
7.4637472222222225 332.87384146114664
7.466538888888889 332.8807244970102
7.469327777777778 332.883414183888
7.472119444444444 332.8895070360567
7.474908333305556 332.8952079174624
7.4777 332.9005151824445
7.481783333305556 332.9125817070004
7.484602777777778 332.91947883614813
7.4873916666666664 332.92211511664135
7.490180555555556 332.9282335655945
7.492972222222222 332.9312778366292
7.495761111111111 332.9363429330229
7.4999722222222225 332.9515926791303
7.502763888888889 332.9542560910186
7.505552777777778 332.95685712000795
7.508330555555555 332.9594711475154
7.511111111111111 332.9594711475154
7.5139 332.96185623896326
7.518011111111111 332.96689682995844
7.520827777777778 332.96962518008195
7.523619444444445 332.9723932221105
7.526408333333333 332.9751784037181
7.5292 332.9751784037181
7.531988888888889 332.9779837585387
7.536038888888889 332.98256135306235
7.538877777777778 332.9854104326035
7.541669444416667 332.9883356301021
7.544458333333333 332.99127928310554
7.54725 332.99127928310554
7.5500388888888885 332.9942444950312
7.5540722222222225 332.9988647341752
7.556869444444445 333.0016075974475
7.559658333333333 333.0043650758907
7.56245 333.00714028731426
7.565238888888889 333.00714028731426
7.568027777777778 333.00969552391365
7.572233333333333 333.01509519853425
7.57505 333.01803499679204
7.577838888888889 333.02097283432886
7.5806305555555555 333.02392993637415
7.583419444444444 333.02392993637415
7.586205555555556 333.02666373087436
7.590244444444444 333.0324238811124
7.593066666666667 333.0351691675102
7.595855555555556 333.03797906173935
7.5986472222222226 333.04080465398243
7.601436111083333 333.04080465398243
7.604225 333.04340839794503
7.608302777777777 333.04893923692515
7.611127777777778 333.0515985196715
7.613916666666666 333.0542664387936
7.616708333333333 333.0569494068494
7.619488888888889 333.0569494068494
7.622280555555555 333.0593929954496
7.62635 333.064599839524
7.629152777777778 333.06717934660276
7.631941666666667 333.0697928567615
7.634722222222222 333.0724245795347
7.637511111111111 333.0724245795347
7.640291666666666 333.07480872524394
7.644341666666667 333.0798658951628
7.647216666666667 333.08240009614656
7.6500055555555555 333.0850377348872
7.652794444444444 333.0876908482856
7.655586111111111 333.0876908482856
7.658375 333.09010466805825
7.6624083333333335 333.0952545177119
7.665238888888889 333.09794601742794
7.668030555555555 333.10064358643956
7.670819444444445 333.10337088654626
7.673611111111111 333.10337088654626
7.6764 333.1058542991954
7.680541666666667 333.11113824090427
7.683333333333334 333.11362290800463
7.686122222222222 333.11614315479835
7.688913888888889 333.1186786918052
7.6917027777777776 333.1186786918052
7.6944944444444445 333.12096425316304
7.698627777777777 333.12586133581243
7.701411111111111 333.1284928154944
7.7042 333.13113369192905
7.706991666666666 333.13379465107425
7.709780555555556 333.13379465107425
7.712569444444444 333.1362079011519
7.7165333333333335 333.1413637512979
7.719413888888889 333.1441804959048
7.7222027777777775 333.1470298582631
7.724991666666667 333.14989778650863
7.727777777777778 333.14989778650863
7.730566666666666 333.15249914950715
7.734572222222222 333.1580472791477
7.737388888888889 333.16075115011483
7.740180555555556 333.1635096099501
7.742969444444444 333.1662937451714
7.745761111111111 333.1662937451714
7.748541666666667 333.16880851032283
7.752636111111111 333.1741667232135
7.755461111111111 333.17697524593507
7.75825 333.1797538048815
7.761041666666666 333.18255504594185
7.763830555555556 333.18255504594185
7.766622222222222 333.1850807367766
7.770677777777777 333.19050337467775
7.7735111111111115 333.19338031470994
7.776302777777778 333.19634307853534
7.779091666666667 333.1993383984832
7.781883333333333 333.1993383984832
7.784672222222222 333.2020527119484
7.788772222222223 333.2078551879184
7.791619444444445 333.21082809333484
7.794411111111111 333.2138938127717
7.7972 333.21699779270597
7.799988888888889 333.21699779270597
7.802780555555556 333.21981056012856
7.8069 333.22583019705206
7.8097 333.22901621080024
7.812491666666666 333.23218947898806
7.815280555555556 333.2354111419279
7.818072222222222 333.2354111419279
7.820861111111111 333.23833911328785
7.825072222222222 333.24459442050323
7.8278638888888885 333.2477797039936
7.830652777777778 333.2510104040487
7.833444444444445 333.2542703412084
7.836222222222222 333.2542703412084
7.839011111111111 333.25722927257686
7.843069444444445 333.2635537462644
7.845902777777778 333.26673484064787
7.848694444444445 333.27002703298797
7.851483333333333 333.2733671172892
7.854275 333.2733671172892
7.857063888888889 333.27639876235617
7.8611555555555555 333.2829038237141
7.863972222222222 333.28639464523275
7.866761111111111 333.28994080891704
7.869552777777778 333.29351646683756
7.872341666666666 333.29351646683756
7.875133333333333 333.29679028895043
7.879222222222222 333.30381779460333
7.882025 333.3074856428295
7.884816666666667 333.31120764792087
7.8876027777777775 333.3149708947524
7.890380555555556 333.3149708947524
7.893172222222222 333.3183840141768
7.8973611111111115 333.32569925559153
7.900169444444445 333.3294057432239
7.902961111111111 333.3331637349839
7.90575 333.336969302982
7.908541666666666 333.336969302982
7.911330555555556 333.3404479941765
7.915422222222222 333.34789679873523
7.918261111111111 333.35128985000324
7.9210416666666665 333.3548053231416
7.9238333333333335 333.35834301921295
7.926622222222222 333.35834301921295
7.929413888888889 333.361537120776
7.933622222222223 333.36841707580237
7.936452777777777 333.3722224304762
7.939241666666667 333.37602376607066
7.942033333333334 333.379876237331
7.944822222222222 333.379876237331
7.947613888888889 333.38339221297446
7.951788888888889 333.39094300155523
7.954577777777778 333.39519903202716
7.957369444444445 333.3993991826529
7.960158333333333 333.4036462623358
7.96295 333.4036462623358
7.965738888888889 333.40755478888366
7.969908333333334 333.4159168535091
7.9727 333.42047742924353
7.975488888888889 333.4250477368825
7.978269444444445 333.429670880448
7.981058333333333 333.429670880448
7.983847222222222 333.4339101330842
7.987847222222222 333.4429537612841
7.990688888888889 333.44708329243343
7.993477777777778 333.45093710019745
7.996269444444445 333.45472607671985
7.999052777777778 333.45472607671985
