# SectorTime station0 station1 station2 station3 station4
0 322.49535090926366 277.839272708036 308.1720001233411 333.3855167441893 295.98147790197083
0.016627777777777776 321.4116250410677 276.81621302354296 307.218060810042 332.5971095079783 294.77285609376315
0.033280555555555556 320.20804015396055 275.70052911602517 306.16723572799947 331.67089988375227 293.5136455566112
0.04995 318.8954274387526 274.59033715199104 304.9984091131717 330.6193192034873 292.14871713882553
0.06662222222222222 318.8954274387526 274.59033715199104 304.9984091131717 330.6193192034873 292.14871713882553
0.08332222222222223 315.6995295427905 271.7653313835054 302.00956731048984 327.84559489995206 288.8002461998062
0.09999166666666667 314.0323751640941 270.2855294291344 300.442125874089 326.36371195479154 287.0762699718566
0.11658333333333333 314.0323751640941 270.2855294291344 300.442125874089 326.36371195479154 287.0762699718566
0.1332472222222222 312.2446890944614 268.6588944035092 298.7444612575883 324.7599887257955 285.2218667018649
0.14999722222222223 308.6366071004107 265.348095190426 295.3027401273865 321.49257775336775 281.4898392962596
0.16661388886111111 308.6366071004107 265.348095190426 295.3027401273865 321.49257775336775 281.4898392962596
0.18331666666666666 306.7608231478439 263.59454952849137 293.4998537740691 319.7826390109051 279.5444474932812
0.19989722222222223 304.73505673414905 261.7007335516063 291.5477117581196 317.90684400213956 277.46456241568154
0.21665 300.6861497712188 257.89708595474826 287.635838693007 314.13776209637695 273.31428984223976
0.2333 298.5823183151684 255.92184554281667 285.6220008155835 312.15725629423673 271.1742345298948
0.2499472222222222 298.5823183151684 255.92184554281667 285.6220008155835 312.15725629423673 271.1742345298948
0.26665 294.2750291859888 251.82815014866594 281.47660078070186 308.1381186253883 266.8211150845316
0.2833333333333333 292.1489213241198 249.78119018902748 279.4264305623792 306.1257774390553 264.652497970293
0.29996944444444446 292.1489213241198 249.78119018902748 279.4264305623792 306.1257774390553 264.652497970293
0.3165861111111111 287.6624967049364 245.484487851124 275.1235029868279 301.8531097190138 260.2490472013953
0.3332583333333333 285.43188407471416 243.34309585719905 272.97922883903743 299.7231196060833 258.05744025297736
0.3499083333333333 285.43188407471416 243.34309585719905 272.97922883903743 299.7231196060833 258.05744025297736
0.36664444444444444 280.86418796433134 238.8413691862125 268.5008725670432 295.2250462767584 253.4571413188314
0.38332777777777777 278.61996044630416 236.67847856067206 266.2972538597574 293.0162232971604 251.21192972078418
0.4 276.34617009239884 234.501611757567 264.08110050473647 290.7765266416567 249.01119154592504
0.41665555555555556 274.00091136747324 232.26066835587716 261.7941336464047 288.45932028179294 246.7611686456687
0.43329444441666665 274.00091136747324 232.26066835587716 261.7941336464047 288.45932028179294 246.7611686456687
0.4499472222222222 269.21245482020555 227.7639553505967 257.21795043563804 283.6939229928711 242.1121884443345
0.46660277777777776 269.21245482020555 227.7639553505967 257.21795043563804 283.6939229928711 242.1121884443345
0.4833277777777778 264.3400162003029 223.19737997007994 252.54362486425413 278.8430281779635 237.50436345001023
0.49996666666666667 261.94042197996475 221.03880635671666 250.25405856239863 276.4724174102463 235.2446179975296
0.5166083333333333 260.6723867657032 219.48910421717892 248.99126395873327 275.3799110084154 233.8316727182276
0.5332361111111111 256.81956784099 215.71088367640152 245.24581432416292 271.7384117150755 229.97612592057757
0.5498944444444445 252.8231439975296 211.97200694404702 241.35218704255186 267.95063687333266 226.0380461814394
0.5666583333333334 244.5805940951963 204.40390502647475 233.4733433060483 260.1583766025614 218.01862182826102
0.5833222222222222 240.32824420683397 200.60392646457578 229.53528511848032 256.16081562370766 213.90435156556774
0.5999416666666667 237.7222085502639 198.43237124250405 227.13952750809474 253.57865608646196 211.54810087837976
0.6166583333055555 231.58245748315397 192.84036227454763 221.57959108906562 247.91881995045154 205.6915888986927
0.6332916666666667 229.7631177970006 191.10648496561336 219.94802258207017 246.32139679643126 203.90067415360437
0.6499944444444444 224.36384499490313 186.80792835949114 215.03727056912263 240.94605852235526 199.14929305702907
0.6666416666666667 220.4438768249763 183.33588385270252 211.63557428324006 237.5360476012296 195.46977968392605
0.6833333333333333 213.06942126207267 177.33684151660384 204.84155636556795 230.26374948030582 188.70901940331564
0.6999583333333333 211.05034158937522 175.53064494867527 202.98066501004428 228.4120809101085 186.72351704512465
0.7166472222222222 205.7178195198887 171.46190067574864 198.01192007936783 222.87404594156132 181.9240689034822
0.7332861111111111 201.0632722658384 167.72856512700434 193.6776255097689 218.176070439397 177.5541098859009
0.7499916666388889 196.83049916194025 164.07623566689875 189.70299881994615 214.014884867779 173.3565189123694
0.7665916666666667 191.6107615002916 159.8637206444643 184.71694969410058 208.43178764190694 168.63966939018093
0.7832361111111111 189.41244238232957 157.91896944159393 182.64288754296803 206.25292387207557 166.47158262569167
0.7999944444444445 179.55174531930058 149.67549437420263 173.18253688751682 196.21259095197956 157.44547677866098
0.8165555555555556 179.55174531930058 149.67549437420263 173.18253688751682 196.21259095197956 157.44547677866098
0.83325 174.67589941687683 145.56436625439272 168.44184061713904 191.06823182850852 152.89799196350563
0.8499916666388889 164.95287712778455 137.27538487004782 158.93104454935516 180.80074509559915 143.7716443379386
0.8666 162.53212524742327 135.34170279994018 156.57567080687411 178.15353252999066 141.63144492404248
0.8832361111111111 160.08675136749827 133.21244515793748 154.20411292398387 175.66079945995628 139.28006809065485
0.8999638888888889 155.19717219872885 129.18128659807192 149.39385354335454 170.4654604860638 134.8075488442605
0.9165805555555555 147.92858840792945 123.35585074277675 142.35100651073193 162.6884668306352 128.41350975389494
0.9333277777777778 140.4037274050798 117.191299259914 135.0801891139802 154.8413655729567 121.6680436340801
0.9499111111111112 138.16870875554685 115.43683491891419 132.9157711340408 152.40300523037308 119.7901786912468
0.9666611111111111 130.6448475068566 109.1967586320471 125.6383216076009 144.57187555765302 113.06358672034021
0.983325 128.5031286952688 107.52140862754067 123.57867699108286 142.2510280076949 111.27566289454685
0.9998944444444444 125.81429809542091 105.24560102135206 120.99421445415047 139.53708962034696 108.82513604628168
1.0166194444444445 118.237486035409 98.84198255810134 113.69454237077647 131.5429983953504 101.96907724852046
1.0333333333333334 111.57197253870999 93.22854850901709 107.25728611288623 124.31674522361922 96.04927748824933
1.0498972222222223 106.97898574142849 89.26264847003603 102.81683393248862 119.3847926110402 91.93084283238434
1.0665916666666666 105.2252318768149 87.79932636396985 101.1313120647429 117.42766486331823 90.42377983513214
1.083288888888889 100.89041286453954 84.08138544190292 96.96321686063196 112.77607061553041 86.57245986653366
1.0999333333333334 98.266676897714 81.8046406927277 94.44352537699201 110.02838321971174 84.20163482450174
1.116586111111111 94.0330966055303 78.18776304153138 90.37662147426434 105.47811778756152 80.45141606174056
1.1333277777777777 85.86213193194754 71.28189583539053 82.54757503512538 96.65750846853565 73.27201426804473
1.1499611111111112 85.86213193194754 71.28189583539053 82.54757503512538 96.65750846853565 73.27201426804473
1.1666666666666667 78.06649880569498 64.74089734502851 75.09103235100537 88.21760350223123 66.4597434239766
1.1833027777777778 76.78672013674917 63.679571159044436 73.860031820661 86.77141328088318 65.37023943341961
1.1999777777777778 70.71662997809126 58.65604130560407 68.08305887155822 80.21813351313004 60.101371106026924
1.2166277777777779 69.55734096205698 57.69446685797122 66.96694315235236 78.90308214406234 59.1161027272396
1.2332333333333334 67.18321812449453 55.73930982268222 64.71631738841415 76.36804795567319 57.051303326742946
1.2499916666666666 60.40453992873976 50.2153254407249 58.24283498520472 68.92782466544735 51.23879093009215
1.2665722222222222 60.40453992873976 50.2153254407249 58.24283498520472 68.92782466544735 51.23879093009215
1.2833333333333334 53.967257564092485 45.03888737160893 52.108121313382604 61.83511820843871 45.759784168151036
1.2999833333055555 53.967257564092485 45.03888737160893 52.108121313382604 61.83511820843871 45.759784168151036
1.316575 48.78065834163521 40.976372522265336 47.16577621111464 56.126930908987944 41.29584055242987
1.3333222222222223 45.06929315988125 38.02220804421172 43.616921250104134 51.97108849451218 38.13295832935468
1.3499722222222221 45.06929315988125 38.02220804421172 43.616921250104134 51.97108849451218 38.13295832935468
1.3665694444444445 42.30656568684467 35.93745050320866 41.023686260075934 48.93717304866221 35.844809808741566
1.3833194444444445 36.92843022171456 31.853208818226047 35.981737289504274 43.021139192238586 31.391045795679656
1.399988888888889 34.369072038689374 29.90402874506117 33.57492363394417 40.19059073816438 29.221523627287446
1.416575 34.369072038689374 29.90402874506117 33.57492363394417 40.19059073816438 29.221523627287446
1.43332777775 31.42840394794749 27.626769564602217 30.79482723931955 36.892171701648735 26.72592636894554
1.4498972222222222 29.681133302773233 26.375433521462657 29.138687014169452 34.98173877278293 25.29009288615399
1.466591666638889 27.44768829718962 24.69201601725411 27.00524700883585 32.498281266574296 23.440000381528762
1.483311111111111 24.96368424184174 22.786706117869837 24.62853093946665 29.681393479910856 21.338473153406387
1.4999694444444445 21.380298943757474 20.14105306016899 21.224306224847346 25.655449125932602 18.316420913563665
1.5166416666666667 19.9193076094175 19.009705497260427 19.848332930856532 23.986399613011983 17.10155019122609
1.5333222222222223 19.266215556649716 18.386436464563364 19.19756791673009 23.19996028143782 16.54084362757933
1.5498888888888889 17.926461717488454 17.337075087186015 17.941407574306833 21.654608457332348 15.409879795143576
1.5665666666666667 16.36697668656714 16.04880484425102 16.38192254338552 19.806957714175574 14.104658627959434
1.583225 14.833502784792813 14.782022055828747 14.848448641611192 17.99012450446468 12.821207644952663
1.599936111111111 12.04402893345723 12.446254412515065 12.025074761460589 14.629139525893388 10.451539972823955
1.6166499999722221 10.938122603494374 11.53677686551883 10.884372373987862 13.291250226841528 9.491016306332224
1.6333194444444445 10.579495632888001 11.158521886321491 10.52750770598826 12.855471530879512 9.179835443829528
1.6499666666666666 8.586310649001861 9.344480301797335 8.363963294849025 10.323943408490376 7.366714344291461
1.666625 8.445551458034618 9.191292100128525 8.226849142474451 10.154698434580697 7.24594853536865
1.6832694444444445 7.4785752246710215 8.307675886882476 7.2432009050873445 8.970986148911468 6.429020338216646
1.6999333333333333 6.636489715210297 7.5627473795395215 6.38052475875071 7.937093644711046 5.719451831260656
1.7166277777777779 5.727434087279138 6.588490905073672 5.425648982986316 6.823323560464816 4.958806397024274
1.7333333333333334 4.243221356500702 5.085577157924055 3.8864055282285395 5.055395693675079 3.7476602108782657
1.7498888888888888 4.243221356500702 5.085577157924055 3.8864055282285395 5.055395693675079 3.7476602108782657
1.7666222222222223 2.988938007112165 3.8990929085024666 2.632122178840002 3.5977150443856982 2.7645732613575196
1.783325 2.9399390233890146 3.835173352625377 2.5889726349245925 3.538736109231834 2.7192523882205113
1.7999972222222222 2.039782783509838 2.94993768490014 1.7507637569235568 2.44516941572573 1.9171132402840139
1.8166555555555555 1.6087842172984017 2.5706589466340755 1.38872496130595 1.9969309068658367 1.6067942726117797
1.83325 1.6087842172984017 2.5706589466340755 1.38872496130595 1.9969309068658367 1.6067942726117797
1.8499972222222223 0.9307664023803148 1.8587402409700846 0.7785089278796717 1.1833095289641327 1.132181802169119
1.8666611110833333 0.6426495286178756 1.5367272644120644 0.5242881569128137 0.8612965524061119 0.9118571339978417
1.8832416666666667 0.6426495286178756 1.5367272644120644 0.5242881569128137 0.8612965524061119 0.9118571339978417
1.8999722222222222 0.456198316684998 1.2655255016006062 0.3717371653313685 0.6409451201218022 0.7423560322406804
1.9166388888888888 0.18816402954303252 0.7699129701215601 0.13674214100133497 0.3415713269828737 0.41023026037058685
1.9332944444444444 0.18199471709899864 0.7446699219208532 0.1322587921160453 0.33037226708179585 0.3967800878994201
1.9499833333333334 0.03389868812076973 0.3709242905077997 0.016949344060384865 0.10085094901797008 0.15141727608434496
1.9666583333333334 0 0.21838019396433586 0 0.05000291683681548 0.06667055578242063
1.9832666666666667 0 0.21838019396433586 0 0.05000291683681548 0.06667055578242063
1.9999472222222223 0 0.10003939804436038 0 0 0
2.0166583333333334 0 0.01666740744033068 0 0 0
2.033288888888889 0 0.016394171252784275 0 0 0
2.0499972222222222 0.11667282439906553 0.10000527805634188 0.08333773171361822 0.06667018537089459 0
2.0666194444444446 0.11865032989735477 0.10170028276916124 0.08475023564096769 0.06780018851277415 0
2.083325 0.5573719540182847 0.3712047424373998 0.35453719609467615 0.27006978365668804 0
2.0999333333333334 0.5573719540182847 0.3712047424373998 0.35453719609467615 0.27006978365668804 0
2.116652777777778 1.455634191978551 0.94744768348889 1.0494182207453382 0.8971570705374821 0.05084243083310971
2.1332194444444443 1.455634191978551 0.94744768348889 1.0494182207453382 0.8971570705374821 0.05084243083310971
2.149947222222222 1.9556155145153526 1.2750216534267944 1.4459551317228017 1.2592125109951662 0.10256463661277886
2.166561111111111 2.559004838546913 1.6887743327627216 1.9459062859203802 1.7246842752480842 0.18876311147443034
2.1832694444444445 3.8952357695575266 2.602104598095622 3.174345572782901 2.906164133824863 0.5216633365309079
2.199961111111111 4.027277660051002 2.6903115336242873 3.281950507453508 3.0046781722596045 0.5393468394641591
2.216622222222222 4.80494511106186 3.179931193894419 4.02031831775524 3.7131860148685125 0.8062071117082054
2.233277777777778 5.73712743462517 3.857881974667735 5.003346949876549 4.6623171079511545 1.2129775801721947
2.2499444444444445 6.868514484354502 4.664408919287649 6.174004422321501 5.775487033499571 1.733374529690016
2.2665694444444444 7.855684366332848 5.332397777231426 7.2405430180548125 6.780874039658832 2.2298849361169037
2.283247222222222 9.962740914997967 6.8079689491380195 9.492196363267405 8.955560366904574 3.319151309785502
2.2999277777777776 11.196343756285376 7.658154691106369 10.775810130552951 10.205833516858029 3.969293347761298
2.3165861110833332 11.382949485556798 7.785790602624809 10.955406966062167 10.375930742138996 4.0354482368906535
2.3332722222222224 12.971999813514673 8.900207252773 12.623390994635386 12.01685710299894 4.931175431001998
2.349938888888889 14.196489991963231 9.785777532235828 13.904539208606696 13.291164918983714 5.747301871383866
2.366661111111111 16.96279888920536 11.725530175496301 16.77569639862085 16.12262913697478 7.535609112440687
2.38325 17.53780902104283 12.123005774665668 17.344364073150366 16.66915893822816 7.791053489133592
2.3999972222222223 20.510664993258228 14.177309355344175 20.45691766158843 19.758481403277685 9.74659819850926
2.4166416666666666 20.85830338297447 14.417602734248314 20.803645079581457 20.093370918587475 9.91179477814501
2.433263888888889 22.26927052252091 15.36695427219834 22.284488113567296 21.586051855256546 10.83279573128915
2.449966666638889 25.50458462624299 17.714844376115092 25.802203438143344 25.06490610188037 12.987631810195658
2.4666083333333333 25.929661036680375 18.010091782383675 26.2322401621124 25.48265453691171 13.204092340365586
2.483311111111111 29.760137049595517 20.823627260896572 30.435594370975036 29.719906763587755 15.915933765438256
2.499919444416667 29.760137049595517 20.823627260896572 30.435594370975036 29.719906763587755 15.915933765438256
2.5166416666666667 31.811111968940786 22.38304620783678 32.65607134977033 31.991234360218055 17.390601682653447
2.533288888888889 33.91277719965787 23.95929513087459 34.910276798845906 34.36408220135024 18.96685060569126
2.549961111111111 37.610225452809516 26.744063281456555 38.89403690360708 38.59220188572716 21.83346210914508
2.56665 40.52517874609474 28.867749551244547 41.98292813456593 41.743858568681496 23.926152052781326
2.5833166666666667 40.52517874609474 28.867749551244547 41.98292813456593 41.743858568681496 23.926152052781326
2.5999805555555557 45.33226737476311 32.396865411477265 47.226460219009056 47.188804378813856 27.673913091934118
2.616652777777778 47.756037269168104 34.210455472325755 49.904471710729254 49.98546194928115 29.589199791708687
2.6332305555277777 48.56546162966248 34.79029370067026 50.75031021430094 50.8326731687605 30.090711652585107
2.64995 51.17784131908248 36.736428905540194 53.55555014924859 53.81324059964238 32.10697785582873
2.6666166666666666 53.8838685206884 38.78749410930519 56.38222824519363 56.881220484265654 34.209750585739066
2.683263888888889 55.68072691235734 40.157990724305044 58.256091711071115 59.05185302041173 35.74128892823905
2.6999805555555554 59.399540522251556 42.97595753549221 62.19092032183983 63.29318918608282 38.51886933696029
2.716655555527778 63.96891732741018 46.53091421404733 67.15445583103104 68.81462961767284 42.18200941118521
2.7333305555555554 66.79942580198646 48.70040573947106 70.18835413611579 72.1536126685203 44.38539924169369
2.7499805555555557 69.66380021583488 50.88682171217193 73.29001400436587 75.5264559132294 46.6735089805667
2.7666444444444442 70.84454259237445 51.74931021576806 74.53221763155851 76.80656533548752 47.46458540396614
2.7832416666666666 72.6296505675 53.157815695732644 76.4931323841642 79.05158090263707 48.995346113013106
2.7998833333333333 75.6465538455809 55.46790163437745 79.75138792449158 82.6373859417275 51.35715039356787
2.816638888888889 81.83489934684617 60.16855436379208 86.3494258538339 89.86837278915458 56.21180317209302
2.8332972222222224 84.95349055716464 62.541395502077876 89.671403447434 93.51237882295062 58.68633750201963
2.84995 86.39338022762506 63.60141915465547 91.19125774315323 95.09733439622097 59.68102118849454
2.8666583333333335 89.96314931263734 66.35122643501384 94.93717452116817 99.31540236180079 62.69274816809896
2.8832916666666666 93.01274759442165 68.60042055145499 98.15538382697049 102.6820261706754 64.81792607210231
2.8999361111111113 94.76748917588021 69.93155861938908 99.99389962718737 104.7671190948354 66.31379660827277
2.916655555527778 99.79282011628486 73.67678254218333 105.28315237559589 110.47041717014903 70.10290567888799
2.9332694444444445 103.22288833174255 76.24502457285266 108.88558582801126 114.40034457278398 72.79180337542769
2.9499472222222223 106.50113314272576 78.77089796970539 112.35828523091295 118.27102101399905 75.62929140258457
2.966658333333333 111.65964513783469 82.65053414529463 117.81442587238212 124.12572141918866 79.55657219116702
2.9832833333333335 111.65964513783469 82.65053414529463 117.81442587238212 124.12572141918866 79.55657219116702
2.9999805555555557 118.54127322482118 87.90497923634342 125.17064899985043 132.0243388786362 85.08221444820543
3.016663888888889 121.98195119092287 90.58294533803834 128.8655642540877 135.97349142100907 87.84492631261222
3.0333111111111113 124.0494418890741 92.11824949631017 131.0497263600892 138.2781268688228 89.33382336875819
3.0499444444444443 125.30400385788708 93.22702807296905 132.47575414216618 139.85486928190093 90.64155228225046
3.066611111111111 128.40755175984552 95.73709643627619 135.95160773958455 143.63551543802035 93.43805975513988
3.0833305555555555 134.20442268989004 100.55087256401228 142.5959750804828 150.95787971606794 99.03153290646875
3.099972222222222 134.93886608204875 101.31240730565005 143.53712485453792 152.04064612659405 100.1130658394893
3.11665 136.7810617768427 102.74670654830241 145.62432121385007 154.3034666243216 101.78161693681412
3.1333222221944443 140.98710373282077 106.2064322236062 150.55085263911968 159.73968329329972 106.16050359602839
3.149988888861111 143.54724384477558 108.5945892414899 153.69377276108278 163.3354377402561 109.54933572212244
3.166655555527778 145.58678479419262 110.38367022954519 156.10736624121927 166.0547038996645 112.00439288599094
3.183333333333333 147.46828307253318 112.09564973935761 158.3448060599709 168.59723895017098 114.34348582246913
3.1999916666666666 149.14037073355533 113.66136656811162 160.31863631598173 170.88890732587345 116.50117256424468
3.2166333333055555 149.14037073355533 113.66136656811162 160.31863631598173 170.88890732587345 116.50117256424468
3.233313888888889 150.63193091701183 115.00037633513803 161.96274117049032 172.87199618883577 118.39949986469465
3.249947222222222 151.95389644756577 116.27149914777816 163.4202933622777 174.70241331479778 120.17907628349458
3.2666583333333334 154.27000077452118 118.56598488586937 165.96943659720702 177.926197734228 123.45590574791375
3.2833194444444445 155.71276226031202 119.73105975867819 167.5415533530605 179.71820652159448 124.9279164554898
3.2999888888611113 156.68183744253605 120.74584687550072 168.63427350092326 181.1259593608297 126.39502006698268
3.3166277777777777 156.13825841292922 120.51306705666632 168.06097777152655 180.61565377566106 126.27147604304346
3.333263888888889 156.76534028755123 121.2587935735091 168.8066987347235 181.64950075660622 127.3561758437176
3.3499861111111113 157.75683457184934 122.55802318737902 170.07172094420807 183.5641566600657 129.30504334868243
3.366613888888889 157.75683457184934 122.55802318737902 170.07172094420807 183.5641566600657 129.30504334868243
3.3833194444444445 158.16289824813663 123.57455757780374 170.71507297302304 184.7838544294755 130.7623403853362
3.399938888888889 159.18890971356575 124.51418799229624 171.86765005721105 186.17488543665422 131.90998073246678
3.4166583333333334 158.07162378862603 124.17398747278918 170.73902304188613 185.3792938625461 131.9533686417855
3.433327777777778 157.88857313198977 124.33865988628344 170.53698881083707 185.46599889723558 132.4088134021718
3.4499166666666667 156.83387827241003 123.65059331696226 169.35829300525486 184.30928563962436 131.75514949562938
3.4666527777777776 156.51454041252495 123.63969801767476 168.9416980890944 184.1424844705984 131.9590423833222
3.483313888888889 156.7841486436765 124.12409832788407 169.09639430199402 184.7200166377206 132.80243521360003
3.499913888888889 156.7841486436765 124.12409832788407 169.09639430199402 184.7200166377206 132.80243521360003
3.516636111111111 156.07218325276824 123.73419403236352 168.31662377784613 184.02499139735158 132.5481304109097
3.533325 154.3410799941207 122.79179879176765 166.48119905523717 182.2214221086106 131.7074300855681
3.5499916666666667 153.3073049779101 122.2325785973131 165.39658620515806 181.20461850906239 131.1482098911135
3.566663888888889 152.10257326866162 121.55467394000162 164.10598323071275 180.0295614901398 130.43612566082282
3.5833138888888887 152.10257326866162 121.55467394000162 164.10598323071275 180.0295614901398 130.43612566082282
3.5999694444444446 149.2090177458165 119.66342848542921 160.8322662219657 176.67596903881935 128.18338731202005
3.6166638888888887 147.80403939242257 118.92535823389883 159.18456684906445 175.1417705224088 127.36866798729649
3.6333305555555557 146.08529381943234 117.81174751454327 157.35951796159353 173.22765885755737 126.11942104464293
3.649983333333333 144.4574084548844 116.59734407097852 155.68019281875496 171.30487320344574 124.76882623173229
3.6665944444444443 144.2041051808866 116.5237523551259 155.4952959047216 171.14310753695693 124.78058015118265
3.683311111111111 142.2211030307657 115.1509162488264 153.4784018179472 168.78722685607738 123.33994853603517
3.6999805555555554 138.50593935931815 112.39633386008369 149.478666834068 164.1864266517102 120.4844650430949
3.7166638888888888 135.85506420778253 110.565108366999 146.61999391250293 160.9466018508859 118.77081152383847
3.733325 133.5912318444748 108.94562600839471 144.16943866313576 158.174294911307 117.06743002680221
3.7499666666388887 131.26922571564089 107.26768030289493 141.62709608880695 155.30992193379905 115.28779055513034
3.7666583333333334 129.5840701653092 105.97599271014924 139.7888107765881 153.18064243408523 113.86462574513489
3.783325 127.89259427625592 104.90967389808088 137.95652579939554 151.14175231812385 112.96141840123997
3.7999972222222222 123.38618897292102 101.59606213141701 133.14387637977157 145.69673167134258 109.39350732947398
3.816647222222222 120.63514317979154 99.60686361952081 130.20554945588583 142.40360851654322 107.28651295876595
3.8333 119.50835793505736 98.882056760578 129.03414087690075 141.1114601519463 106.58845284288745
3.8499055555555555 117.7061962427907 97.52710908545318 127.15941807802045 138.98372753303164 105.08782484457404
3.8666194444444444 111.50223899668931 93.18770044873649 120.78594105532011 131.93223039648285 100.54501392777402
3.8833083333333334 111.50223899668931 93.18770044873649 120.78594105532011 131.93223039648285 100.54501392777402
3.8999944444444443 105.00325191983055 88.66658035284578 114.11313712178524 124.50896384449655 95.71790263430958
3.9165972222222223 103.34857100598256 87.42975243835795 112.39246866723111 122.55118812932251 94.29879540086161
3.9332555555555557 101.69814677754886 86.36147698217239 110.72328358347652 120.72927931888685 93.22635925594525
3.9499138888888887 98.30822974958843 83.95463311381799 107.19776888231475 116.86477361877165 90.66697014190441
3.9666111111111113 94.9414508569587 81.54248429825591 103.68270939302286 113.01464528116043 88.10309192267114
3.983275 91.55795774756187 79.09433579800567 100.116155320999 109.13112855953746 85.47019628865857
3.9999972222222224 84.67632966057538 73.97548967301472 92.75993219353067 101.2325111000899 80.01235351464912
4.0166611111111115 81.23565169447369 71.33085820099987 89.06501693929339 97.28335855771702 77.24964165024234
4.033272222222222 81.23565169447369 71.33085820099987 89.06501693929339 97.28335855771702 77.24964165024234
4.049980555555556 77.91359902750946 68.68677546606916 85.45482705121493 93.40198069682515 74.45301568060408
4.066619444444444 73.46889668965765 64.99347720462859 80.55308431680288 88.08655510360806 70.4818113518505
4.083322222222222 68.4558082414882 60.991726232588576 74.9800689168036 82.0289004790015 66.0630350563858
4.099941666666667 67.33358187687364 59.99186186811991 73.75088745915107 80.68416440557525 64.98003448169095
4.1165666666666665 65.47238374796201 58.54165136918998 71.64663372850617 78.4121232996988 63.31295102604042
4.133227777777778 61.598034787154845 55.28110511383479 67.32093865559732 73.69208088129794 59.60738503948901
4.149969444444444 59.84474068458897 53.89715070638341 65.34096145308666 71.53012611263038 57.95651968579627
4.166627777777777 54.39943616979656 49.39310758815673 59.27389333546923 64.9085273490855 52.74624802319061
4.183319444444445 51.789163447146514 47.17268079161676 56.358523801080864 61.70501082583316 50.22072441491232
4.199908333333333 51.789163447146514 47.17268079161676 56.358523801080864 61.70501082583316 50.22072441491232
4.216641666666667 48.46454463027473 44.333612239703804 52.713075304567944 57.69320325047623 47.00379175760818
4.233325 46.08053560697655 42.34971661891721 50.12900958001398 54.80905247403858 44.73648247670921
4.249961111111111 44.50966719488215 41.05563562062725 48.43918348248723 52.87520774765377 43.21100672516477
4.266572222222222 42.22146049919387 39.14032186794001 45.964530315298425 50.12935971282783 41.02449810484042
4.283333333333333 37.76417991467928 35.39459684217107 41.15147195141101 44.773725865104595 36.77068332676427
4.299966666666666 37.76417991467928 35.39459684217107 41.15147195141101 44.773725865104595 36.77068332676427
4.316630555555555 35.111208183846394 33.063881193193886 38.27625880897606 41.57239225664861 34.21735444221685
4.333302777777778 32.26871222491538 30.708003771533864 35.14134849641413 37.957829643659025 31.51810944537755
4.349958333333333 29.798664214904537 28.51820916639458 32.4369793771805 34.90142925519306 29.12836924097639
4.366552777777778 29.798664214904537 28.51820916639458 32.4369793771805 34.90142925519306 29.12836924097639
4.383325 26.171176673798662 25.2975426579361 28.470474308868464 30.426397896071798 25.636488710752978
4.399994444444444 25.742140990621635 24.88282884387157 28.003745221837836 29.927604487939472 25.216218404019322
4.4165833333333335 24.510164416771143 23.822970552207583 26.673869214532576 28.341658022455622 23.95852734906191
4.433325 21.249461221351655 20.91511937374629 23.178119725473564 24.308296549579108 20.715057223400702
4.449980555555555 20.023991298024992 19.873568868933663 21.899163370476142 22.77273394562363 19.497764716965367
4.466658333333333 18.16482576264917 18.203352105351907 19.940947974022777 20.562669563372754 17.73211586611139
4.483311111111111 16.67331719212454 16.966077950257617 18.398592520412084 18.816926577417792 16.376198983816273
4.49995 16.67331719212454 16.966077950257617 18.398592520412084 18.816926577417792 16.376198983816273
4.516658333333333 15.082925570840201 15.537603244758644 16.679887933539025 16.957991037203122 14.907379543565316
4.533277777777778 13.043220088897984 13.789093386350578 14.4874796532051 14.499227159693778 13.034087611976897
4.5499833333333335 11.673235363796856 12.491427272244321 12.99172413622262 12.816826219174509 11.749004927443535
4.5666166666666665 11.481870849636252 12.28664977597802 12.77874505202225 12.606714313942138 11.556398289288722
4.583319444444444 10.416246758006785 11.302996768320053 11.647544093215588 11.295176970398185 10.556351064836454
4.599911111111111 9.572918954232035 10.559192457751207 10.824737911694317 10.330907081308867 9.850949255029958
4.616586111111111 7.657526223805883 8.777989832813628 8.841542633587437 8.129617507036235 8.136700183849376
4.633219444444444 7.657526223805883 8.777989832813628 8.841542633587437 8.129617507036235 8.136700183849376
4.64997777775 6.027693659166334 7.249015309762211 6.992760847552441 6.180542298907983 6.67439973569517
4.666566666666666 6.027693659166334 7.249015309762211 6.992760847552441 6.180542298907983 6.67439973569517
4.6832722222222225 5.3157729422734725 6.604896565906764 6.19608766436281 5.41777010223706 6.01333049858037
4.699997222222223 3.9936830232091065 5.3845058713858105 4.806198262269501 4.095680183172692 4.725140321030471
4.716561111111111 3.9936830232091065 5.3845058713858105 4.806198262269501 4.095680183172692 4.725140321030471
4.7333083333333335 3.3936213502038246 4.817780957991933 4.156131449847114 3.495618510167411 4.141747027830894
4.749986111111111 2.2845769539207694 3.759301523971361 3.0134711002082804 2.4204721316977644 3.1332684271575437
4.766574999972222 1.8099980014973096 3.284722571547902 2.5219428994839825 1.9967409241768184 2.658689474734084
4.783327777777778 1.780325903112108 3.2308746605389196 2.480599573262934 1.964007466403428 2.6151044013777875
4.799986111111111 1.0642331829526248 2.5050593521602766 1.7422796800963574 1.2848745064750735 1.9129246561893993
4.816627777777778 1.0467867373304507 2.463992805403551 1.7137177181275647 1.2638109899754821 1.8815652355961305
4.833319444444444 0.5579160854411955 1.8452989515071967 1.0997596679266988 0.7607436227438455 1.3204056162608675
4.849944444444445 0.5579160854411955 1.8452989515071967 1.0997596679266988 0.7607436227438455 1.3204056162608675
4.866663888888889 0.2528287541926256 1.2690228813710094 0.6251793748733678 0.35396051441241894 0.8119267308465844
4.883311111083334 0.24868402051733668 1.2482192275780422 0.6149305326623291 0.3481578830286088 0.7986164565704109
4.89995 0.16808155508755598 1.0317307238768145 0.4556849766632285 0.2353144356653214 0.625482892815431
4.91665 0.016949248300837876 0.5780523935607247 0.13647154569352618 0.03389849660167575 0.28960205440539805
4.933241666638889 0.016949248300837876 0.5780523935607247 0.13647154569352618 0.03389849660167575 0.28960205440539805
4.949994444444444 0 0.28757297158182016 0.016948482263413323 0 0.10169644755576851
4.966647222222222 0 0.2828586605722821 0.016670638291881958 0 0.1000292926778051
4.983288888888889 0 0.16616419252910844 0 0 0.0666880160940412
4.99997777775 0 0.033334629680043124 0 0 0
5.016622222222222 0.03334287773208413 0.032788160341026024 0.0500143165981262 0 0
5.033327777777778 0.15254266015756238 0 0.1355936512532927 0 0
5.0499527777777775 0.15254266015756238 0 0.1355936512532927 0 0
5.066594444444444 0.37666449048584333 0 0.27351477760915793 0 0
5.083280555555556 1.204071025153332 0.0666865089904297 0.8025230007193306 0.1333730179808594 0.03334325449521485
5.099955555555556 1.2448869921076824 0.06894706861722392 0.8297271702352401 0.13789413723444785 0.03447353430861196
5.116583333333334 1.7585817045565961 0.20571868086733472 1.177940300473197 0.2735166316742716 0.08561924917611761
5.133280555555555 2.4371017731104754 0.40206623786845097 1.6186925896534279 0.47101330648567485 0.20980002269896342
5.149966666666667 3.17616645211914 0.7174081294688235 2.2019011082645275 0.8191053429667967 0.4605478258367544
5.166574999972222 4.126253441518518 1.10875182993367 2.8941760635065847 1.2811153142242349 0.7613597253234106
5.183313888888889 5.922804760615022 1.9304162692341142 4.35814185896641 2.43551262374191 1.5885316207646534
5.199994444444444 6.776024568422281 2.3322471037500647 5.070289954097626 3.029129499165353 2.012639314066804
5.216583333333333 7.005720316504393 2.4113063276059994 5.242164189829748 3.1318118550692633 2.080864375560594
5.233316666666667 9.194095150479923 3.5575853796033177 7.087041843096572 4.740669477925161 3.266549864590786
5.249980555555555 10.22701768937406 4.1827778545495375 8.004466680447653 5.579862001206975 3.896513413553605
5.266561111111111 10.397467984196961 4.25249081879203 8.137874458455112 5.672859701227092 3.961455303779498
5.283325 12.927951011888842 5.816675790391813 10.405296300460792 7.813967342052535 5.630445916896426
5.299922222222222 13.143416862086989 5.9136203868983435 10.578717905468471 7.944200131086744 5.724286682178033
5.316619444444444 15.9287167628527 7.6171352409701285 13.105985476328264 10.447972834565256 7.664298259216375
5.3332194444444445 16.19419537556691 7.744087494986298 13.324418567600402 10.622105715141343 7.792036563536649
5.349991666666667 18.157890760095963 8.909558009204128 15.084341448154095 12.370700509406952 9.061741253227986
5.366633333333334 20.984119445473915 10.782805054845452 17.780161443593606 15.27080630892588 11.045865512815718
5.383291666666667 22.751371841765817 11.899841946841276 19.414036300542723 16.98804212796424 12.212918982065085
5.399980555555556 25.011906675595796 13.301555677689581 21.449458307502415 19.03387806906926 13.653748777070433
5.416630555555556 25.011906675595796 13.301555677689581 21.449458307502415 19.03387806906926 13.653748777070433
5.433308333333334 27.487222050108944 14.824462797118814 23.671527968022456 21.267605300698293 15.200158474081622
5.449952777777778 29.097983968951933 15.870439846132337 25.13899655959907 22.878583384380885 16.308836671357255
5.4666194444444445 32.9554684767492 18.37768064719203 28.62793243649297 26.571286777983644 18.808890639216543
5.483272222222222 33.504726284695025 18.683975324645232 29.10506464376785 27.014141557616707 19.122372149870152
5.499936111111111 35.843643264441354 20.175458616077677 31.2067001907863 29.21746914723282 20.579958093770042
5.516611111111111 38.222905750540775 21.692669476778754 33.34458822177418 31.458803373268502 22.062686889455186
5.5332944444444445 40.680532869184844 23.235042358134688 35.61577466245215 33.763888119031215 23.655907228438238
5.549966666666666 43.95541703665245 25.214558583080372 38.61522067239033 36.78365389366105 25.745972100684938
5.5666472222222225 48.40217277234912 27.97369332484626 42.825736473063756 41.059470140313266 28.735287748000157
5.583266666638889 48.40217277234912 27.97369332484626 42.825736473063756 41.059470140313266 28.735287748000157
5.5999694444444446 51.99767593339103 30.13703167317286 46.188829237851536 44.37538937174997 31.135613082389124
5.616591666666666 54.82444186371805 31.929614946063165 48.877704147186996 47.09873703633331 33.08332375389493
5.6333 59.469976087388396 35.09233863862362 53.48675859487923 51.83913498931333 36.49800310883212
5.649988888888889 62.3174095837147 36.95672961836109 56.26639605557871 54.68656848563963 38.51493516872992
5.666627777777777 65.28425755775756 38.89018110706318 59.09990254764212 57.670084144929916 40.58172813941146
5.683313888888889 67.18137706707071 40.15436630262711 60.96725119161916 59.70842038600176 42.031307874082465
5.699963888888889 68.30106668485523 40.82360574100423 61.98337204481281 60.70356072576846 42.73182967198384
5.716658333333333 74.48652773643298 44.941408132732946 67.98407432667776 67.05683029322894 47.101909511675935
5.733272222222222 74.48652773643298 44.941408132732946 67.98407432667776 67.05683029322894 47.101909511675935
5.749980555555555 77.68989946879607 47.060040230856686 71.1027007751159 70.32799825273199 49.39003217764957
5.766594444444444 84.19796958873212 51.500442239771395 77.33960130672129 77.07334176245737 54.033811377812285
5.783219444444445 84.19796958873212 51.500442239771395 77.33960130672129 77.07334176245737 54.033811377812285
5.79997777775 90.92104017499186 56.071756838906666 83.81012182041744 84.18314661214914 58.85739317108587
5.816577777777778 90.92104017499186 56.071756838906666 83.81012182041744 84.18314661214914 58.85739317108587
5.833325 97.83670466356321 60.78390077964892 90.52238441226612 91.5056148941659 63.90854027303259
5.85 101.28673341380278 63.15058716870216 93.87241232916543 95.15564531108603 66.44189471765296
5.866580555555555 103.07698082513924 64.48246866690721 95.68418611347157 97.24644211208957 67.88652014493225
5.883283333333333 104.79493050555824 65.55717647802233 97.27892254869609 98.86721614729107 69.01796214734779
5.899961111111111 108.37126230779218 68.01484525206935 100.75355771200394 102.64694122737718 71.62817587978392
5.916641666666667 113.87942216879755 71.70139390759135 106.02918537790691 108.26491581296042 75.53109526412959
5.933322222222222 117.58546320721685 74.26976653421681 109.63180201525405 112.17780565352405 78.23736709218461
5.94997777775 123.01066585367214 78.12639452005277 114.9674709274782 118.10342779927606 82.31834513505193
5.966563888888889 123.01066585367214 78.12639452005277 114.9674709274782 118.10342779927606 82.31834513505193
5.983316666666667 130.3726218588877 83.30301292655419 122.16106358198388 125.83516241662575 87.7305593671967
5.9999472222222225 132.5823273141231 84.71492839988562 124.23159008337345 127.9679617796194 89.21751800053902
6.0166611111111115 137.58726236487192 88.63655085826672 129.2903723474636 133.699143513887 93.2861938801821
6.033330555555556 140.90195163040863 91.28655085826672 132.65562658475173 137.53247684722035 96.05286054684876
6.049980555555556 143.06219979669186 92.83378053383056 134.76376826277547 139.86353577683425 97.68087513238858
6.066594444444444 143.9657610585897 93.9474024437614 135.89037721325857 141.36274728239104 98.84929692650879
6.083322222222222 149.49133005596187 98.99837869907834 141.9244319908298 148.7527664387871 104.34096216036487
6.099991666666667 152.0416242757432 101.36892545922277 144.79966906515855 152.32669963004335 106.98414952809607
6.116666666666666 154.35397661972877 103.56281758867517 147.46949385126376 155.68735889777707 109.46368932978808
6.133272222222222 154.35397661972877 103.56281758867517 147.46949385126376 155.68735889777707 109.46368932978808
6.149952777777778 156.40479405664715 105.56280193201614 149.85929864827276 158.7890339908846 111.73486145447369
6.166613888888889 158.4771555206628 107.96816540463418 152.5058218388811 162.35639225627392 114.38922023613199
6.183275 160.27777010490442 109.78544229067477 154.58986006766585 165.02395359312314 116.32320213941021
6.199997222222223 163.67701079720584 112.91069454015725 158.33217353144556 169.66646459644366 119.64244676015468
6.216627777777778 163.51109726954954 113.1268995711091 158.37057706234978 169.90249233950934 119.84832100492062
6.233327777777777 166.39800391823292 115.7927000480312 161.62803797238539 173.9900395942247 122.70892184268732
6.249991666666666 167.57819615334202 117.03131592341472 163.04411186182594 175.8747899068082 124.01421086684921
6.266591666666667 167.57819615334202 117.03131592341472 163.04411186182594 175.8747899068082 124.01421086684921
6.2832888888888885 169.41006814130884 119.06635283218543 165.31672841743554 178.92728559501913 125.98145574951923
6.299975 168.74771375083685 118.83584295399407 164.8034492685434 178.46958501768307 125.63758352842076
6.316655555555555 170.62817886196063 120.69794886530785 166.9910555049638 181.22395932261392 127.39271926320106
6.333297222222222 170.62817886196063 120.69794886530785 166.9910555049638 181.22395932261392 127.39271926320106
6.349991666666667 170.0990600773082 120.8603462455176 166.7377414710869 181.13384555529606 127.4445364891208
6.3665722222222225 171.22222352602037 121.78996716447868 167.90657527288468 182.50871698187865 128.41609902557124
6.383319444444444 171.32006951801708 122.5208817491742 168.47677031358836 183.31763742167902 129.2156662579797
6.399997222222222 171.13880449645202 122.73423228541395 168.58166803605934 183.57169741868546 129.4951234030947
6.416658333333333 170.799646694407 122.88218868954446 168.5677600126972 183.6586152832407 129.67668843653104
6.433325 171.5906078726056 123.64997009550403 169.53128741185105 184.77272248597944 130.48949925222445
6.4499611111111115 170.23931569033076 122.8773383555499 168.3668673669231 183.52377866722446 129.7215254605109
6.466658333333333 168.7149109014296 122.5731320180523 167.58832548890888 182.9826649392268 129.68859794906902
6.483297222222222 167.27696891947994 121.7276773037668 166.3327874572606 181.62230249036475 128.87403805559106
6.49995 168.14922603622938 122.79435027799597 167.65980712224606 183.25899564361254 130.25249893247374
6.516627777777778 166.60094433718314 121.90029084506428 166.23832345659824 181.79785888396333 129.3019319085381
6.533330555555556 163.7339845520369 120.60024709322889 163.79215326980636 179.46006155704407 127.86360170305718
6.549994444444445 162.4344342146461 120.54813743281184 162.93632623542925 179.02946535178927 127.71074294590137
6.56665 160.8746584709049 120.00501543543366 161.57881327872488 177.95558723555277 126.99869390240103
6.583280555555556 160.8746584709049 120.00501543543366 161.57881327872488 177.95558723555277 126.99869390240103
6.599927777777777 159.0779339680339 119.27611167427429 159.98547784058457 176.59952786821913 126.01554978863179
6.616641666666666 155.570017243704 117.25423129306597 156.59605335176204 173.30454558559015 123.69980004573338
6.633330555555555 153.45361372249033 116.33028750419841 154.63234250360287 171.70095703639828 122.5787634453557
6.649961111111111 153.1588273486414 116.4059964655535 154.42647970464753 171.71544766786977 122.60525225639789
6.666566666666666 149.51595606404123 114.03539113260729 150.87655625377556 167.8004381174519 119.9977650837132
6.683266666638889 149.04104069106577 114.00252949611533 150.55765903260843 167.61359642678585 119.93093486442687
6.699927777777778 146.6344079501419 112.7131799364689 148.30131526567195 165.30894164054382 118.40795906208875
6.716583333333333 144.11871839579428 111.2656474988948 145.9048597390953 162.81165796742772 116.82482459387421
6.733319444444445 139.72339690266563 108.54234858534217 141.6119684339826 158.24492893076246 113.79559944310977
6.749988888888889 137.02268102635134 106.92526163614042 139.06129621395544 155.54421588017965 112.02847236978523
6.766599999972223 135.0491412781571 106.03418371643531 137.43262774838917 153.95722979843106 111.10356038215485
6.783272222222222 131.28812611218788 103.39118501737578 133.76017186795409 149.54293602734452 108.26101133550438
6.799961111111111 128.27048241143927 101.50723113803124 130.92591752702953 146.3252288434888 106.2436818007551
6.816599999972222 127.05826795069933 100.89897998969286 129.85796198491056 145.23059043434324 105.59770288565193
6.8333 120.6172052062894 96.83093841602683 123.65420126180628 138.314923647322 101.08895777703252
6.849991666666667 118.83993971722579 95.5269724533979 121.86049324279816 136.23085948111932 99.66517178236495
6.8665972222222225 114.03185957243636 92.61698101898406 117.33833936938368 131.2753565808809 96.43716015024988
6.883277777777778 114.03185957243636 92.61698101898406 117.33833936938368 131.2753565808809 96.43716015024988
6.899975 108.8431767694705 89.07808144503822 112.26161324587905 125.5708686445735 92.61945868215436
6.916599999972222 107.04706022410292 88.07119071206006 110.62416555703916 123.85015713328248 91.51904853024674
6.933330555555556 99.7635182616474 83.31553424439548 103.64747536332523 116.1224084256171 86.42205508783609
6.949988888888889 97.7141947999908 82.15948520578152 101.78463428146712 114.14352126292084 85.16353417548412
6.966647222222222 94.51045070818783 79.66412927479332 98.51356571825663 110.40111072971033 82.5366185552672
6.983294444444445 90.85942622395638 77.18009910631966 94.96256930208632 106.56670145403346 79.93588902114999
6.999988888888889 85.06837042287451 73.24443541874093 89.3410513148767 100.5437406364539 75.84270110004648
7.016641666666667 81.47512978309688 70.58340343550938 85.78170917170073 96.64541352726123 73.06302437870907
7.033330555555556 80.13947191780021 69.42629846115678 84.37545164429581 95.0610624858307 71.86526988069745
7.049988888888889 76.76242273747233 66.8197410841076 80.982009021345 91.290570682552 69.14395840528758
7.066630555555555 73.52839199139754 64.20251001640793 77.66462696738168 87.52309156599068 66.39336524496625
7.083327777777778 68.38082180879525 60.153777643890834 72.38259903281129 81.45619470074725 61.9743571231228
7.099936111111111 65.29608476002987 57.645310153686005 69.14532004207396 77.74434077943063 59.27944948161897
7.116580555555555 65.29608476002987 57.645310153686005 69.14532004207396 77.74434077943063 59.27944948161897
7.133288888888889 61.323767911844854 54.35584088970193 64.97874214093386 72.97773940196089 55.75005794109747
7.149969444444444 57.63104457917372 51.4700116175796 61.11481827902292 68.46371596560583 52.56438609302762
7.166555555555555 56.670527169520824 50.61217809061994 60.09623797437254 67.32265403284573 51.68831299147716
7.183305555555555 51.174456652276376 46.10768854819654 54.38179361076 60.76804956165196 46.94878196374005
7.199980555555555 49.3528694561639 44.6828561337013 52.511146870773764 58.57472283446085 45.417547318069715
7.216655555555556 45.971050205058305 41.836488507669266 48.95804794098415 54.53074150516233 42.45724193458727
7.23325 45.971050205058305 41.836488507669266 48.95804794098415 54.53074150516233 42.45724193458727
7.249894444444444 43.504191671616816 39.869668866141595 46.40784959222369 51.6138479689984 40.37374655161304
7.266655555555555 38.79289324033674 36.05671839225465 41.54423984756463 46.08983974492578 36.476880459596266
7.28325 38.79289324033674 36.05671839225465 41.54423984756463 46.08983974492578 36.476880459596266
7.299925 36.54280573693382 34.23998107469232 39.22748308480163 43.47307131504239 34.64347582719389
7.316630555555555 32.27391650280218 30.777917933481937 34.80745533514143 38.498492003393 31.16446243215346
7.333236111111111 32.27391650280218 30.777917933481937 34.80745533514143 38.498492003393 31.16446243215346
7.34995 30.27373569549757 29.167602876753637 32.77337315822148 36.24405092397339 29.50329532100217
7.366569444444444 28.306987080971965 27.58420356844913 30.773289821415784 34.027291892347094 27.869893929277517
7.383286111111111 24.645659849850677 24.600899898646603 26.908555521898883 29.75574345603893 24.717084369145304
7.39995 24.241632639197388 24.197606457685183 26.467431660884145 29.267944382989107 24.311886264733086
7.416658333333333 21.267542363315513 21.76037718706478 23.278166893119728 25.77279654555421 21.725707322846542
7.433244444444444 21.267542363315513 21.76037718706478 23.278166893119728 25.77279654555421 21.725707322846542
7.449997222222223 18.293351703052778 19.196207692428363 19.996240757284124 22.114456471103132 18.90494519766397
7.466636111111111 17.99346069152732 18.88151576304429 19.668433531754875 21.75192439780636 18.595028063276036
7.483291666666666 16.876653554205028 17.962846951078557 18.429539275028965 20.347750544304752 17.538248159952023
7.499986111111111 15.526646054163358 16.779507043634624 16.912864182389562 18.681074618327386 16.20490741917012
7.516611111111111 14.272440652605772 15.626993971933057 15.540017729333284 17.087894783916397 14.984599460897872
7.5333194444444445 13.324969174061417 14.736955727190477 14.493369147641578 15.860633188745341 14.066435822112513
7.549988888888889 12.365041630938588 13.835855921577963 13.432895435465962 14.616834143919537 13.136533757598063
7.566577777777778 11.424071016240955 12.938233023480782 12.440483269578534 13.36448951871756 12.244186006722046
7.583316666666667 10.52084946115247 12.044191643031604 11.483978202768313 12.138749641373783 11.373467794810702
7.599888888888889 9.695245932139583 11.246285244598338 10.601930345345982 11.02825049895446 10.600344297356466
7.616602777777778 7.950270237631586 9.751733338336132 8.891169156996716 8.873031256683577 9.119796061583662
7.633286111111111 7.950270237631586 9.751733338336132 8.891169156996716 8.873031256683577 9.119796061583662
7.649991666666667 6.430403495937052 8.301163901182802 7.327068939095033 6.970826678013523 7.7039450679726516
7.666658333333333 5.725190989807796 7.592692428717096 6.558441392946207 6.073051763318971 7.0038663060634265
7.68325 5.725190989807796 7.592692428717096 6.558441392946207 6.073051763318971 7.0038663060634265
7.699997222222223 4.468261510976145 6.349650425551108 5.271940552560649 4.5745511021655965 5.757476561195683
7.716636111111111 4.468261510976145 6.349650425551108 5.271940552560649 4.5745511021655965 5.757476561195683
7.733286111111111 3.336055851547932 5.122380564276441 4.130461530189985 3.137455219535801 4.637107800070024
7.7499416666666665 2.7999985263242446 4.60341964379107 3.521658864535745 2.5065857469781343 4.084763340391083
7.766644444444444 2.7999985263242446 4.60341964379107 3.521658864535745 2.5065857469781343 4.084763340391083
7.7833194444444445 1.9842692151720713 3.6350799344269356 2.5030047003225238 1.7245074198472956 3.1395981720690322
7.799988888888889 1.5956894494836988 3.213167807395093 2.078350860539629 1.3297428495083337 2.705888860219145
7.816580555555555 1.5956894494836988 3.213167807395093 2.078350860539629 1.3297428495083337 2.705888860219145
7.833275 0.9635713057157688 2.407672647150548 1.4195156004500586 0.7860277494905087 2.027580313239113
7.849997222222222 0.6753549193646649 2.0260997741117808 1.0908362029664629 0.5193359095041605 1.7144923186475443
7.866655555555556 0.42552736158187077 1.651258100162687 0.7984223520410278 0.31892259943614715 1.4117304652002662
7.883283333333333 0.42552736158187077 1.651258100162687 0.7984223520410278 0.31892259943614715 1.4117304652002662
7.899930555555556 0.2721132349479999 1.3660569651922139 0.6001148463471783 0.19011307403723457 1.1750272324113056
7.916633333333333 0.11299786151547082 1.070654843196495 0.39455260398574643 0.05649893075773541 0.9298767537505527
7.933247222222223 0 0.5354105671261493 0.11864959432630873 0 0.5059962081409441
7.949913888888889 0 0.5354105671261493 0.11864959432630873 0 0.5059962081409441
7.966622222222222 0 0.36672274741683886 0.060607575795455504 0 0.36723577461154355
7.983330555555556 0 0.06560906673562904 0 0 0.06560906673562904
7.999994444444445 0 0 0 0 0
