# SectorTime station0 station1 station2 station3 station4
0 4.250517964012043 4.140885137618464 3.8444746885202936 4.231789688370745 4.246973068835977
0.016627777777777776 4.2310706878930775 4.122236153538475 3.8258973545040345 4.210943319432689 4.227201589006281
0.033280555555555556 4.213302995596477 4.104058938573718 3.807807000205446 4.190481833562433 4.205378578840064
0.04995 4.195656829059326 4.084562395397675 3.7897868517058595 4.1716082645695645 4.185271536239909
0.06662222222222222 4.195656829059326 4.084562395397675 3.7897868517058595 4.1716082645695645 4.185271536239909
0.08332222222222223 4.162247446885016 4.044232523910287 3.751843348692665 4.136438364178889 4.143224564868824
0.09999166666666667 4.146442510178188 4.025157632411672 3.7339180580506124 4.120465828537689 4.123383114712664
0.11658333333333333 4.146442510178188 4.025157632411672 3.7339180580506124 4.120465828537689 4.123383114712664
0.1332472222222222 4.130978852789599 4.004863175084213 3.717060565294895 4.103611464628803 4.103845463824236
0.14999722222222223 4.100549313135192 3.965103887297745 3.683910239732853 4.07072818869466 4.065588674503991
0.16661388886111111 4.100549313135192 3.965103887297745 3.683910239732853 4.07072818869466 4.065588674503991
0.18331666666666666 4.085901768912383 3.945698707739842 3.6665519954033257 4.0561111248589015 4.047039798193229
0.19989722222222223 4.071006904422028 3.927359181281542 3.649004982769645 4.041317588759776 4.028267914656608
0.21665 4.041386355980557 3.890888309405108 3.61430995108531 4.01671224381615 3.99109784198083
0.2333 4.027874066588397 3.8727069530344895 3.597438006922706 4.004375048654423 3.9739219303408517
0.2499472222222222 4.027874066588397 3.8727069530344895 3.597438006922706 4.004375048654423 3.9739219303408517
0.26665 4.001305330645479 3.8363888175534804 3.561853156834537 3.9785218719808477 3.9406617499990144
0.2833333333333333 3.988257302923698 3.818147057057064 3.5453401904261255 3.965528472766193 3.923924107331551
0.29996944444444446 3.988257302923698 3.818147057057064 3.5453401904261255 3.965528472766193 3.923924107331551
0.3165861111111111 3.959838121917861 3.779706889060496 3.5125588408735964 3.937574000522212 3.888567143038289
0.3332583333333333 3.9454572782398563 3.760333551366499 3.496953111967578 3.9235105688070875 3.8707440978166496
0.3499083333333333 3.9454572782398563 3.760333551366499 3.496953111967578 3.9235105688070875 3.8707440978166496
0.36664444444444444 3.9195909658534465 3.7193365510688294 3.466283580433548 3.8960735123022383 3.833068487541754
0.38332777777777777 3.9063407930164025 3.699842664320641 3.450704254869964 3.883251849180043 3.8144206814117543
0.4 3.8925133846585287 3.6800934588536545 3.4349063262690223 3.8688762263329983 3.7967847498305303
0.41665555555555556 3.8780954024856746 3.6596432849621645 3.4193908157258086 3.8550776124012276 3.7789038533238157
0.43329444441666665 3.8780954024856746 3.6596432849621645 3.4193908157258086 3.8550776124012276 3.7789038533238157
0.4499472222222222 3.84704996715092 3.6183940211409293 3.389756649666298 3.824902522318426 3.7419525850426756
0.46660277777777776 3.84704996715092 3.6183940211409293 3.389756649666298 3.824902522318426 3.7419525850426756
0.4833277777777778 3.8133886116567424 3.5727808871028985 3.359034264890187 3.7925446604633675 3.7052550202421073
0.49996666666666667 3.796151171496874 3.551095954527441 3.3435262192077393 3.7764129551819656 3.686790960376188
0.5166083333333333 3.7832942315623623 3.5309879578099697 3.327760428124359 3.764353171101665 3.6720470001919816
0.5332361111111111 3.7529523512204817 3.4884182983672454 3.2930382059021364 3.7341666909151843 3.6366237197687017
0.5498944444444445 3.7205181406941654 3.4478362877852353 3.2570263011402316 3.703962493524373 3.6023099942785057
0.5666583333333334 3.6513685032518453 3.369766789715738 3.1881722554569176 3.6404704300323103 3.530515122483634
0.5833222222222222 3.6140515351209235 3.3302745825764712 3.1552947625794245 3.6065827729739217 3.4924053663860732
0.5999416666666667 3.59337759481518 3.3089635735228082 3.1399000323111754 3.5882318994363076 3.4716414497504475
0.6166583333055555 3.5397992079274205 3.249059202973995 3.0921725978615155 3.5391112793010553 3.4161688072462875
0.6332916666666667 3.5227876985555198 3.2306816753407857 3.075373263361993 3.523005339931113 3.3983900365374153
0.6499944444444444 3.4749755159481994 3.193844337039214 3.0430957495110786 3.483375188270608 3.3573984992131773
0.6666416666666667 3.4366978498221497 3.160490661081975 3.0099936446423947 3.450947228550968 3.323824682679504
0.6833333333333333 3.3692154706924606 3.107286273809762 2.9580749471462173 3.392879970820217 3.2581984720652883
0.6999583333333333 3.3493716651109766 3.08999181108674 2.940729073682908 3.3761938942143557 3.2380525392081196
0.7166472222222222 3.3025070203532394 3.0555658500675023 2.9086244634486635 3.3299798867537755 3.1865316909280716
0.7332861111111111 3.261978787202055 3.0193636642751525 2.8757584374452723 3.2882830589913743 3.13996965913032
0.7499916666388889 3.2252507953968865 2.9819709417220452 2.8422449343193144 3.2510735046425827 3.096578800117789
0.7665916666666667 3.177272236921735 2.9363623564494894 2.804198155548786 3.2008743733428258 3.0425926099499923
0.7832361111111111 3.1589624063876722 2.916020683305347 2.787225114055244 3.1820000573429836 3.02128990816614
0.7999944444444445 3.0697031471284126 2.8266819518613526 2.7042677205715355 3.0921173593957696 2.9243763279192265
0.8165555555555556 3.0697031471284126 2.8266819518613526 2.7042677205715355 3.0921173593957696 2.9243763279192265
0.83325 3.0269617450120094 2.781583912645666 2.6639536658451677 3.0446679666832193 2.8747856846443725
0.8499916666388889 2.940677658727923 2.6914053412170946 2.5827912008591722 2.951827800313642 2.7701879834949468
0.8666 2.9156938719728203 2.6680489695031535 2.560942164779514 2.9256854241960877 2.741168508355685
0.8832361111111111 2.897622103172367 2.646999210948896 2.5436708304888023 2.9077801812660224 2.718799094606058
0.8999638888888889 2.8546073972900134 2.601994790082406 2.503186596254568 2.861952036807742 2.6682526465186256
0.9165805555555555 2.7820164457956995 2.5372079902449896 2.4377762896723105 2.7835771031073047 2.592764768108354
0.9333277777777778 2.716809312484887 2.474385500464919 2.379488145582434 2.717689353071374 2.5214272496932284
0.9499111111111112 2.6886648975261185 2.452036739983709 2.3568735858187875 2.689530511217745 2.4964858193703887
0.9666611111111111 2.625253756929332 2.388216518983438 2.3012988451709107 2.625706230708505 2.427992906258886
0.983325 2.5822168100944247 2.36545887113125 2.2635726345943383 2.5990553088936115 2.40458318648415
0.9998944444444444 2.56512717465085 2.3442771250440435 2.2469337658058324 2.5813972876190743 2.3833069159207216
1.0166194444444445 2.485963227358256 2.2805709546808814 2.174646121804155 2.5043122964820097 2.3013304311549274
1.0333333333333334 2.383784892867197 2.2171883044411747 2.084586758729909 2.4036451867787383 2.20452421974366
1.0498972222222223 2.323562670644975 2.1598353632647043 2.0313347262095838 2.3444988453153233 2.145828567569746
1.0665916666666666 2.285471479322926 2.124428226162004 1.9980341569274596 2.3060644380150723 2.110651050068603
1.083288888888889 2.2262729365178258 2.069038260935973 1.9468046487307382 2.248168609004904 2.0541303747566384
1.0999333333333334 2.20375307231425 2.047881206310547 1.9277745996273055 2.2265471767307434 2.0315476991844004
1.116586111111111 2.14412865916871 1.9922401806695216 1.8762978063783604 2.1674562676398343 1.974729517366219
1.1333277777777777 2.0261084660168227 1.8845127527808032 1.7738413499219037 2.0520238352074016 1.8627351497266902
1.1499611111111112 2.0261084660168227 1.8845127527808032 1.7738413499219037 2.0520238352074016 1.8627351497266902
1.1666666666666667 1.909068665021798 1.7781932703678267 1.673403411983966 1.936734259917826 1.752005242673656
1.1833027777777778 1.8777724573984897 1.7490425610175344 1.6459705691645568 1.90498451795196 1.7232838452527763
1.1999777777777778 1.7944074600380124 1.6731859604263062 1.5764818828089155 1.8211545497728987 1.6441861259162456
1.2166277777777779 1.7649909442996843 1.6457566823865306 1.550637917516966 1.7912995571536707 1.617232254999586
1.2332333333333334 1.7374182127261844 1.621102627092973 1.5283866447136774 1.7628212164395654 1.590677353986421
1.2499916666666666 1.6234708443051313 1.519569993060339 1.434782203153363 1.6485151521335009 1.4838358621449288
1.2665722222222222 1.6234708443051313 1.519569993060339 1.434782203153363 1.6485151521335009 1.4838358621449288
1.2833333333333334 1.5104956981063011 1.4199030750110677 1.342608456502004 1.5359874170251204 1.3783431522404541
1.2999833333055555 1.5104956981063011 1.4199030750110677 1.342608456502004 1.5359874170251204 1.3783431522404541
1.316575 1.4249862089969918 1.3471169285826838 1.272964313337194 1.4512866387826087 1.2986540531258852
1.3333222222222223 1.3474628539413815 1.2781372019951944 1.2064704636704628 1.3734262117520513 1.2273499549615425
1.3499722222222221 1.3474628539413815 1.2781372019951944 1.2064704636704628 1.3734262117520513 1.2273499549615425
1.3665694444444445 1.2931295206080482 1.2335719846038906 1.1617336215651999 1.3201524022282416 1.1794776145360104
1.3833194444444445 1.1853948267304975 1.1445623227681418 1.0732467794599363 1.2134835309760372 1.084503824835116
1.399988888888889 1.1329642711749421 1.1010017167075357 1.0302164764296335 1.1619403210994936 1.0370964174277086
1.416575 1.1329642711749421 1.1010017167075357 1.0302164764296335 1.1619403210994936 1.0370964174277086
1.43332777775 1.0638155719265214 1.0413970374019985 0.9712614893430975 1.0921354986855045 0.9742677131181636
1.4498972222222222 1.0319162018290005 1.0176967441229263 0.9447825141654823 1.060671090330263 0.9453835571172875
1.466591666638889 0.9822865721993709 0.9766398335538206 0.9021158474988157 1.0110044236635962 0.9002616058977753
1.483311111111111 0.9196718857317486 0.9237440985775285 0.8468666515335403 0.9476409631663789 0.8422077166039488
1.4999694444444445 0.8416811827567722 0.8641398335538203 0.7796289526483685 0.8690570241364094 0.7692449617232363
1.5166416666666667 0.8107492254023672 0.8413197236854194 0.754707409472917 0.8375618427273193 0.7401522613166084
1.5333222222222223 0.7841672835858962 0.813735470449832 0.7299629042442968 0.8101007987034727 0.7158849740603261
1.5498888888888889 0.7542542821719768 0.7902606912536254 0.7052241907436065 0.779416432170236 0.687130115784861
1.5665666666666667 0.7128128407305354 0.7540702150631493 0.6678258167598669 0.7361624639162677 0.6482412268959722
1.583225 0.6713713992890941 0.717879738872673 0.6304274427761268 0.6929084956622994 0.6093523380070832
1.599936111111111 0.5923408981997693 0.6487472373872303 0.5567383690870533 0.6095855855101211 0.5347555638135348
1.6166499999722221 0.5633461625246754 0.624204407621787 0.5294514487890938 0.578882754220819 0.5065310818442726
1.6333194444444445 0.5448757965402599 0.6037386893391055 0.5120923848943694 0.5599029917873495 0.48992350539036206
1.6499666666666666 0.48513985551485556 0.5435629055899953 0.45093028827897247 0.4920918511742815 0.4264839588752632
1.666625 0.4771867431293661 0.5346520382852413 0.44353798847112047 0.4840247716468343 0.4194924185658327
1.6832694444444445 0.4443998578834645 0.50123463601538 0.4112975513126505 0.44765182082716215 0.38859708439181
1.6999333333333333 0.41847318884818885 0.47561418764127733 0.38537473272341694 0.41813351784094815 0.36366344605475037
1.7166277777777779 0.38013756280149724 0.43437461079469913 0.34690074593223863 0.37903843284902006 0.3303793458462026
1.7333333333333334 0.32252874440374435 0.3763641876412774 0.2893234506721349 0.32103034323777363 0.28129629629629627
1.7498888888888888 0.32252874440374435 0.3763641876412774 0.2893234506721349 0.32103034323777363 0.28129629629629627
1.7666222222222223 0.26379858567358566 0.3233338846109744 0.23326284461152882 0.2636970099044402 0.23296296296296296
1.783325 0.25947401869533016 0.3180333291255486 0.22943886355232343 0.2593741081027281 0.229143897996357
1.7999972222222222 0.21194673382173382 0.27421107759343055 0.18764880952380952 0.21218185838928874 0.18666666666666665
1.8166555555555555 0.18590506715506716 0.2526424501424501 0.16577380952380952 0.18937484084542908 0.16666666666666666
1.83325 0.18590506715506716 0.2526424501424501 0.16577380952380952 0.18937484084542908 0.16666666666666666
1.8499972222222223 0.13462301587301587 0.20889245014245014 0.12291666666666666 0.1423160173160173 0.13333333333333333
1.8666611110833333 0.11101190476190476 0.18778133903133903 0.10208333333333333 0.11969696969696969 0.11666666666666667
1.8832416666666667 0.11101190476190476 0.18778133903133903 0.10208333333333333 0.11969696969696969 0.11666666666666667
1.8999722222222222 0.08809523809523809 0.1672685185185185 0.08333333333333333 0.1 0.1
1.9166388888888888 0.05084745762711865 0.12773069679849341 0.05084745762711865 0.06779661016949153 0.06779661016949153
1.9332944444444444 0.04918032786885246 0.12354280510018216 0.04918032786885246 0.06557377049180328 0.06557377049180328
1.9499833333333334 0.016666666666666666 0.08541666666666667 0.016666666666666666 0.03333333333333333 0.03333333333333333
1.9666583333333334 0 0.06666666666666667 0 0.016666666666666666 0.016666666666666666
1.9832666666666667 0 0.06666666666666667 0 0.016666666666666666 0.016666666666666666
1.9999472222222223 0 0.04918032786885246 0 0 0
2.0166583333333334 0 0.016666666666666666 0 0 0
2.033288888888889 0 0.01639344262295082 0 0 0
2.0499972222222222 0.03888888888888889 0.05 0.02777777777777778 0.06666666666666667 0
2.0666194444444446 0.03954802259887006 0.05084745762711865 0.02824858757062147 0.06779661016949153 0
2.083325 0.12555555555555556 0.13888888888888887 0.08111111111111112 0.16666666666666666 0
2.0999333333333334 0.12555555555555556 0.13888888888888887 0.08111111111111112 0.16666666666666666 0
2.116652777777778 0.2238888888888889 0.24166666666666664 0.15694444444444447 0.2611111111111111 0.05
2.1332194444444443 0.2238888888888889 0.24166666666666664 0.15694444444444447 0.2611111111111111 0.05
2.149947222222222 0.2722222222222222 0.2944444444444444 0.1952777777777778 0.31111111111111106 0.1
2.166561111111111 0.32525252525252524 0.3515873015873015 0.23921717171717174 0.36111111111111105 0.18333333333333332
2.1832694444444445 0.4194521325668867 0.4537470725995315 0.32627017790952223 0.45765027322404367 0.31420765027322406
2.199961111111111 0.4336708489250862 0.4691283292978207 0.3373301839403535 0.47316384180790955 0.3248587570621469
2.216622222222222 0.47748466810966816 0.5129761904761904 0.37962468087468093 0.5216880341880341 0.3861111111111111
2.233277777777778 0.5257302821447559 0.5642582417582418 0.43332838457838463 0.5800213675213673 0.44325396825396823
2.2499444444444445 0.5830671150140374 0.6258800521512385 0.4968727550574117 0.6496727765421683 0.5122074253430186
2.2665694444444444 0.6225917540062277 0.6643376068376068 0.5433534472350262 0.6958624407927813 0.5610780423280423
2.283247222222222 0.7092880726893369 0.7517391761244219 0.6419614490580842 0.7987344111335379 0.6619976107681025
2.2999277777777776 0.7578126628532713 0.8009195039932744 0.6945570774733847 0.854621147348143 0.7152762992926927
2.3165861110833332 0.7704428739008259 0.8142681623931622 0.7061330287646078 0.8688648331372787 0.7271975709475709
2.3332722222222224 0.8308419641072105 0.8789167753150803 0.7741639666706572 0.939002046736737 0.7976343336512828
2.349938888888889 0.8658451727514006 0.9151014957264956 0.8155822215471339 0.9751377269101724 0.8432293169793169
2.366661111111111 0.9483687679974205 0.9964291262313356 0.9074669323716056 1.0592689585533313 0.9451885920786596
2.38325 0.9805168618278416 1.0302063847476521 0.9382285232994566 1.0951763808771728 0.9772288833355632
2.3999972222222223 1.062138929282226 1.1066655053883314 1.027883719954143 1.1779335422059878 1.0771726720991426
2.4166416666666666 1.080141284015823 1.1254225478525404 1.0453054779194677 1.1978985174976147 1.0954298360330263
2.433263888888889 1.112138929282226 1.1526655053883315 1.0798445042678686 1.2284097326821781 1.1324358299938795
2.449966666638889 1.1872131544852498 1.2284820139470887 1.1627341207734958 1.3088043048099889 1.2231112485781823
2.4666083333333333 1.2070000403933372 1.2489567141795404 1.1821130227863874 1.3306177098901555 1.2434964360544853
2.483311111111111 1.2988699590925241 1.3477662379890638 1.2829260309164687 1.4347843765568222 1.3546075471655963
2.499919444416667 1.2988699590925241 1.3477662379890638 1.2829260309164687 1.4347843765568222 1.3546075471655963
2.5166416666666667 1.3447032924258575 1.3972286035804617 1.332547243037681 1.485541952314398 1.4103767779348269
2.533288888888889 1.3906292183517834 1.4456661035804617 1.3807356488347826 1.5362665899955572 1.4677841853422344
2.549961111111111 1.4579998279955146 1.5158974692884002 1.4526302176707058 1.6104968359661693 1.5563945408778677
2.56665 1.5282181924757121 1.5896918388745793 1.5258203131352854 1.6876785859533605 1.6409551395476714
2.5833166666666667 1.5282181924757121 1.5896918388745793 1.5258203131352854 1.6876785859533605 1.6409551395476714
2.5999805555555557 1.6198848591423787 1.6830180598323792 1.6258326451121012 1.7905269168677291 1.7589490911605745
2.616652777777778 1.665718192475712 1.7299478843937828 1.675518179703296 1.8424137093205593 1.8178032578272412
2.6332305555277777 1.6939507042125885 1.7592690349767282 1.703916792918606 1.8736410603259923 1.8486134825361775
2.64995 1.7407178103017285 1.807508930674251 1.7532234184964182 1.9260293500024177 1.9076787110929314
2.6666166666666666 1.786597412873324 1.8567028124435772 1.8011486084438173 1.978045714701424 1.9667586142406313
2.683263888888889 1.8009874559921022 1.874131749309355 1.8180221203369853 1.9970556872530105 1.9913867114106947
2.6999805555555554 1.8762473156240882 1.9547733201490483 1.8963492526905714 2.083140821157549 2.0828577642380863
2.716655555527778 1.9317490138028404 2.0176483102677762 1.9583942254631888 2.152722882740407 2.159546976939381
2.7333305555555554 1.9745695266233532 2.064025121861979 2.0050088087965223 2.20402496607374 2.215102532494937
2.7499805555555557 2.016609327618378 2.109769802713043 2.0512209300086433 2.254277491326265 2.2699805812754246
2.7666444444444442 2.0507891467305543 2.1455286129285183 2.085987386449468 2.292485584399592 2.308454828415686
2.7832416666666666 2.058275994285045 2.1535606523862456 2.096220930008643 2.3038013008500746 2.3230813564692228
2.7998833333333333 2.0999426609517116 2.197351502059448 2.141220930008643 2.3533251103738837 2.376182131663021
2.816638888888889 2.183738957248008 2.2863472285551745 2.2299755296787356 2.4505695294504948 2.482554185535075
2.8332972222222224 2.225180398689449 2.330372385787879 2.2735310852342914 2.497718652257512 2.5354527362597126
2.84995 2.262895320701135 2.369870222835131 2.312065510407754 2.5400528667025544 2.578426511450555
2.8666583333333335 2.2704563427603266 2.375574794188825 2.320094904339187 2.548077694895332 2.5935868332564582
2.8832916666666666 2.3474209645488124 2.45610275331387 2.398742189232041 2.6344532099765297 2.681505030993965
2.8999361111111113 2.348922281806332 2.457121730413811 2.400429819411507 2.635525576155636 2.686486483091778
2.916655555527778 2.43004808319288 2.5414329695616784 2.4834879519439053 2.7259377923739163 2.782535273599482
2.9332694444444445 2.4702014326682633 2.582833358558622 2.5246783342852535 2.770356261105652 2.8314994920552254
2.9499472222222223 2.465589064101851 2.5760301591086923 2.52037525261801 2.7639664874560896 2.831188347049414
2.966658333333333 2.545129184867185 2.6578528839827262 2.6017587962056 2.8522427405078945 2.9243518309944907
2.9832833333333335 2.545129184867185 2.6578528839827262 2.6017587962056 2.8522427405078945 2.9243518309944907
2.9999805555555557 2.6220231242611245 2.7349673118434223 2.679536573983378 2.936663030362967 3.0134228692458573
3.016663888888889 2.6604700939580943 2.7725863594624705 2.7181890562528817 2.9788731752905035 3.0579583883715404
3.0333111111111113 2.705562807415011 2.819579348605902 2.7642600572063203 3.029362551142885 3.1097881915642787
3.0499444444444443 2.698901466507114 2.8086974705735814 2.7572000452638705 3.0208145672318953 3.1016091820223344
3.066611111111111 2.6981651880599924 2.794847705315365 2.768748110182722 2.9961849376022656 3.145259975673128
3.0833305555555555 2.6872186860023786 2.7773873878550477 2.7926875041221155 2.9793310050179964 3.2325615629747153
3.099972222222222 2.6798462485269297 2.766781607441173 2.7850300269291113 2.971854362541529 3.222503957336566
3.11665 2.6745103526690452 2.7628946342318597 2.793947194044596 2.9769408241394433 3.276212356625509
3.1333222221944443 2.6585159210501845 2.737288918866365 2.801931187735774 2.96776910439339 3.2737862128613706
3.149988888861111 2.6340659082246005 2.703211448429271 2.7866015826427595 2.950610812735805 3.2211356776196927
3.166655555527778 2.6201019442606364 2.682890935608759 2.778813121104298 2.941027479402472 3.1889134553974707
3.183333333333333 2.6045596162183084 2.6614499633865365 2.7679462102373864 2.9267342304573245 3.169892739766586
3.1999916666666666 2.588963958941313 2.6436542644618046 2.7559602795014566 2.909426538149632 3.145180096088425
3.2166333333055555 2.588963958941313 2.6436542644618046 2.7559602795014566 2.909426538149632 3.145180096088425
3.233313888888889 2.5762904842097076 2.625427768735309 2.736701020242197 2.8895376492607436 3.129249360157689
3.249947222222222 2.5635199214391453 2.607570625878166 2.7154561271876427 2.8690702842325404 3.1101907181823814
3.2666583333333334 2.534265842185066 2.57473537683602 2.6735249102564254 2.8300351965132418 3.0780682110598745
3.2833194444444445 2.5271089625758227 2.566468179833241 2.6633689380111565 2.8178324032338042 3.0747689049299187
3.2999888888611113 2.5119312698475555 2.548308373537841 2.642888712022456 2.798436046848415 3.0610400913705966
3.3166277777777777 2.504529025519588 2.5376547491303922 2.6311935079985522 2.7891691834413455 3.049818674881767
3.333263888888889 2.4913106347149903 2.5188275886365656 2.6084036113280584 2.7727028372874996 3.0315647066277984
3.3499861111111113 2.459126726669013 2.480622460431438 2.5628929491507293 2.744792784377447 2.9918011132471833
3.366613888888889 2.459126726669013 2.480622460431438 2.5628929491507293 2.744792784377447 2.9918011132471833
3.3833194444444445 2.4250168781841643 2.449752895214047 2.5204198308711594 2.7193690555638876 2.95045035071995
3.399938888888889 2.4168122335925246 2.4439577465453586 2.509643048343552 2.7135853775123255 2.9420775694703827
3.4166583333333334 2.3893525425198288 2.417641784102936 2.4767744201206514 2.6910970497918822 2.9145239714643174
3.433327777777778 2.372741431408718 2.400061314926723 2.4552797111259435 2.6756256693205014 2.897735353578138
3.4499166666666667 2.365264795921143 2.3895827616528 2.4444767043254574 2.666715010343085 2.88661694114443
3.4666527777777776 2.351164691282148 2.3703128298739577 2.4239617027789064 2.6503215677201335 2.8672046594370664
3.483313888888889 2.3303649087420117 2.338660035047181 2.3932866184533097 2.6246602605154696 2.838968011948152
3.499913888888889 2.3303649087420117 2.338660035047181 2.3932866184533097 2.6246602605154696 2.838968011948152
3.516636111111111 2.3151517304474383 2.3165786218367357 2.3731792952209867 2.6075983369318076 2.8165321145122553
3.533325 2.2834624802216035 2.2747036218367356 2.334773498119538 2.5728157282361552 2.767431585411725
3.5499916666666667 2.266777628430369 2.253894798307324 2.314264238860278 2.5554142424480415 2.7411710812100436
3.566663888888889 2.2493680330132544 2.231681176016302 2.291421010659907 2.5368201381396513 2.7133584723629522
3.5833138888888887 2.2493680330132544 2.231681176016302 2.291421010659907 2.5368201381396513 2.7133584723629522
3.5999694444444446 2.2220559887562064 2.199551513651638 2.252335771553276 2.5022736961945293 2.665704261552137
3.6166638888888887 2.1938941768041036 2.1666367707087404 2.2152899566830992 2.4685830512704894 2.6202021103557835
3.6333305555555557 2.174469022483116 2.1427302850375485 2.1920303334234754 2.445308640496079 2.5874086585968152
3.649983333333333 2.163958601349513 2.12896471156202 2.180685573859156 2.4317404178457096 2.570167767238085
3.6665944444444443 2.1549096355099366 2.116073473014882 2.169903896641867 2.421119999522448 2.554908658596815
3.683311111111111 2.1366688947691954 2.088129596801927 2.1467486150120094 2.393336146779601 2.522501251189408
3.6999805555555554 2.10952113809601 2.045968112752181 2.1089639262707958 2.3462000261255955 2.4751585191140832
3.7166638888888888 2.0839942934801967 2.0048511310816 2.072129198057849 2.302430856054109 2.4293132078829447
3.733325 2.0681579076438106 1.9788446898577683 2.046347948057849 2.272923644515648 2.3964849250546627
3.7499666666388887 2.0527847733154525 1.953100009006704 2.021289672999574 2.2435044525964556 2.3643341490014467
3.7666583333333334 2.0446334746636508 1.9410392105696734 2.0079625198902913 2.225354603150016 2.3485253924604397
3.783325 2.0291973212624184 1.9177710149824703 1.9845036222594539 2.200063960157522 2.3201348460479836
3.7999972222222222 1.99931255109323 1.8762122051368029 1.944926214470623 2.1513957401587955 2.2687975817788337
3.816647222222222 1.9800334505641293 1.8491212405458386 1.920305541165739 2.1217439136747767 2.2344620697962623
3.8333 1.9714495008027335 1.8356909321828483 1.9085593074001868 2.1097574144417894 2.2185391719372447
3.8499055555555555 1.9552586757893546 1.8217627499798008 1.8945277633879614 2.091261457534426 2.200611138119243
3.8666194444444444 1.9054751260058045 1.770300761675707 1.845193131774849 2.0317677866483503 2.1377121323630948
3.8833083333333334 1.9054751260058045 1.770300761675707 1.845193131774849 2.0317677866483503 2.1377121323630948
3.8999944444444443 1.8575584593391377 1.7197260490320287 1.7988968354785526 1.975141280624254 2.07169906046767
3.9165972222222223 1.8435001239401354 1.707927261342979 1.7878493463723468 1.9591553579910697 2.0541302234108234
3.9332555555555557 1.8347409990216774 1.6956823331850341 1.7771429595095605 1.948129786371381 2.0402175789861894
3.9499138888888887 1.812454177316251 1.6724019099046108 1.7536581110247123 1.9217252919893584 2.009308488077098
3.9666111111111113 1.773756859308588 1.6498378073405082 1.7306951480617492 1.8789475142115808 1.9794839266735893
3.983275 1.7353098896116184 1.627615585118286 1.7079845253511265 1.8367373692840445 1.950173581846003
3.9999972222222224 1.658415950217679 1.5838344905909227 1.6302067475733488 1.7523170794289722 1.8944358769279703
4.0166611111111115 1.6199689805207091 1.5628821096385417 1.5915542653038453 1.7101069345014357 1.8499003578022872
4.033272222222222 1.6199689805207091 1.5628821096385417 1.5915542653038453 1.7101069345014357 1.8499003578022872
4.049980555555556 1.5815376079716894 1.526770998527431 1.5525432762928564 1.668165542560044 1.8062495641514935
4.066619444444444 1.5180836041277923 1.4661843578219478 1.4884105904225184 1.5994706611701708 1.733703708689213
4.083322222222222 1.4676648329208684 1.4191921923570756 1.4359447063234998 1.5429824381072765 1.6752971831991126
4.099941666666667 1.4436047536926575 1.3959267465807301 1.4124046291706556 1.517687644039944 1.6478332949499468
4.1165666666666665 1.4303731662542019 1.383684945980264 1.397185016401019 1.5009281745413852 1.6316463895483189
4.133227777777778 1.371156914646458 1.3272359879717792 1.3369506975463312 1.435635455108848 1.5625924296985054
4.149969444444444 1.357565085446121 1.3150131534278744 1.3215788881844488 1.41841044931951 1.5460126860404748
4.166627777777777 1.2850846049656406 1.2468235652382864 1.246841233863461 1.3368415192783578 1.4606119574430245
4.183319444444445 1.2494364568174925 1.212708981904953 1.210089097111324 1.2969681015568388 1.4185215619627984
4.199908333333333 1.2494364568174925 1.212708981904953 1.210089097111324 1.2969681015568388 1.4185215619627984
4.216641666666667 1.1940889646831028 1.1595128008160829 1.1549098634563162 1.2372447909386308 1.3540008580075011
4.233325 1.1590999752042672 1.1269991396138967 1.1210300820355512 1.1994305832883572 1.3134643453398416
4.249961111111111 1.1435698232758538 1.1124491252741286 1.105695651895961 1.1810649286262682 1.2939973930708137
4.266572222222222 1.108954438660469 1.0799778609063124 1.0718993555996648 1.1435649286262684 1.2526512392246596
4.283333333333333 1.039930451894547 1.0153637393956392 1.0047697259700352 1.0683198305870525 1.1706384187118388
4.299966666666666 1.039930451894547 1.0153637393956392 1.0047697259700352 1.0683198305870525 1.1706384187118388
4.316630555555555 0.9889841066148086 0.9674218599122532 0.9564755260264569 1.0140453375868672 1.1123040986995003
4.333302777777778 0.9552968349512545 0.9362460496683206 0.9239113421391829 0.9712826156433497 1.0707930704308692
4.349958333333333 0.9066166003457451 0.888911179609746 0.8769471632045399 0.9172638842186062 1.0139394270584399
4.366552777777778 0.9066166003457451 0.888911179609746 0.8769471632045399 0.9172638842186062 1.0139394270584399
4.383325 0.8417681154972603 0.8255778462764126 0.8140439373980884 0.8426876130321654 0.9376431307621438
4.399994444444444 0.8279686381940266 0.8120437832227009 0.800698954817792 0.8288730619988512 0.9222719318971906
4.4165833333333335 0.8103578590870038 0.7953695129430792 0.7835841672831462 0.8060804701750227 0.8992710377388878
4.433325 0.7469476026767473 0.7346647257090366 0.7227672543110607 0.7340187818633345 0.8226875626018108
4.449980555555555 0.7271218558294607 0.7172714233444883 0.7045718468197854 0.7103229057644399 0.7990125688302829
4.466658333333333 0.6830882646152816 0.6766937112162831 0.6632692342784493 0.6638688060529812 0.7493709063583253
4.483311111111111 0.6512042066442671 0.6490421960647678 0.633530672186946 0.6295354727196478 0.7142831870600795
4.49995 0.6512042066442671 0.6490421960647678 0.633530672186946 0.6295354727196478 0.7142831870600795
4.516658333333333 0.6104105425627941 0.6114700757545726 0.594114868817761 0.586071954635149 0.66978674137057
4.533277777777778 0.5699201186232113 0.5762656715428632 0.5553007818359017 0.538142190385493 0.6256632895041971
4.5499833333333335 0.5313616209196621 0.5404112436838154 0.5186383613978959 0.49622741744495963 0.5843532150712841
4.5666166666666665 0.5226507746750775 0.5315520429676873 0.5101360931782583 0.48809254174914063 0.5747736541684763
4.583319444444444 0.49460935966213526 0.5056676598788176 0.4844281945195399 0.45686693675304385 0.5444706238654459
4.599911111111111 0.4750750712120597 0.48863249124716823 0.46811175385909326 0.4354215566390989 0.5255881450158915
4.616586111111111 0.4208267051989878 0.438883813998491 0.41893518517032946 0.37798334920089144 0.4698533779908019
4.633219444444444 0.4208267051989878 0.438883813998491 0.41893518517032946 0.37798334920089144 0.4698533779908019
4.64997777775 0.36870864964343225 0.3936372305166134 0.3687099599451042 0.3227818241464251 0.4189707835737247
4.666566666666666 0.36870864964343225 0.3936372305166134 0.3687099599451042 0.3227818241464251 0.4189707835737247
4.6832722222222225 0.34278272371750634 0.3732071229897317 0.3449725862077305 0.29858827575932845 0.39397078357372467
4.699997222222223 0.29078272371750635 0.3332071229897317 0.30088656470235414 0.25525494242599506 0.3433041169070581
4.716561111111111 0.29078272371750635 0.3332071229897317 0.30088656470235414 0.25525494242599506 0.3433041169070581
4.7333083333333335 0.2646957671957672 0.31296902775163643 0.27921989803568753 0.23382637099742365 0.3189985613515025
4.749986111111111 0.21104497354497356 0.2725986573812661 0.237232718548508 0.19119816586921848 0.27354401589695704
4.766574999972222 0.18511904761904763 0.2523088023088023 0.2170938296596191 0.17225877192982458 0.2502106825636237
4.783327777777778 0.18208430913348947 0.24817259243488748 0.21353491441929748 0.16943485763589303 0.2461088680953676
4.799986111111111 0.1392857142857143 0.21746031746031746 0.1787604963262858 0.13541666666666666 0.209469941822883
4.816627777777778 0.13700234192037472 0.21389539422326306 0.17582999638651062 0.13319672131147542 0.20603600835037672
4.833319444444444 0.1 0.18333333333333332 0.14168447293447295 0.1 0.17179487179487177
4.849944444444445 0.1 0.18333333333333332 0.14168447293447295 0.1 0.17179487179487177
4.866663888888889 0.06666666666666667 0.15 0.10578703703703704 0.06666666666666667 0.13333333333333333
4.883311111083334 0.06557377049180328 0.14754098360655737 0.10405282331511839 0.06557377049180328 0.13114754098360656
4.89995 0.05 0.13333333333333333 0.08726851851851851 0.05 0.11666666666666667
4.91665 0.016666666666666666 0.1 0.05 0.016666666666666666 0.08333333333333333
4.933241666638889 0.016666666666666666 0.1 0.05 0.016666666666666666 0.08333333333333333
4.949994444444444 0 0.06666666666666667 0.016666666666666666 0 0.05
4.966647222222222 0 0.06557377049180328 0.01639344262295082 0 0.04918032786885246
4.983288888888889 0 0.04918032786885246 0 0 0.03278688524590164
4.99997777775 0 0.016666666666666666 0 0 0
5.016622222222222 0.03278688524590164 0.01639344262295082 0.02459016393442623 0 0
5.033327777777778 0.09166666666666666 0 0.052777777777777785 0 0
5.0499527777777775 0.09166666666666666 0 0.052777777777777785 0 0
5.066594444444444 0.14583333333333334 0 0.08611111111111111 0 0
5.083280555555556 0.2459016393442623 0.06557377049180328 0.15964090554254487 0.03278688524590164 0.03278688524590164
5.099955555555556 0.2542372881355932 0.06779661016949153 0.16505246166263113 0.03389830508474576 0.03389830508474576
5.116583333333334 0.3074074074074074 0.13333333333333333 0.2011904761904762 0.060000000000000005 0.08333333333333333
5.133280555555555 0.369628488272556 0.19774011299435026 0.24527845036319612 0.09209039548022599 0.1440677966101695
5.149966666666667 0.4182299182299182 0.2577777777777778 0.28734432234432233 0.12944444444444445 0.19166666666666668
5.166574999972222 0.48040330667449305 0.32429378531073444 0.33515241820326563 0.1717000513610683 0.24293785310734464
5.183313888888889 0.5698965848965848 0.4230555555555556 0.4152419258301611 0.25852092352092354 0.3499007936507937
5.199994444444444 0.6072753294064769 0.46939890710382515 0.45123978132657017 0.29877936271378897 0.3994925839188134
5.216583333333333 0.6278609337931371 0.4853107344632768 0.4665360451003522 0.3089074767040869 0.4130347054075868
5.233316666666667 0.7159473095342661 0.5832828282828282 0.5492366348248702 0.40584235209235214 0.5261507936507938
5.249980555555555 0.752707736153923 0.6297317436661698 0.5844237748099222 0.4492802734606014 0.5786282023986943
5.266561111111111 0.7652528650898217 0.6402272727272726 0.5941641710567542 0.4567682780182781 0.5882720057720058
5.283325 0.8510683918916279 0.7444858420268256 0.6752182262601113 0.559116339034372 0.7004080618834718
5.299922222222222 0.8652528650898217 0.7568939393939392 0.6864718633644464 0.5684349446849448 0.7120815295815297
5.316619444444444 0.9494290476293328 0.8625186289120714 0.7667953884986642 0.6717321622702951 0.8254080618834718
5.3332194444444445 0.9652528650898217 0.8768939393939393 0.7795753116403087 0.6829276983081333 0.839164862914863
5.349991666666667 1.0335198628032085 0.9482537236774524 0.8399282830240427 0.7561976592964068 0.9155348888399737
5.366633333333334 1.0979808453976203 1.0273014876983817 0.9040964974668416 0.8528688943906338 1.0015656690160575
5.383291666666667 1.1476295573414141 1.082219520485267 0.9499981368111039 0.9131733440393458 1.0589427181963853
5.399980555555556 1.2181456055193265 1.156605718842561 1.0113269345867844 0.9881630147158637 1.1345282714361664
5.416630555555556 1.2181456055193265 1.156605718842561 1.0113269345867844 0.9881630147158637 1.1345282714361664
5.433308333333334 1.2909776898234009 1.2332199914269495 1.0757472840579252 1.0626445912364715 1.211538766021371
5.449952777777778 1.3207434462750622 1.2670141509901236 1.1028181626569598 1.1008162009903735 1.2462075643654593
5.4666194444444445 1.4005751306062284 1.3509092531807017 1.1719224848786787 1.190878141869131 1.3304437581400483
5.483272222222222 1.4239180494496655 1.3734244074003799 1.1914545262933234 1.2107261109002831 1.3526178207757158
5.499936111111111 1.4750291605607766 1.4258053597813323 1.2345100818488788 1.2635716393555678 1.403808296966192
5.516611111111111 1.5261402716718877 1.4781863121622847 1.2775656374044344 1.3164171678108523 1.454998773156668
5.5332944444444445 1.5764874938941098 1.5287418677178402 1.3213564870776369 1.367932319326004 1.5055364075652702
5.549966666666666 1.6550927817532628 1.604953457602615 1.3890587482666972 1.4434389098525315 1.582960753456207
5.5666472222222225 1.7285283102206404 1.6751413463753833 1.455212137599954 1.5208308700506414 1.659134892413755
5.583266666638889 1.7285283102206404 1.6751413463753833 1.455212137599954 1.5208308700506414 1.659134892413755
5.5999694444444446 1.8083589846562695 1.7523870122660925 1.5253718437680175 1.597122785761038 1.741008849428032
5.616591666666666 1.8571249674097634 1.8027502083920006 1.5709592195716413 1.6486221338705553 1.794210356019369
5.6333 1.9220793173681385 1.873630297511393 1.6351720461381025 1.7217623822566634 1.8697122554911183
5.649988888888889 1.9695369444867827 1.9231798470609425 1.6799807893075014 1.7726714731657542 1.9219052379472585
5.666627777777777 2.01662689157673 1.972752496633592 1.7242516226408349 1.8241082547749496 1.9711115871536078
5.683313888888889 2.0292168668724453 1.989172274956959 1.7389558931092166 1.8439316167185298 1.987978610315024
5.699963888888889 2.0630371479869862 2.0223251462062417 1.7679384913277036 1.8746638103305053 2.021111587153608
5.716658333333333 2.154592406454009 2.1207184872825096 1.8560896473124855 1.976285807034469 2.1196301056721265
5.733272222222222 2.154592406454009 2.1207184872825096 1.8560896473124855 1.976285807034469 2.1196301056721265
5.749980555555555 2.199592406454009 2.1691680996856104 1.8992821355753962 2.0257729865216487 2.1685431491503873
5.766594444444444 2.2884812953428977 2.268410523928034 1.985667112101218 2.126278037026699 2.265706269717763
5.783219444444445 2.2884812953428977 2.268410523928034 1.985667112101218 2.126278037026699 2.265706269717763
5.79997777775 2.376782464933541 2.3638449210911547 2.0706676971018028 2.2284519500701774 2.3585858574502923
5.816577777777778 2.376782464933541 2.3638449210911547 2.0706676971018028 2.2284519500701774 2.3585858574502923
5.833325 2.4639619521130283 2.4584027442204066 2.154212000899271 2.328451950070177 2.4522965492741915
5.85 2.5065545447056206 2.503915564733227 2.195065659435856 2.3771186167368437 2.4975346445122866
5.866580555555555 2.5073578399654552 2.507634477291194 2.199264902923713 2.386018311544436 2.501087940738081
5.883283333333333 2.549147137298213 2.5494283852460473 2.2359193179724413 2.4257852834035103 2.542772739750382
5.899961111111111 2.5905196863178204 2.5941814716658005 2.275648000142984 2.47283169690562 2.5870256133136005
5.916641666666667 2.6759230006972574 2.6826421745753906 2.354087334505962 2.561825077832457 2.674941301674848
5.933322222222222 2.7168675826816413 2.7261839630032103 2.3934470331876945 2.608179989002561 2.71856453034948
5.94997777775 2.751592218331848 2.766379747527869 2.4307214914664756 2.6551946126207677 2.7586244146532803
5.966563888888889 2.751592218331848 2.766379747527869 2.4307214914664756 2.6551946126207677 2.7586244146532803
5.983316666666667 2.830086841987762 2.8491883172216843 2.505813837802173 2.744341899442473 2.8411885172173825
5.9999472222222225 2.8780544155807744 2.8974796446322215 2.5482852587818705 2.7908561689245484 2.8893442547973383
6.0166611111111115 2.874409186310106 2.930450018483386 2.5560826550064744 2.833489186264178 2.9226666469308062
6.033330555555556 2.8546526320029906 2.9700022572893565 2.5658048772286963 2.8780628296750304 2.9621904564546155
6.049980555555556 2.847951829155584 3.0203412785993455 2.5753947904020644 2.926843555601726 3.012397074360626
6.066594444444444 2.8385251810225984 3.009648721935821 2.569737461498359 2.923997789024624 3.002045528918384
6.083322222222222 2.8089616889591067 3.0204179527050514 2.5678764872235926 2.982022480382648 3.0474561569377077
6.099991666666667 2.7885461514703986 2.9922929527050517 2.566003102210673 3.000980813715982 3.036426745173002
6.116666666666666 2.7693605454097923 2.9690125294246297 2.562709451417022 3.0159380786732464 3.0168993819889223
6.133272222222222 2.7693605454097923 2.9690125294246297 2.562709451417022 3.0159380786732464 3.0168993819889223
6.149952777777778 2.7507458267950744 2.943110890080366 2.5529753583495958 3.022382523117691 3.005701465322255
6.166613888888889 2.7245040919295813 2.9097747200753448 2.5409773532358892 3.0218142028651878 2.984400608617779
6.183275 2.71170373262125 2.897549101848059 2.5348205399431065 3.0218142028651873 2.9672894807187085
6.199997222222223 2.6980099059427145 2.8749351541303216 2.5255568276945954 3.025598296051774 2.941129551298993
6.216627777777778 2.689143233011569 2.8641048354443446 2.5186897758744653 3.018387082767553 2.9284334384361674
6.233327777777777 2.6711603545279465 2.841536885732054 2.5051232551788307 3.009502357676424 2.8925513968733805
6.249991666666666 2.6569038185802336 2.8203949104234125 2.494937502984506 3.000616232745523 2.8655179040504137
6.266591666666667 2.6569038185802336 2.8203949104234125 2.494937502984506 3.000616232745523 2.8655179040504137
6.2832888888888885 2.625085636762051 2.772281702876242 2.4697795691309192 2.970720399412189 2.808375046907557
6.299975 2.615618971366264 2.7599366056033654 2.462078264718937 2.9613122846156843 2.7942122501458666
6.316655555555555 2.5928147714266694 2.7189420849778005 2.443086377265314 2.9351532303597474 2.745774592679744
6.333297222222222 2.5928147714266694 2.7189420849778005 2.443086377265314 2.9351532303597474 2.745774592679744
6.349991666666667 2.565678463698364 2.684615165551935 2.4209000061943335 2.900041428769151 2.703654854901966
6.3665722222222225 2.5589299675051014 2.6732184007672743 2.4146797121799253 2.886195965402483 2.6890666463433135
6.383319444444444 2.521135481289563 2.625319850042637 2.385753158507609 2.8372611283097515 2.6356652857990963
6.399997222222222 2.5006556833097653 2.6004521251749115 2.3715795020925734 2.814836692379568 2.6093260000848106
6.416658333333333 2.4798954493916368 2.576209700932487 2.3569335121176356 2.795245346225722 2.5840295573970633
6.433325 2.4697763370605963 2.564605296453082 2.3511188258823417 2.7857928745266567 2.572035708087409
6.4499611111111115 2.457698365429848 2.5527561837886195 2.3433437685278924 2.776097687162097 2.560607840225346
6.466658333333333 2.4111904289219113 2.50801259404503 2.3173740715581954 2.741365082216726 2.517763475287957
6.483297222222222 2.399326651398601 2.496742105954338 2.31046356765287 2.732854543528292 2.5077142692137593
6.49995 2.3767049559657853 2.474839901313566 2.30121374508743 2.718011249840537 2.488605309816647
6.516627777777778 2.3645006141070963 2.464223200255637 2.2928601826693065 2.710012649644782 2.477897785422267
6.533330555555556 2.327632248351739 2.4351193590856903 2.2688312366280603 2.6870467194717675 2.446238629987556
6.549994444444445 2.290575779021547 2.4086426956523623 2.2453203042470746 2.66665157898394 2.4137547693161783
6.56665 2.2664091123548804 2.3920503011187915 2.227396486120005 2.6546145419469034 2.3904803585417675
6.583280555555556 2.2664091123548804 2.3920503011187915 2.227396486120005 2.6546145419469034 2.3904803585417675
6.599927777777777 2.2421807172931523 2.37265691876585 2.208536836997198 2.640235456979583 2.3636036078414886
6.616641666666666 2.2083476329621066 2.3379310328874654 2.1769758691867382 2.6157896045953026 2.3220823696934003
6.633330555555555 2.1742469940962703 2.3031928463985527 2.1471490343995763 2.59210214738794 2.2798575037828854
6.649961111111111 2.1628366443840266 2.291840640863393 2.137973177522214 2.5842641252327283 2.265421547111943
6.666566666666666 2.1367327106883756 2.2670496128257174 2.1139822536690267 2.559253123468658 2.2403257586820438
6.683266666638889 2.1252549754432346 2.2552611234668296 2.1049444578968437 2.55047056058394 2.228458172120395
6.699927777777778 2.1010669412552 2.230047448253154 2.082521957026067 2.528581671695051 2.2012976782932347
6.716583333333333 2.0775214867097453 2.2041937897165695 2.0596719214894645 2.505749645085405 2.174631011626568
6.733319444444445 2.041629452778107 2.16610786498273 2.023409218822809 2.4727383966752097 2.1336079167182995
6.749988888888889 2.018444441068505 2.1384097430181694 2.001252672990438 2.4494723184910994 2.1061667192842304
6.766599999972223 1.9964708063024657 2.1099737096536084 1.9812426179808036 2.4302967525026102 2.0787522481745
6.783272222222222 1.9674426195748804 2.081777850320703 1.9535416677638475 2.3872590576278867 2.052011449701134
6.799961111111111 1.9413031145925592 2.0531581671749244 1.928706651556959 2.354486148036395 2.0254926454581255
6.816599999972222 1.9295792191340142 2.039460803294507 1.9186439702084495 2.342519854368402 2.012776497241402
6.8333 1.8757330652878603 1.982157882126039 1.8684329997443143 2.275853187701735 1.9523991387508355
6.849991666666667 1.8613767855290428 1.9682427255884538 1.854196393191129 2.254937561673838 1.936786038115576
6.8665972222222225 1.8238812134360083 1.9290687490369056 1.820059016004477 2.2118531877017347 1.8952562816079783
6.883277777777778 1.8238812134360083 1.9290687490369056 1.820059016004477 2.2118531877017347 1.8952562816079783
6.899975 1.7860740961472792 1.8891927530958577 1.7839314759022304 2.1621050238029103 1.8534459751259935
6.916599999972222 1.7750374000485845 1.8769292989807884 1.7744591217127224 2.1518438112366622 1.8410034080447601
6.933330555555556 1.727846388812629 1.8283341521097798 1.7303850476386482 2.094012485935457 1.7885443916513175
6.949988888888889 1.7167147109176673 1.8157810781244985 1.7206001788241794 2.083841212018112 1.7756657017339803
6.966647222222222 1.6604289826908585 1.7890341575302526 1.6969739434528948 2.0155185493289935 1.7502340393820466
6.983294444444445 1.621825069417458 1.7643096211153104 1.6598271000625915 1.9716756213838922 1.726022185661996
6.999988888888889 1.5707803365852868 1.7283708661233168 1.6125300875725952 1.9153895949185855 1.6888917861922605
7.016641666666667 1.5319524977574484 1.6881144558669066 1.5748956789704447 1.8708159515077325 1.6486957077608877
7.033330555555556 1.5068385223843754 1.6604404483936785 1.5490777170201095 1.8401468375485892 1.6216679092730044
7.049988888888889 1.4688941495717025 1.6215366069451838 1.5121924711184698 1.7963039096034885 1.5827920310528643
7.066630555555555 1.4314785275852033 1.5825400843421036 1.4755374701974902 1.75112198237438 1.5435903204327643
7.083327777777778 1.3807333284417822 1.5314798549785746 1.4258002594517394 1.6889493240559281 1.4905728644206533
7.099936111111111 1.3437414585230834 1.492938188311908 1.3887847555757704 1.6433243240559283 1.451602276185359
7.116580555555555 1.3437414585230834 1.492938188311908 1.3887847555757704 1.6433243240559283 1.451602276185359
7.133288888888889 1.2854424182194264 1.4312532791618557 1.3299131865928735 1.5716178723374832 1.3896357108551856
7.149969444444444 1.254968751568709 1.402922250784891 1.301056000120452 1.5334409243544203 1.3588103744461872
7.166555555555555 1.2340526057092305 1.3795402132718095 1.279371733451778 1.5078835756151798 1.3361635348720842
7.183305555555555 1.1603996376727006 1.3038339985825442 1.2071873777231183 1.4188445365761408 1.260967255643547
7.199980555555555 1.1433442642999216 1.2878716250824565 1.1915197240003164 1.3982520233502889 1.2448291624493975
7.216655555555556 1.0883361456092087 1.2295023360929866 1.1365499508225334 1.331852584865879 1.1879708986307966
7.23325 1.0883361456092087 1.2295023360929866 1.1365499508225334 1.331852584865879 1.1879708986307966
7.249894444444444 1.0525873533386771 1.1937447603354108 1.1016184439732184 1.2889604280031342 1.1526601641675194
7.266655555555555 0.983447424639925 1.1236655616398599 1.0333017807086065 1.2060352103414425 1.0842391115359407
7.28325 0.983447424639925 1.1236655616398599 1.0333017807086065 1.2060352103414425 1.0842391115359407
7.299925 0.949356515549016 1.0893888320801115 0.9997269014815534 1.1651497936747757 1.0509057782026074
7.316630555555555 0.8816273808843974 1.0227284499785527 0.9333166450712972 1.0862242091040295 0.9864228990970868
7.333236111111111 0.8816273808843974 1.0227284499785527 0.9333166450712972 1.0862242091040295 0.9864228990970868
7.34995 0.8482940475510641 0.9897423388674418 0.9010585805551681 1.0492797646595853 0.9543967553062369
7.366569444444444 0.8149607142177308 0.9567562277563305 0.8688005160390391 1.0123353202151408 0.9223706115153872
7.383286111111111 0.7518028194808887 0.8929881118143016 0.8043937363780223 0.9386511096888251 0.8591053053929384
7.39995 0.7394781830959561 0.8783489624402967 0.791206953814448 0.9232633865791723 0.8450216118619066
7.416658333333333 0.6903381730162421 0.8296884485146384 0.7412266592023241 0.8641259434969923 0.7959863440402815
7.433244444444444 0.6903381730162421 0.8296884485146384 0.7412266592023241 0.8641259434969923 0.7959863440402815
7.449997222222223 0.6329198723626474 0.7679608062382157 0.6784830694587344 0.7898025971371718 0.7327640043644534
7.466636111111111 0.622544136750145 0.7553712848244745 0.6673603961889191 0.776855013577546 0.7207514797027411
7.483291666666666 0.604586539029314 0.7371274729048823 0.6471497361254012 0.7522139446549024 0.7009810586280193
7.499986111111111 0.576461539029314 0.706785592563002 0.6155525139031789 0.7151769076178655 0.6692350268819875
7.516611111111111 0.5490541316219065 0.6761549619323712 0.5855525139031789 0.6778753203162782 0.6384657961127568
7.5333194444444445 0.531780781002247 0.656070959403918 0.5662013238460679 0.6520765969318082 0.6189571878399134
7.549988888888889 0.5139117976025992 0.6352944050641386 0.5461828513731946 0.6253882623961498 0.5987758689369717
7.566577777777778 0.4953588717460033 0.6129001892603103 0.5265252405785723 0.5966554618287693 0.57893457313359
7.583316666666667 0.47652599445575333 0.5907566002029839 0.5071818324181723 0.5666354204725368 0.5590147540030389
7.599888888888889 0.4574123256680802 0.5702476292975837 0.4881736552085505 0.5384352088661551 0.5408364126319712
7.616602777777778 0.4170211765318651 0.5309021350897017 0.4505014728961755 0.47974408467242513 0.5052133155671971
7.633286111111111 0.4170211765318651 0.5309021350897017 0.4505014728961755 0.47974408467242513 0.5052133155671971
7.649991666666667 0.37716579783376836 0.48958363805307015 0.4120232393402832 0.42362760620019535 0.46681481813845976
7.666658333333333 0.3573757804571103 0.46866102509984586 0.39213870412708884 0.3956715868956278 0.44615111450122896
7.68325 0.3573757804571103 0.46866102509984586 0.39213870412708884 0.3956715868956278 0.44615111450122896
7.699997222222223 0.3161553268650455 0.42857318319695487 0.3551116427432217 0.3409984827264239 0.4070246948893974
7.716636111111111 0.3161553268650455 0.42857318319695487 0.3551116427432217 0.3409984827264239 0.4070246948893974
7.733286111111111 0.2731904355945277 0.3856125969591413 0.31663823590597046 0.27921994884910484 0.3685620004642987
7.7499416666666665 0.2506899055918664 0.3671286256838372 0.29611908559276984 0.25098039215686274 0.34873294346978556
7.766644444444444 0.2506899055918664 0.3671286256838372 0.29611908559276984 0.25098039215686274 0.34873294346978556
7.7833194444444445 0.2106703146374829 0.32606484083192266 0.25703794369645044 0.2106703146374829 0.30620155038759694
7.799988888888889 0.19047619047619047 0.3075124999494747 0.23809523809523808 0.19047619047619047 0.2857142857142857
7.816580555555555 0.19047619047619047 0.3075124999494747 0.23809523809523808 0.19047619047619047 0.2857142857142857
7.833275 0.15 0.267005772005772 0.2 0.15 0.25
7.849997222222222 0.1282051282051282 0.2447922447922448 0.1794871794871795 0.1282051282051282 0.23076923076923078
7.866655555555556 0.10526315789473684 0.22115895800106328 0.15789473684210525 0.10526315789473684 0.21052631578947367
7.883283333333333 0.10526315789473684 0.22115895800106328 0.15789473684210525 0.10526315789473684 0.21052631578947367
7.899930555555556 0.08108108108108109 0.19765219765219766 0.13513513513513514 0.08108108108108109 0.1891891891891892
7.916633333333333 0.05555555555555555 0.1728395061728395 0.1111111111111111 0.05555555555555555 0.16666666666666666
7.933247222222223 0 0.11764705882352941 0.058823529411764705 0 0.11764705882352941
7.949913888888889 0 0.11764705882352941 0.058823529411764705 0 0.11764705882352941
7.966622222222222 0 0.09090909090909091 0.030303030303030304 0 0.09090909090909091
7.983330555555556 0 0.03225806451612903 0 0 0.03225806451612903
7.999994444444445 0 0 0 0 0
