# OrderThroughputTimeAvg ItemThroughputRate ItemThroughputRateScore OrderTurnoverTimeAvg OrdersHandled TripDistance LateOrdersFractional OrderLatenessAvg ISIdleTimeAvg TimingDecisionsOverall InvCombinedAvgRank TimeMoving TimeQueueing DistanceTraveledPerBot ItemPileOneAvg OrderThroughputRate BundlesHandled OrderOffsetAvg OSIdleTimeAvg TripTime TripTimeWithoutQueueing 
89.62254926207459 1516 0.5984367940390178 448.7268033700175 491 16.526329543412647 0 0 1 0.819567599999999 0 791.3479039845715 155.95480762189186 837.334030199574 7.745710784313726 982 0 -10234.811440218711 0.46132880658435765 20.404497941196894 17.326442527606925 
89.2928279818888 1524 0.5993688203992711 413.04985451053045 505 17.023562178031145 0 0 1 0.662025600000004 0 771.7735642107364 189.16742184048886 817.1309845454949 8.23939393939394 1010 0 -10253.985376456532 0.4612337168731227 21.754418765018702 17.813430810008516 
91.0020159512934 1484 0.5865735119667859 439.46803483810385 484 16.363576806045742 0 0 1 0.7213738999999998 0 782.8721452615232 189.3205050633868 826.36062870531 7.584558823529412 968 0 -10220.852662317162 0.4739515565301056 20.687475033873532 16.93855414152924 
88.37595526333416 1518 0.598390502683937 463.34910574391074 493 16.665589268796467 0 0 1 0.7874773000000006 0 784.5606156382822 173.9983633983188 830.5018652283574 7.924700635386119 986 0 -10227.861690660697 0.4603368727258801 20.86393369943424 17.372327744952926 
80.08684641118424 1508 0.59684567179112 411.4854998924085 504 16.025566529601996 0 0 1 0.8077305999999965 0 791.8239249479683 159.6934511956288 836.0003872942375 7.429057734204792 1008 0 -10242.626950420412 0.46557519910119555 19.79832376741541 16.7371074505663 
91.73257572810462 1544 0.6095925831978808 440.0486412782519 496 16.33637066220536 0 0 1 0.8758678999999997 0 799.0323689034385 136.65636846170463 846.7685459909779 7.724598930481284 992 0 -10221.468943501253 0.45118102856116926 19.711580156698954 17.07512288734131 
89.62198306850684 1502 0.5926612227203937 447.71913112247125 491 16.83635477483333 0 0 1 0.7524064000000026 0 805.5682022367697 151.19522004545252 844.6237978708054 7.798771121351767 982 0 -10218.454089202314 0.46643716794266465 20.83605777794055 17.822199571054455 
81.5686987713224 1604 0.6295477149834778 427.61570792304934 528 17.380484724458736 0 0 1 0.7845215999999998 0 784.5070778441651 148.07209836582504 840.0567616821722 8.53763440860215 1056 0 -10254.93083925926 0.4308393858709166 21.054274916616162 17.990714260771504 
93.3373914819253 1584 0.6213089888804639 425.1506975962543 505 17.071493638274372 0 0 1 0.9977869999999925 0 763.6143880795947 175.910382405811 805.205449938608 8.63350482017056 1010 0 -10241.434371180168 0.4383015918366078 21.813275330932687 18.083726587346586 
