# OrderThroughputTimeAvg ItemThroughputRate ItemThroughputRateScore OrderTurnoverTimeAvg OrdersHandled TripDistance LateOrdersFractional OrderLatenessAvg ISIdleTimeAvg TimingDecisionsOverall InvCombinedAvgRank TimeMoving TimeQueueing DistanceTraveledPerBot ItemPileOneAvg OrderThroughputRate BundlesHandled OrderOffsetAvg OSIdleTimeAvg TripTime TripTimeWithoutQueueing 
87.58374573971298 1388 0.5525404845884212 455.74009934595955 457 16.479447370770508 0 0 1 0.9422893000000009 0 827.6759439082289 143.38246993501548 867.9175615272467 6.813131313131312 914 0 -10185.337885853158 0.5066367671811768 20.262889358512112 17.540437397720677 
89.97183355290689 1424 0.5661220618135833 469.1053029791796 475 16.324311594202886 0 0 1 0.8136332000000014 0 822.0351707048652 146.04036317744414 876.0713888888881 6.945020913770914 950 0 -10181.899665530267 0.4952374966699445 19.57987254912475 16.85862354581834 
93.31127529007287 1434 0.5694502705066692 475.8869400850386 470 16.18189199934463 0 0 1 0.9091889999999999 0 808.7879775348852 152.08603246884854 844.1553659658115 7.062289562289561 940 0 -10197.577192065683 0.4929646657163194 20.22247056070047 17.307083356824776 
96.86419343476234 1398 0.5559077984310085 480.9291090007985 458 16.463584234998788 0 0 1 0.8922940999999998 0 813.7137089557192 143.2664975701234 856.1063802199369 6.922756981580512 916 0 -10200.85946273883 0.505445083145725 20.48153582571975 17.726410872448145 
91.14870958657481 1464 0.5814500204043498 455.90546427630903 484 16.276931396950715 0 0 1 0.9061604999999965 0 818.4275095905599 133.75046416178517 870.8158297368632 7.046705146705146 968 0 -10207.620479587957 0.4804098484657782 19.460215820686496 16.960207144765278 
99.49299028774875 1384 0.5526004925364373 453.15905976814065 447 16.541657228091992 0 0 1 1.037120999999995 0 842.8623676573917 136.33551345513598 887.7356045742703 6.531746031746032 894 0 -10196.53819404075 0.5095691905728583 19.86394082742953 17.32352753323445 
103.09939688867321 1400 0.5580724234653848 443.8964110208949 458 16.407600349329755 0 0 1 0.7865619000000003 0 836.9929060860618 127.02829847306883 888.7450189220284 6.683094859565448 916 0 -10207.815647857698 0.502062518985268 19.593251459979896 17.24811364201555 
100.6726358113221 1384 0.5509916135378009 500.05158182656237 454 16.19947612956396 0 0 1 1.0152187999999989 0 809.5563636191781 147.85382516245892 847.7725841138472 6.805419389978213 908 0 -10151.973011253905 0.5097981735615494 20.49528340723965 17.670051079294577 
106.07506488219742 1324 0.5315259728890263 491.5375220448572 431 15.98100498285744 0 0 1 0.9404099000000019 0 843.2532191147233 138.11564455168596 884.2822757181117 6.074324324324324 862 0 -10149.34842197557 0.5306352893453838 19.49326192304544 16.997196057653525 
