# OrderThroughputTimeAvg ItemThroughputRate ItemThroughputRateScore OrderTurnoverTimeAvg OrdersHandled TripDistance LateOrdersFractional OrderLatenessAvg ISIdleTimeAvg TimingDecisionsOverall InvCombinedAvgRank TimeMoving TimeQueueing DistanceTraveledPerBot ItemPileOneAvg OrderThroughputRate BundlesHandled OrderOffsetAvg OSIdleTimeAvg TripTime TripTimeWithoutQueueing 
99.69904644435351 1438 0.5687811211541374 452.05234341295284 461 16.77619940941244 0 0 1 0.7327622000000007 0 798.3976430847514 185.52381072937808 844.4020369404261 7.502861274030629 922 0 -10208.901297867887 0.49004406233128056 21.092267329729907 17.406363805305176 
96.81894065671499 1578 0.6209798866227072 455.23843877991646 519 16.249895717838793 0 0 1 0.7810566999999994 0 768.137990583059 165.43698894250957 809.7864699389665 8.155143105629348 1038 0 -10196.857664372776 0.4410551373203218 20.372224852922383 17.052419054744934 
95.87106122619788 1566 0.6150831974593565 456.6287178042825 500 16.825383235419284 0 0 1 0.7234319000000011 0 767.322002129528 180.72841029402431 813.2268563785988 8.428136200716844 1000 0 -10204.65528688783 0.4460489364558487 21.16806453686863 17.42885604802675 
93.98397424943414 1516 0.5973676389139285 427.0422123494351 497 16.936285569412867 0 0 1 0.8957087 0 782.3859174869403 165.82952260395524 829.8779929012304 7.976478494623656 994 0 -10220.053179555945 0.462607475498017 21.24494986324991 17.86067389174062 
89.35056649683584 1544 0.6079695708934242 439.70635532623515 507 16.847000069364043 0 0 1 0.7880739999999957 0 787.4509969397305 164.24489417314797 836.7343367784141 8.071717171717173 1014 0 -10225.600199106071 0.4523231323213008 20.697797657291417 17.39085347930857 
97.25946878285416 1536 0.6057554518612019 442.2224837026034 487 16.378378378378343 0 0 1 0.9175533000000006 0 769.6093061077253 168.89046466448053 807.9999999999983 7.866789335480038 974 0 -10225.323004785603 0.4556073787714085 20.966899072346756 17.543443707526205 
87.20026003710775 1586 0.6232879037821863 446.7454030455822 509 16.852761259757816 0 0 1 0.6623300000000014 0 784.1613539813816 152.82692401726206 828.594095271426 8.346102150537634 1018 0 -10247.141773010024 0.43666073176696923 20.6696205638812 17.561276346580957 
97.90782633478324 1564 0.6150821698333393 440.422110580156 509 16.868736918272358 0 0 1 0.717893700000001 0 778.1567160830579 158.9291666666667 820.9451966892548 8.243560606060607 1018 0 -10213.683468837777 0.4446475484777903 20.970038596498867 17.70437078827969 
99.04144934657783 1534 0.6040161618132946 463.7516063200513 490 17.055171927200178 0 0 1 0.8868658000000021 0 790.2578979904556 160.71204907247818 838.5459530873421 8.075268817204302 980 0 -10208.365868254705 0.455549270458748 20.88885012399781 17.62013048184571 
