# OrderThroughputTimeAvg ItemThroughputRate ItemThroughputRateScore OrderTurnoverTimeAvg OrdersHandled TripDistance LateOrdersFractional OrderLatenessAvg ISIdleTimeAvg TimingDecisionsOverall InvCombinedAvgRank TimeMoving TimeQueueing DistanceTraveledPerBot ItemPileOneAvg OrderThroughputRate BundlesHandled OrderOffsetAvg OSIdleTimeAvg TripTime TripTimeWithoutQueueing 
97.78091546602053 1296 0.5202360005574193 468.90271149365844 430 16.17481151354695 0 0 1 0.8507346999999995 0 855.2247246198558 139.22319384503461 900.3978409207803 6.081758228817052 860 0 -10165.698269693012 0.5400709676214962 19.51680394605478 17.015788487760748 
99.47710244782496 1398 0.5562385182625615 464.5284051535765 468 16.31817386979773 0 0 1 0.8810175999999992 0 808.6436195028472 175.0240235819066 859.423823809347 6.86322892793481 936 0 -10165.638093764032 0.5037226204246307 20.281240821706113 16.95799986761928 
90.22965538731698 1404 0.5601718912452855 417.45668844458123 456 15.868259666300252 0 0 1 0.8525175999999999 0 830.641368414464 130.1451791910836 872.7542816465138 6.599085950169541 912 0 -10229.352110418662 0.5030511209260847 19.22945371546091 16.86317773016848 
106.62289852047087 1336 0.5357165593035537 480.46492133101077 434 16.117336908540906 0 0 1 0.8185586000000019 0 844.3525023504002 138.71863997727465 889.1397527878399 6.167420814479638 868 0 -10166.380921096597 0.5263309777868589 19.576550877722866 17.062013597168036 
98.20132597830398 1286 0.5174419262712564 439.55268008007886 430 16.063550886174703 0 0 1 0.8006535999999975 0 852.9616047694872 131.05220059621792 894.204332663725 5.901415701415702 860 0 -10180.505006549758 0.5429414944054908 19.552912484486725 17.19868133605167 
103.40474054302057 1362 0.5424645421327841 487.56970595512985 454 16.995078398672316 0 0 1 0.9582187999999974 0 836.5768988373594 122.68647779987764 880.911563664515 6.763988095238095 908 0 -10167.418395736111 0.5167714931098071 20.864197393324957 18.497255699436646 
95.17347283979686 1336 0.5354381096386178 496.18680746354755 435 16.16513737378717 0 0 1 0.9151672999999992 0 846.1071836710188 133.22473665530381 894.4709346828903 6.209694989106754 870 0 -10151.895752141181 0.5265257990163706 19.424240229515096 17.01656426586503 
84.38793079814603 1342 0.5366191173795111 449.3915807945143 455 16.32279243870257 0 0 1 0.7648536999999995 0 846.3186219004871 141.15950577323227 892.3126533157406 6.401663695781342 910 0 -10204.69485437224 0.523531255634854 19.684750311919352 17.102564230701688 
94.79045259417566 1270 0.5103146824839933 454.42281783472674 418 16.103091465260636 0 0 1 1.0896285999999962 0 832.5588797158906 156.98072271119656 874.9346362791612 6.003267973856208 836 0 -10164.44589156461 0.5495107182892767 20.288190339367684 17.398974583946888 
