# OrderThroughputTimeAvg ItemThroughputRate ItemThroughputRateScore OrderTurnoverTimeAvg OrdersHandled TripDistance LateOrdersFractional OrderLatenessAvg ISIdleTimeAvg TimingDecisionsOverall InvCombinedAvgRank TimeMoving TimeQueueing DistanceTraveledPerBot ItemPileOneAvg OrderThroughputRate BundlesHandled OrderOffsetAvg OSIdleTimeAvg TripTime TripTimeWithoutQueueing 
98.55511762857884 1510 0.5938943472913826 451.1447486912892 491 17.362819940484062 0 0 1 0.8644974999999987 0 777.469262808478 192.08196127516928 830.521553819821 8.231890917286455 982 0 -10221.365786122942 0.46408925906633147 21.776116767937314 17.760466009571406 
93.45500670821555 1420 0.5628873241595777 431.1512406298472 471 16.817511536113187 0 0 1 0.6842957000000003 0 809.671189176141 162.3703715691903 852.0872511630682 7.254022657450077 942 0 -10224.73855454649 0.4970263655260003 20.949925048506156 17.745246662272137 
85.01287060378473 1548 0.6095809832318998 439.0671441351409 484 16.90222131461413 0 0 1 0.8054920999999986 0 790.2767688025859 148.65750119882068 833.8429181876304 8.063620071684587 968 0 -10203.752632787216 0.45100140154310214 20.73587311321145 17.72254538620833 
93.25010690356821 1408 0.5593977930803103 437.36609101657416 464 16.86858965028873 0 0 1 0.7404964999999998 0 832.8653871538507 131.90702380277574 879.9780934233954 7.0115740740740735 928 0 -10203.536615337078 0.4996112112752318 20.296723718370654 17.76815457199157 
89.616288639278 1470 0.5785757748861656 417.9905136233016 497 16.780803802447508 0 0 1 0.9588301999999947 0 764.0711332859995 194.00954191817186 799.884981249998 8.132106782106783 994 0 -10233.692278512346 0.4790728983251149 22.183148569298062 18.113018319266487 
97.39618211224386 1520 0.5987085194391617 437.3780744442181 490 17.069365236350013 0 0 1 0.7565601999999999 0 805.4833128589044 149.4324988011781 850.6233676114424 8.028981937602627 980 0 -10206.418689553451 0.4616585297704899 20.71746466105369 17.718819200160485 
96.9692935595821 1432 0.5666604781568173 471.68882336553617 469 16.83620946593846 0 0 1 0.7327163999999999 0 802.0419119345779 186.3342412297171 844.6165082079127 7.450642325895875 938 0 -10180.601421475823 0.49318366200813807 21.169714132586712 17.45541032069866 
89.92060880618888 1602 0.6283720144050557 461.5667397688998 520 17.173138540160295 0 0 1 0.6649478000000022 0 772.1063227175682 166.30433861759803 824.3106499276942 8.632840501792115 1040 0 -10237.48131815252 0.4312480559761669 21.145538094542648 17.680864373342686 
88.9097356295108 1596 0.625453296526512 437.11083500525086 505 17.175808311834697 0 0 1 0.8366662999999986 0 768.0182743549441 181.9587001072426 812.988260093509 8.774935113088619 1010 0 -10246.235834208584 0.43507807437906537 21.573178921628124 17.728981032038494 
