# OrderThroughputTimeAvg ItemThroughputRate ItemThroughputRateScore OrderTurnoverTimeAvg OrdersHandled TripDistance LateOrdersFractional OrderLatenessAvg ISIdleTimeAvg TimingDecisionsOverall InvCombinedAvgRank TimeMoving TimeQueueing DistanceTraveledPerBot ItemPileOneAvg OrderThroughputRate BundlesHandled OrderOffsetAvg OSIdleTimeAvg TripTime TripTimeWithoutQueueing 
92.82963899863742 1416 0.5613434667726637 448.15786801715836 467 17.184975565421535 0 0 1 1.1532762000000027 0 821.3676190138714 154.37072510883823 870.7054286480244 7.245816801794032 934 0 -10192.146975849462 0.49773790947211477 21.059020064668193 18.01222943752007 
93.42612829406713 1452 0.5736621486737867 445.9238274283716 490 16.509407882117404 0 0 1 1.0969508999999995 0 773.7098460313746 209.37313251624497 806.2094182433999 7.640120967741936 980 0 -10226.344471311037 0.48595933411495107 21.83960997119323 17.552105551065345 
97.28923919810526 1412 0.562088007583936 477.20091928060083 463 16.61693693555579 0 0 1 1.3771693999999997 0 829.0118638400494 139.62808681936153 883.4671470737161 6.8142616642616645 926 0 -10208.890413209143 0.49961542943471504 19.973703130701992 17.347469522814315 
96.7277657979735 1468 0.5821894512643623 463.7582849280072 477 16.477788353018045 0 0 1 1.1535708999999983 0 820.2046283835674 138.3149218404891 862.3375904746111 7.202198455139633 954 0 -10201.27803093383 0.48005835469818076 20.000305443128788 17.357345153183136 
93.8575289711085 1472 0.5825707671620253 441.6578179080626 488 16.075501395551694 0 0 1 1.0458994999999989 0 777.2492320567256 183.3836853307747 814.4920707079524 7.434343434343433 976 0 -10216.964119334274 0.47877324487618383 20.702388303666126 17.082973461611363 
96.59563177147204 1450 0.5749411946299778 449.086958371479 468 16.498812054885594 0 0 1 1.100142599999998 0 806.6708461245904 169.27649946378574 852.4386228357557 7.223041474654379 936 0 -10202.699020262004 0.4866912137789967 20.38357802048236 17.107258676021992 
94.55137211902594 1462 0.5784756973804123 446.75493938004723 478 16.401097111498057 0 0 1 1.2180079999999962 0 796.8136591583948 165.0834379613659 841.9229850569003 7.461952861952862 956 0 -10220.27357709827 0.48192697881388685 20.463816434299158 17.24790530518164 
95.33202097598492 1464 0.5795294063474972 437.2010079349802 484 16.18606947075112 0 0 1 1.1064857999999997 0 785.6868782258972 187.37547499840295 820.0941865180567 7.409477124183006 968 0 -10197.77094042869 0.4807764923830753 20.71613600787494 17.017935843432777 
108.17102136225962 1432 0.5681187987255838 490.43649212721107 462 16.152825666864373 0 0 1 1.5282254999999987 0 798.0695758371436 156.3032759443919 834.5626594546593 7.162804515745692 924 0 -10164.605199288211 0.49245217267616326 20.48419311990863 17.45896842421072 
