# OrderThroughputTimeAvg ItemThroughputRate ItemThroughputRateScore OrderTurnoverTimeAvg OrdersHandled TripDistance LateOrdersFractional OrderLatenessAvg ISIdleTimeAvg TimingDecisionsOverall InvCombinedAvgRank TimeMoving TimeQueueing DistanceTraveledPerBot ItemPileOneAvg OrderThroughputRate BundlesHandled OrderOffsetAvg OSIdleTimeAvg TripTime TripTimeWithoutQueueing 
86.40569074567208 1506 0.5946134278856328 452.51606557847236 480 16.2213475099575 0 0 1 1.0027303000000012 0 791.4368662376901 154.62135642626387 829.9922809261587 7.71961405529954 960 0 -10230.644555684614 0.4647812864288323 20.1729260969204 17.151010336146513 
91.91089350483006 1488 0.5871980284739948 427.4687329519337 500 16.475295246783613 0 0 1 0.9614219999999977 0 783.4232527289365 188.19199014133116 823.7647623391807 7.785600255427842 1000 0 -10254.188304916635 0.4723574835951234 20.97711972111788 17.213279918291256 
105.83018662582151 1386 0.5525634695332592 428.6755248570028 457 16.323390434027758 0 0 1 0.7927765000000007 0 820.9830278409668 164.356972111787 870.580823148147 6.670868347338936 914 0 -10207.419363715368 0.5072037156919159 20.01064283491808 16.928949607822076 
93.96092336662784 1442 0.573072596702369 432.9425704737756 473 15.81236279102749 0 0 1 1.281725899999998 0 797.3677043663068 168.40657407407397 843.3260155214662 6.981617647058823 946 0 -10222.317365471232 0.48823393191648123 19.703664389315065 16.54604112542618 
96.79825919494682 1388 0.5528948583685955 479.0150206269431 465 16.051789879797873 0 0 1 1.3646087000000036 0 813.7224783267511 168.4509788629692 858.7707585691863 6.75093795093795 930 0 -10188.653002275987 0.507237459268333 19.822988878687237 16.67437245134202 
101.51881766968941 1464 0.5799230762273416 460.13822039483597 480 16.69897139172149 0 0 1 0.9569399999999973 0 808.654307306544 157.0404714019435 851.647540977796 7.332107843137255 960 0 -10184.991492704099 0.4819172892262194 20.520665313515984 17.44144038406611 
88.57138383635572 1442 0.5725546612801552 438.50438504055546 470 15.989305924946065 0 0 1 0.7611142000000003 0 799.2217508202725 173.95498561414988 839.4385610596684 7.0755878108819275 940 0 -10242.018139792926 0.4875086540684761 19.94110284350028 16.6276745460879 
97.15665058735364 1474 0.5830470553564654 428.1737655756279 486 16.72760153839155 0 0 1 0.7592739000000012 0 810.8716822513238 126.07010702567395 853.1076784579691 7.4974789915966396 972 0 -10247.485468259078 0.47634872151061525 20.545707212923517 18.073744330067164 
100.03011794469245 1546 0.6095080086890077 446.03138664504195 501 16.788029354866534 0 0 1 1.1493963000000014 0 802.6008032211065 137.22095718973102 850.5934873132378 7.90752688172043 1002 0 -10199.848965334351 0.4517296884485696 20.182730192175057 17.47442182658826 
