# OrderThroughputTimeAvg ItemThroughputRate ItemThroughputRateScore OrderTurnoverTimeAvg OrdersHandled TripDistance LateOrdersFractional OrderLatenessAvg ISIdleTimeAvg TimingDecisionsOverall InvCombinedAvgRank TimeMoving TimeQueueing DistanceTraveledPerBot ItemPileOneAvg OrderThroughputRate BundlesHandled OrderOffsetAvg OSIdleTimeAvg TripTime TripTimeWithoutQueueing 
84.12324789749304 1644 0.6422999540035863 446.41030029381926 523 16.27811758958202 0 0 1 0.9482092000000008 0 717.5218951038523 197.8421440627109 751.5064287190366 9.29074302134647 1046 0 -10273.136575088969 0.41734095321464987 21.927657831366012 17.64226842928563 
90.49287049554368 1576 0.6186489253793268 465.68161430488516 515 16.764949370638103 0 0 1 0.8488688000000012 0 764.8928927608093 158.66700817087528 807.5117280190685 8.51544540229885 1030 0 -10212.443456690553 0.44025334433392044 21.262045793221528 17.96792105610993 
98.8410342702452 1598 0.6287870624631979 482.69658325665984 503 16.59622150212846 0 0 1 0.9327839000000013 0 787.2164766389529 148.61803992365301 835.343148940466 8.169117647058824 1006 0 -10183.056756826476 0.43479024647525605 20.007421184468996 17.054744894595096 
100.62152788287754 1552 0.6101731435690391 450.0163017721861 497 16.726070346904216 0 0 1 0.8171816999999997 0 772.2659798868339 168.12766720287402 816.7897686071559 8.287793905440964 994 0 -10234.15637868468 0.45034952152438423 21.154064881074085 17.711177498080076 
97.41494979206833 1558 0.6129725100605913 460.24119613300854 507 16.741099532344826 0 0 1 0.9546676999999999 0 778.3855952110972 169.93203583821634 825.8942435956782 8.186213043211016 1014 0 -10178.302289763416 0.44685215782977794 20.82400715738993 17.37943886337203 
92.12434367124207 1502 0.5918595454718193 474.182586031272 482 17.01171146621575 0 0 1 0.7678968999999997 0 788.4569924917308 175.44354258939939 833.5738618445718 7.974573319400906 964 0 -10185.071607421172 0.46727894153853206 21.387202344253815 17.806721883245665 
96.69602193419003 1528 0.6025343573822396 444.66017057704005 489 16.611390149810724 0 0 1 0.8712127000000032 0 794.4630158527567 154.9852741813172 841.64376759041 7.880997474747474 978 0 -10201.483100699304 0.4574878707909619 20.32698407939582 17.268064194238246 
93.51201700441372 1554 0.6098888169468774 460.679946563345 510 16.724597925065346 0 0 1 0.6817676000000015 0 747.0140391665636 207.08672679663536 786.0561024780712 8.546236559139786 1020 0 -10212.342194555122 0.4503639864414571 21.963002747673492 17.556902177532315 
103.0252324117485 1482 0.5850528870292804 439.6587538391787 480 16.73914949313146 0 0 1 0.7618121000000018 0 789.5408922172364 179.21352935513667 834.1676164077177 7.737679211469534 960 0 -10186.268397424079 0.47424381378778874 20.982532009656925 17.386273895507024 
