# OrderThroughputTimeAvg ItemThroughputRate ItemThroughputRateScore OrderTurnoverTimeAvg OrdersHandled TripDistance LateOrdersFractional OrderLatenessAvg ISIdleTimeAvg TimingDecisionsOverall InvCombinedAvgRank TimeMoving TimeQueueing DistanceTraveledPerBot ItemPileOneAvg OrderThroughputRate BundlesHandled OrderOffsetAvg OSIdleTimeAvg TripTime TripTimeWithoutQueueing 
92.17577417321296 1434 0.568851212872319 433.97446159801893 466 16.631267098765377 0 0 1 0.6824162000000017 0 816.7887012588202 149.18444204680347 859.2821334362111 7.174390968508615 932 0 -10209.228441226578 0.49097164905247315 20.423327887380285 17.535887073571185 
92.81764587363523 1514 0.5958231650031791 422.0984878216151 495 16.597727746133597 0 0 1 0.6765797000000018 0 762.4730997623552 166.3169315569297 796.6909318144126 8.148454301075269 990 0 -10215.116694970953 0.463457248705508 21.73636420214303 18.271428128040327 
90.88858910726931 1478 0.585527289427945 456.926420295838 473 16.513597221368016 0 0 1 0.6855687000000009 0 812.0712289261619 146.54761786229454 858.7070555111368 7.3208556149732615 946 0 -10195.452564089883 0.4762470337772025 20.001214873420228 17.182991452991487 
85.22552175882879 1454 0.5762360823499207 480.11128636536904 478 16.51018125991032 0 0 1 0.6870361000000008 0 807.7527897659729 160.15272848443092 853.0260317620332 7.278799019607843 956 0 -10212.747996495318 0.4843361712620757 20.2624584556061 17.16272822687518 
91.66002640247154 1544 0.6079360856583861 424.9048621033783 508 16.769952417695457 0 0 1 0.7130432000000027 0 784.9919239227853 173.03009259259292 830.112644675925 8.079207516339869 1016 0 -10235.210577286927 0.45215586552955456 20.814762221239512 17.319204795126524 
101.99336272450819 1504 0.5945280268118763 483.92204713232553 488 16.779336923565708 0 0 1 0.6721616000000016 0 803.7957936305448 162.80497957281395 855.746183101851 7.5746031746031734 976 0 -10192.837482141871 0.467844504647879 20.362932335680657 17.170677834252935 
98.92735120732073 1472 0.5840598131272712 451.35599446623496 481 16.23107356962068 0 0 1 0.6849235000000015 0 809.6350781122691 155.09273327971178 854.8365413333559 7.1495798319327735 962 0 -10202.198066138633 0.47893445963999876 19.736260845331465 16.79146211217238 
87.42704520137112 1450 0.5744226190138771 466.17414828179056 482 16.60019887880056 0 0 1 0.6626229000000019 0 808.9629881854231 150.0218522364153 854.9102422582288 7.323232323232323 964 0 -10183.358949422109 0.4847753264380456 20.499859392584067 17.586813718090568 
90.60890837621686 1520 0.5999107744430026 450.0754427164794 485 16.14701844794414 0 0 1 0.6655661000000015 0 779.0523412361016 162.79168109974867 818.1156013625032 7.767724685181991 970 0 -10217.337491997445 0.4595320039293964 20.443171518063988 17.230177812147897 
