# OrderThroughputTimeAvg ItemThroughputRate ItemThroughputRateScore OrderTurnoverTimeAvg OrdersHandled TripDistance LateOrdersFractional OrderLatenessAvg ISIdleTimeAvg TimingDecisionsOverall InvCombinedAvgRank TimeMoving TimeQueueing DistanceTraveledPerBot ItemPileOneAvg OrderThroughputRate BundlesHandled OrderOffsetAvg OSIdleTimeAvg TripTime TripTimeWithoutQueueing 
99.67082319400383 1386 0.5514715799687537 473.19896035409295 454 16.30170000264605 0 0 1 0.8424425999999999 0 817.5105446716922 157.06893698341668 853.1223001384766 6.861853832442068 908 0 -10191.417232876187 0.5100636150894444 20.376600076138534 17.375282808939488 
87.12222789732739 1454 0.5766350345762454 428.3594489134465 488 16.600113958094614 0 0 1 0.7302670000000014 0 809.8620141649723 155.2565476055528 857.672554501555 7.2026143790849675 976 0 -10210.242529831494 0.48454399413569416 20.355173905648613 17.350208468121785 
86.66366746127355 1442 0.5719301194668154 426.03858882226245 470 16.359346300518865 0 0 1 0.7842507999999977 0 815.0138660168196 139.88427968644484 853.4125653437342 7.192319508448541 940 0 -10229.589104360204 0.4876319664228186 20.16363154678278 17.482143757266265 
85.10602657373101 1458 0.5769814345961596 451.94985261134633 473 16.672056962051254 0 0 1 0.7102549000000008 0 794.2497053442568 178.6675060413379 836.3815242629047 7.444109021907884 946 0 -10218.047471588643 0.4835987573874878 21.036598903396424 17.47512037765547 
95.43513736401127 1448 0.57435175287519 463.5043362049161 487 16.494792111047087 0 0 1 0.694052900000002 0 809.7794492397171 160.45793649444124 854.9800577559407 7.1844012605042025 974 0 -10179.44715794892 0.4855094249024425 20.26879288934508 17.173141381413735 
91.70782890513759 1422 0.5651422330429594 472.83885847757324 463 16.25431194227398 0 0 1 0.7791056000000001 0 813.755992049987 156.47858584141142 861.478532940521 6.978362573099415 926 0 -10201.178027024638 0.49676086656368373 19.944085555957656 16.991659408006495 
95.63898023089399 1436 0.5688445793066269 458.2487293116381 460 16.831507822038247 0 0 1 0.8095091999999977 0 809.7158992990695 151.40706230673854 849.9911450129315 7.329545454545454 920 0 -10211.235470333133 0.49025644451773026 21.011022206160032 18.012862556521647 
96.03541973576891 1444 0.5735301794605961 484.4255929686392 473 16.441690725242466 0 0 1 0.6361633000000014 0 816.9253426557866 146.9169913401517 863.1887630752295 7.042434145375322 946 0 -10182.579421194316 0.48891352409202576 20.013231681734787 17.214812799065232 
102.43093539651407 1340 0.5367963617692302 501.2029168674154 438 16.166317089799197 0 0 1 0.732422799999999 0 839.4271680863536 139.76811688434503 886.4530537573227 6.2472376682903 876 0 -10155.427948406197 0.5254911602555123 19.625008552408502 17.076045934456918 
