# OrderThroughputTimeAvg ItemThroughputRate ItemThroughputRateScore OrderTurnoverTimeAvg OrdersHandled TripDistance LateOrdersFractional OrderLatenessAvg ISIdleTimeAvg TimingDecisionsOverall InvCombinedAvgRank TimeMoving TimeQueueing DistanceTraveledPerBot ItemPileOneAvg OrderThroughputRate BundlesHandled OrderOffsetAvg OSIdleTimeAvg TripTime TripTimeWithoutQueueing 
92.14491400471799 1502 0.5929409112826789 451.3338720230035 487 16.7573588689539 0 0 1 0.8998395999999985 0 798.497261576239 122.68677968644668 840.6608365925207 7.739247311827957 974 0 -10243.174387347106 0.4674009249439494 20.709136044405827 18.26355239617101 
83.31872740061193 1528 0.6030732592986738 468.12626729095035 505 16.766710963455147 0 0 1 0.7675998999999978 0 791.1421103067942 160.25821067575623 841.1299999999998 7.766666666666667 1010 0 -10209.822972605152 0.4585082598621362 20.606468913953687 17.411953086529977 
89.68646867868205 1562 0.6154300910715214 468.7513708501296 492 16.508916586856014 0 0 1 0.992343199999998 0 783.0078402581483 165.38635282980167 836.4517737340379 7.990196078431372 984 0 -10192.324163175752 0.446595526689393 20.12183398898542 16.857629656818283 
94.21544815007537 1478 0.5851564740137979 467.6144667854242 475 16.38653057437695 0 0 1 0.9261153000000001 0 803.9894360054574 153.5832082781162 849.3685014385386 7.392769607843138 950 0 -10185.684395735487 0.47610689172457255 20.130826802648652 17.16780670725091 
91.31570786011879 1484 0.5863420238368385 484.98651120995095 484 17.23582964322798 0 0 1 0.8437553999999994 0 809.2267616568902 154.65836219949804 858.9188438875277 7.63238287250384 968 0 -10182.189609021669 0.4738718894988733 21.072980232549682 17.96946794760992 
89.42686713480474 1416 0.5628548416405935 468.60437757559 451 16.6508460838397 0 0 1 0.906061399999999 0 827.4534667802877 143.254547873657 876.9445604155575 6.9607079195314485 902 0 -10187.523895614577 0.49776927741675586 20.13655001742929 17.41652695653707 
83.9482308031388 1444 0.5734893568874779 492.148895898537 470 16.43533908525519 0 0 1 0.8964516999999999 0 826.5300299705128 135.13822510883904 868.3337483376491 7.049867724867725 940 0 -10174.895854585957 0.4893579351834038 19.860216541838152 17.302395246402714 
84.91695504831102 1454 0.5754802926557411 444.9289403867309 476 16.89845569367076 0 0 1 0.9228288999999957 0 809.0092527801521 153.42979918291317 853.3720125303734 7.427634983612214 952 0 -10216.664452704787 0.4840968418750018 20.81109708806855 17.772883242862346 
93.02663812345988 1406 0.5582265175737513 450.0948798518651 451 16.77391881064699 0 0 1 0.9509075999999997 0 826.4216041390491 142.2871163953671 869.4481250185355 7.082029977191268 902 0 -10189.654332591062 0.502283696745688 20.51447975335655 17.76939069106651 
