# OrderThroughputTimeAvg ItemThroughputRate ItemThroughputRateScore OrderTurnoverTimeAvg OrdersHandled TripDistance LateOrdersFractional OrderLatenessAvg ISIdleTimeAvg TimingDecisionsOverall InvCombinedAvgRank TimeMoving TimeQueueing DistanceTraveledPerBot ItemPileOneAvg OrderThroughputRate BundlesHandled OrderOffsetAvg OSIdleTimeAvg TripTime TripTimeWithoutQueueing 
94.0763902783425 1516 0.59900708800021 435.9469965103623 492 16.1713912776291 0 0 1 0.722679500000001 0 784.9414610542925 172.64681339512472 827.4361870386889 7.627995642701525 984 0 -10234.68248771033 0.46276109891296224 20.21526970474446 16.841064882689906 
96.07142694802081 1408 0.5607424770877271 466.36488776676174 467 16.29807832101863 0 0 1 0.7642588000000019 0 824.4203510947572 147.9130747839176 866.5144974008239 6.771428571428572 934 0 -10158.828058360368 0.5001587995738652 19.93763230080403 17.155568198285202 
95.46747439943172 1428 0.5671709342554251 456.0011404852288 458 16.13303850748796 0 0 1 0.7003329000000006 0 819.758496845269 147.0720178086734 860.4287203993578 7.043232570806101 916 0 -10201.008780145308 0.49277281814132284 19.749930082634307 16.99232974872168 
94.27318480671127 1418 0.5632662113846082 477.12113213327666 468 16.508490486076187 0 0 1 0.7636295000000005 0 811.3136956403083 146.69400200415933 855.690090194949 7.030829124579125 936 0 -10198.413724977803 0.49683735393471334 20.474191177892685 17.64408181446839 
88.30787917531721 1480 0.5849936419644379 475.7541740091212 485 16.69469015118715 0 0 1 0.7180066999999994 0 806.032002586269 153.35523522061217 854.2116460690759 7.584313725490195 970 0 -10180.57468315312 0.47651362843130124 20.45671292317108 17.45954220224706 
88.90040151429282 1482 0.5854572459452264 433.7357175902312 480 16.572053515210147 0 0 1 0.7404670000000025 0 783.1837216860013 173.57694204680465 825.8406668413057 7.652118912080962 960 0 -10229.998134605457 0.4746666106167434 21.06133250813325 17.578183169401385 
90.59260100212175 1474 0.58290384763964 436.9163231355863 483 16.705579672041093 0 0 1 0.719955000000001 0 798.6679953783436 165.02405724335222 843.6317734380751 7.526515151515151 966 0 -10233.80485250558 0.4787911923290327 20.784036713438088 17.51623359970834 
98.65805941684297 1474 0.5825207572851915 468.4184321491018 481 17.05649616383364 0 0 1 0.7201328999999997 0 814.0505543094914 150.0572979840911 861.3530562735988 7.60530593289214 962 0 -10184.566011713741 0.47877749321717555 20.783866196386306 17.812434553136974 
99.00210035333461 1418 0.5628898475202914 453.11155236479107 468 16.44030944625404 0 0 1 0.7870527000000016 0 798.5168128858089 154.27049542558765 841.1958333333318 7.101010101010101 936 0 -10192.635825181864 0.49841946048119795 20.803028587793282 17.787970045273653 
