# OrderThroughputTimeAvg ItemThroughputRate ItemThroughputRateScore OrderTurnoverTimeAvg OrdersHandled TripDistance LateOrdersFractional OrderLatenessAvg ISIdleTimeAvg TimingDecisionsOverall InvCombinedAvgRank TimeMoving TimeQueueing DistanceTraveledPerBot ItemPileOneAvg OrderThroughputRate BundlesHandled OrderOffsetAvg OSIdleTimeAvg TripTime TripTimeWithoutQueueing 
96.8592064801925 1328 0.5299444139635611 457.7127410251802 439 16.56760685324463 0 0 1 0.9816164999999999 0 829.5465331724625 158.0876214587542 872.5606276042172 6.582590612002377 878 0 -10177.838954854053 0.5294149217440215 20.62430411703908 17.62264041845514 
86.70603272209793 1452 0.5752167306959725 463.01555899308437 480 16.283245151223294 0 0 1 0.7631489999999973 0 804.0814525680722 165.96770441355017 849.4426220554819 7.322879330943846 960 0 -10202.01202073553 0.4847660173091999 20.164787930300037 16.983298388826235 
95.17190964426779 1404 0.5578894010238946 476.1843987650708 458 16.63278063986509 0 0 1 0.9012040999999966 0 823.6591485426467 152.60151274528693 867.6767233796289 6.996620583717358 916 0 -10195.315938637494 0.5019810178525052 20.499360515885844 17.574091900960212 
93.26651793255472 1438 0.5695461291360964 486.4407786305857 467 17.340046539334438 0 0 1 0.8093572000000001 0 826.789005457887 154.2397186257606 875.6723502363892 7.347537878787879 934 0 -10192.90878917389 0.49054827915873256 21.020057172298884 17.965805318323426 
98.00668286362954 1424 0.5662595276104953 493.49836402968623 474 16.40317044136182 0 0 1 0.8792128999999974 0 816.9812504576944 166.6653523408298 861.1664481714955 6.920448179271709 948 0 -10150.998145080768 0.4947334266798838 20.11565292267405 16.94107478284872 
97.76934585735098 1348 0.5384233708879401 480.5886101777583 441 16.082869004682863 0 0 1 0.845433800000002 0 827.2497835510085 141.4445526689385 863.1139699179803 6.498910675381263 882 0 -10162.307822138384 0.5216051761064388 20.122817796271622 17.487205013620596 
94.9067535407686 1334 0.5348542850758139 496.50556167033204 442 15.889019635951188 0 0 1 0.8716216999999975 0 835.8571945076357 144.8436279418352 879.1924198559658 6.176540826540827 884 0 -10168.150144446498 0.5257417453609764 19.50619377909203 16.888537852432357 
89.02232144279775 1450 0.5754178738158661 472.43588690138927 480 16.332053074392526 0 0 1 1.0838719000000006 0 806.9608176541914 172.4640897059783 849.2667598684114 7.133333333333333 960 0 -10203.516770607941 0.4848267409790667 20.227271455490836 16.910654345760484 
95.59429476843583 1384 0.5509428881977396 489.5735632837746 451 16.723451163919307 0 0 1 0.8447132999999996 0 829.1362493533501 142.8008008707092 875.1939442451104 6.814065904139434 902 0 -10184.634574527121 0.5106736398545729 20.465981103009394 17.737303379365272 
