# OrderThroughputTimeAvg ItemThroughputRate ItemThroughputRateScore OrderTurnoverTimeAvg OrdersHandled TripDistance LateOrdersFractional OrderLatenessAvg ISIdleTimeAvg TimingDecisionsOverall InvCombinedAvgRank TimeMoving TimeQueueing DistanceTraveledPerBot ItemPileOneAvg OrderThroughputRate BundlesHandled OrderOffsetAvg OSIdleTimeAvg TripTime TripTimeWithoutQueueing 
92.20410557387912 1460 0.5768962497291107 427.24326665287464 479 16.388730018749246 0 0 1 0.954555999999998 0 781.6659337497858 166.27360279660186 822.1679559405871 7.6246046805819105 958 0 -10220.840987881336 0.4816920674710495 21.038152863678118 17.72372888766612 
88.94913432922094 1498 0.5912923467692733 444.5221840178688 493 16.54111292587732 0 0 1 0.7568443999999979 0 786.3015343712849 169.50917990092833 829.8124984481789 7.753991528185076 986 0 -10212.111020967457 0.4685784485000923 20.792827060156316 17.413906530569705 
97.71752003712473 1500 0.5940727889544526 466.25937676576166 483 15.814683459581763 0 0 1 0.715514300000001 0 796.818467979109 155.77260822449415 838.1782233578334 7.353178847296494 966 0 -10203.524134315792 0.46816458364009567 19.449979897844788 16.510874082288296 
99.82395098615194 1440 0.5718025802569962 424.66314729374267 468 16.676971710020553 0 0 1 0.6718437000000039 0 818.6892856805374 153.32433262348775 867.2025289210687 7.067857142857143 936 0 -10229.77236374725 0.48860035936380797 20.32362769187067 17.375082833726676 
86.8678926816367 1500 0.5929030577262607 464.3763287967334 499 16.100906360629597 0 0 1 0.7310485999999992 0 787.8227055651287 163.91788480345193 829.1966775724242 7.5834818775995245 998 0 -10219.935598889135 0.4677893017435433 20.132007991069493 16.9491364414879 
95.65315307377607 1530 0.6032004545503732 470.92916567881025 498 16.359665551839445 0 0 1 0.7176836999999997 0 773.0188443908206 176.69387325698676 815.2566666666656 7.907435958254268 996 0 -10199.81790480124 0.45718845195285995 20.761309342708063 17.215612889390606 
95.44571986507485 1450 0.5745233637139222 450.6062124589127 477 16.72681443359396 0 0 1 0.797043500000003 0 814.4380434728728 158.9277140513484 855.8553385188911 7.303551097858499 954 0 -10202.90692454569 0.4855285273518528 20.669093588554997 17.563014486574243 
92.15283561500819 1478 0.5848769663219364 425.78299049879666 490 16.037646034144664 0 0 1 1.2766355999999992 0 790.6819216196113 178.1153691715499 828.611711764141 7.447916666666667 980 0 -10221.053139082984 0.4755941879088059 20.196653143681804 16.749258901651807 
91.79259953858059 1500 0.5916826531717906 452.71856954628964 483 16.32658032792225 0 0 1 0.9959448999999994 0 777.7133465203528 178.65265272255888 813.6079196747922 7.839658444022771 966 0 -10184.799725719382 0.46638257177104747 20.942719792518975 17.357716727852242 
