# OrderThroughputTimeAvg ItemThroughputRate ItemThroughputRateScore OrderTurnoverTimeAvg OrdersHandled TripDistance LateOrdersFractional OrderLatenessAvg ISIdleTimeAvg TimingDecisionsOverall InvCombinedAvgRank TimeMoving TimeQueueing DistanceTraveledPerBot ItemPileOneAvg OrderThroughputRate BundlesHandled OrderOffsetAvg OSIdleTimeAvg TripTime TripTimeWithoutQueueing 
95.69998056483591 1514 0.5972105416352943 468.71743914306865 483 16.72702403247995 0 0 1 0.8400558000000005 0 795.3297137832338 151.14521644898932 836.3512016239974 7.838472485768501 966 0 -10221.517430567184 0.46378345353028566 20.813325685217123 17.790421356237335 
90.35949432739174 1618 0.6328269316420405 456.0718866800094 522 17.328628119140102 0 0 1 0.848839 0 758.5170863303794 187.75618687298027 802.8931028534913 9.101149425287357 1044 0 -10218.254899096652 0.4268461025231763 22.0287068781101 17.97641507509614 
93.35056152911417 1578 0.6187434133972808 447.52964925419917 506 17.00806875260397 0 0 1 1.1709912 0 767.674755836421 185.6180375260125 813.5526219995567 8.686901340996169 1012 0 -10205.475932954867 0.44022521247391416 21.461185473950454 17.580669009992004 
94.90887081468475 1560 0.6127175740178152 436.74643748128324 501 16.61368742669996 0 0 1 0.7160851000000028 0 759.5073027321372 191.32505893114754 805.7638401949481 8.43030303030303 1002 0 -10229.752561291058 0.4461982750577019 21.14098612517785 17.196139549277902 
96.66874635660938 1572 0.6177288118271621 487.2595410920442 510 16.797850779607977 0 0 1 0.8378312999999988 0 784.014687220238 159.08008659848755 825.8943299973922 8.359543010752688 1020 0 -10191.901240218654 0.4421136324057248 20.79724032120874 17.561713136154754 
89.7321720204588 1638 0.6417140644477324 477.4455282265733 521 16.517998737365165 0 0 1 1.1612211000000028 0 749.5658549121002 188.15820588047436 790.110939603967 8.824641577060932 1042 0 -10209.152603579249 0.4191270963468042 20.99756942226797 17.063948393407877 
98.47443519831579 1578 0.6198768115699956 472.52583191293405 501 16.716764227388527 0 0 1 0.8951537999999993 0 758.4153967916512 184.32850168779643 799.618555543418 8.409027777777778 1002 0 -10207.963646449152 0.4424258484586709 21.45741323131668 17.60385570474254 
99.4133412491862 1560 0.6113960877749204 477.8307533061341 504 16.966723340494934 0 0 1 0.898173299999999 0 737.0852457016432 204.36402837718893 783.2970608861827 8.761685823754789 1008 0 -10191.235068298385 0.44807846359038944 22.286857831058246 17.860200176678703 
85.04841730624806 1600 0.6275773458753999 462.08114828057114 512 16.39774192191611 0 0 1 0.7239071999999993 0 751.3111567607561 184.38053752601127 792.5575262259454 8.635353535353536 1024 0 -10224.779145029861 0.43233959834483043 20.83949569634458 17.024725954427105 
