# OrderThroughputTimeAvg ItemThroughputRate ItemThroughputRateScore OrderTurnoverTimeAvg OrdersHandled TripDistance LateOrdersFractional OrderLatenessAvg ISIdleTimeAvg TimingDecisionsOverall InvCombinedAvgRank TimeMoving TimeQueueing DistanceTraveledPerBot ItemPileOneAvg OrderThroughputRate BundlesHandled OrderOffsetAvg OSIdleTimeAvg TripTime TripTimeWithoutQueueing 
94.29483711244161 1490 0.5876101997136607 442.05332935112204 486 17.079491174326062 0 0 1 0.7302277000000044 0 799.8709920027519 160.81623376868814 842.5882312667524 7.867699768079274 972 0 -10228.851010551885 0.46998377426543897 21.155343371266873 17.8955548489286 
94.22669563594346 1576 0.6195542665203176 434.6947989629893 515 16.4065415741869 0 0 1 0.7011402999999993 0 772.951650987523 153.40198654486915 806.6549607308558 8.30040322580645 1030 0 -10233.010474135324 0.43952866369053417 20.754349988931715 17.634309584629293 
88.22608020706328 1604 0.629180835222763 416.991935768674 506 16.22781632977742 0 0 1 0.6477712000000014 0 749.9214117137047 183.61938071801538 789.7537280491678 8.626856118791602 1012 0 -10266.786253174532 0.43076888951492104 20.88625742083066 17.11325644717281 
82.93479398398956 1586 0.6236561060109002 449.3881820710993 511 16.293818073537842 0 0 1 0.6218181000000028 0 778.5906156382836 154.78902597954743 814.690903676892 8.26132521974307 1022 0 -10248.877370357197 0.43670135620184075 20.26258140955219 17.166800889961245 
87.55712283059736 1432 0.5673262318180381 409.79617224902915 477 16.612099169545754 0 0 1 0.6364117000000022 0 801.0891437946015 145.75084536877287 841.6796912569848 7.316420250896058 954 0 -10242.561320683768 0.4927275720164565 20.99818466653967 18.12152324478758 
90.1697683731017 1526 0.6028400205721045 452.2344241638291 484 16.169578715315634 0 0 1 0.6273880000000024 0 793.3543409207558 156.06419793047144 830.0383740528691 7.651960784313726 968 0 -10235.6784833241 0.4584835003085464 20.091139690896146 17.05092804289995 
90.06230198731511 1520 0.5990425878662367 451.9432347982714 485 16.440528737480708 0 0 1 0.6350789000000014 0 782.187598586689 154.678779465573 827.5066131198623 7.954639996019306 970 0 -10225.93394253112 0.46135693834537017 20.572198594329077 17.49911026057597 
86.90181770230102 1630 0.6383305889742199 461.04561751883483 527 16.755921522947975 0 0 1 0.6366416000000044 0 758.5134715755698 163.71032347466573 798.6989259271868 8.888185947348907 1054 0 -10210.411841403387 0.4227422812340902 21.162469651303176 17.727987340645857 
88.52775491941551 1632 0.6414530241919327 429.20851474401906 512 16.399485765544448 0 0 1 0.6175267000000028 0 779.9496945548684 136.10086699477992 828.1740311599947 8.32638888888889 1024 0 -10237.203228965254 0.4208075196647157 19.79482938892752 17.09976271576356 
