# OrderThroughputTimeAvg ItemThroughputRate ItemThroughputRateScore OrderTurnoverTimeAvg OrdersHandled TripDistance LateOrdersFractional OrderLatenessAvg ISIdleTimeAvg TimingDecisionsOverall InvCombinedAvgRank TimeMoving TimeQueueing DistanceTraveledPerBot ItemPileOneAvg OrderThroughputRate BundlesHandled OrderOffsetAvg OSIdleTimeAvg TripTime TripTimeWithoutQueueing 
85.51678236347671 1452 0.5738714106730632 463.592500267416 469 16.867494727366203 0 0 1 1.059794999999995 0 799.472527568787 158.58843316608474 843.3747363683102 7.595825426944972 938 0 -10219.610139462493 0.4846945038919179 21.187316182305235 18.01554751898354 
92.82751031570616 1418 0.5620196447109721 432.9293685269206 470 16.747752218765854 0 0 1 1.0358810000000003 0 802.227044182716 165.67972342104233 851.3440711205976 7.268769286795852 940 0 -10216.238471935101 0.4968614985523668 20.94869450976328 17.689421262136218 
101.67155150690665 1362 0.5444236984403888 461.84984544463487 437 16.60459546911485 0 0 1 0.811468200000002 0 847.6837445580628 134.2723472774405 902.1830204885737 6.432523432523432 874 0 -10184.633367610802 0.5164618980343137 19.671761679433953 17.200491484143637 
98.48941460915793 1404 0.5596513748239214 461.6748231124908 459 16.64988833446003 0 0 1 1.3698252999999974 0 851.1881637328097 115.78515512020073 901.8689514499183 6.685714285714286 918 0 -10189.116969484197 0.501569007560896 19.501106982337404 17.363534887810623 
90.75790281547852 1406 0.5575296167278608 447.48145751364484 472 16.400917424757637 0 0 1 0.9620167999999995 0 785.57756607683 176.32322391001722 820.0458712378818 7.216186635944701 944 0 -10203.171108215418 0.502190628378475 21.378118421668216 17.85165394346787 
95.4115453171618 1422 0.5650037429880103 468.6161315518104 464 16.7240789770731 0 0 1 0.945737099999998 0 830.716323916398 134.4612145403238 880.8014927925166 7.003571428571429 928 0 -10221.609570586843 0.49470962799971274 19.98809980454378 17.435038768968013 
92.76115798393869 1388 0.5525700764223334 469.20388127335485 453 16.320022938454336 0 0 1 0.9039399999999996 0 811.4311531642938 172.05515272255863 859.5212080919283 6.807894066717597 906 0 -10154.927764615222 0.5077195406649748 20.204946412484027 16.938076424081018 
93.9533197740926 1424 0.566874203525008 466.8126043371146 472 16.4801181790123 0 0 1 1.0144804999999995 0 827.9308128589073 150.20295936650155 878.9396362139895 6.812665606783253 944 0 -10182.561104141472 0.4946350716483421 19.76730785538509 16.951002367263186 
97.233306625913 1346 0.5379880313224311 498.9265788333391 446 16.108348280082012 0 0 1 0.8239832999999989 0 834.1651731024984 147.96421835765616 880.5897059778167 6.439056703762586 892 0 -10157.080041007717 0.5226434180394812 19.640197179577406 16.933534648644674 
