# OrderThroughputTimeAvg ItemThroughputRate ItemThroughputRateScore OrderTurnoverTimeAvg OrdersHandled TripDistance LateOrdersFractional OrderLatenessAvg ISIdleTimeAvg TimingDecisionsOverall InvCombinedAvgRank TimeMoving TimeQueueing DistanceTraveledPerBot ItemPileOneAvg OrderThroughputRate BundlesHandled OrderOffsetAvg OSIdleTimeAvg TripTime TripTimeWithoutQueueing 
92.06044417077676 1510 0.5954360243861015 460.96741591990417 489 16.492351227131948 0 0 1 0.7733240000000022 0 773.4594142849813 195.64072146514192 813.6226605385094 7.881087919038582 978 0 -10224.559870541065 0.46432820922827006 21.163499622062474 17.197809322093384 
97.24276549736088 1540 0.6057066830690858 443.1720319977569 510 16.88171625065062 0 0 1 0.7021329000000008 0 771.68519597456 184.21218856077726 818.763238156555 8.228836754643206 1020 0 -10225.843528213187 0.4536793998394213 21.451221542807716 17.65303208794633 
94.13628349044423 1570 0.6169485998757704 436.8716509587509 500 16.664191532609845 0 0 1 0.7504357000000007 0 756.6414433208975 186.90356301658392 802.6585588207075 8.358198924731182 1000 0 -10214.33957049345 0.4430146491191462 21.418310589820344 17.537959800548705 
94.94467478768436 1600 0.6276814961770089 463.7478648317823 512 16.597812575608184 0 0 1 0.8502140999999971 0 751.1109992429118 194.9556926462134 791.1623994373234 8.609722222222222 1024 0 -10223.169665924886 0.43328199055668354 21.483609799343114 17.393630233338637 
91.21373818858807 1610 0.6301893817354549 447.14233018850916 521 16.86337008960967 0 0 1 0.694203700000001 0 755.1497979840768 187.8145694996647 792.5783942116545 8.969200346063529 1042 0 -10232.125171639602 0.4282289588548415 21.545437199204997 17.549382528999367 
88.64088821535216 1586 0.6219652235670637 435.25898625897594 506 16.52759867825253 0 0 1 0.8524950999999988 0 765.8472269702623 171.37365560917567 804.3431356749566 8.665544332210999 1012 0 -10211.09795080996 0.43703824757603843 20.86532956834794 17.34395308322789 
86.67492762473752 1628 0.6373078130109671 464.8518936113402 516 17.093639512322223 0 0 1 0.7024848000000015 0 760.6507779986392 171.09709596818558 797.7031772417037 8.950179211469534 1032 0 -10227.171262765893 0.4223888755161828 21.678245052527107 18.011878710351702 
92.516604407529 1592 0.625335546030287 466.3710110128159 512 15.972507191590891 0 0 1 0.8009823999999977 0 752.0189610070588 180.60922200135346 787.9770214518172 8.418637992831542 1024 0 -10200.484087792544 0.43532047596755746 20.58627556964927 16.925277826378593 
96.07989281889476 1548 0.6090893377200675 483.6575210923285 491 16.530558558961236 0 0 1 0.7466754999999998 0 762.834983035315 183.44276094705484 798.9769970164598 8.17449494949495 982 0 -10188.6007283811 0.45125481935419115 21.470162736036308 17.674795268166203 
