# OrderThroughputTimeAvg ItemThroughputRate ItemThroughputRateScore OrderTurnoverTimeAvg OrdersHandled TripDistance LateOrdersFractional OrderLatenessAvg ISIdleTimeAvg TimingDecisionsOverall InvCombinedAvgRank TimeMoving TimeQueueing DistanceTraveledPerBot ItemPileOneAvg OrderThroughputRate BundlesHandled OrderOffsetAvg OSIdleTimeAvg TripTime TripTimeWithoutQueueing 
91.46881750828138 1572 0.6184847843062766 449.867852468301 506 16.57431805762706 0 0 1 0.9122518999999989 0 770.4091618241432 166.75845234721226 817.6663575096017 8.185270039100685 1012 0 -10216.01428510811 0.4433579338513887 20.682425412848186 17.30218651391821 
92.77284082725289 1568 0.61622781592562 454.0004827338556 509 16.710282496141513 0 0 1 0.8075716000000036 0 769.2992832356673 178.53873137104497 816.0187952282439 8.342857142857143 1018 0 -10192.26975322972 0.44504322458128165 20.9518873038561 17.295804067588968 
96.13702991720953 1606 0.6299886696719571 461.7900940066807 509 16.063714133983062 0 0 1 0.8270602000000005 0 747.5248324928922 181.0416675693386 784.4447068761729 8.621136653895276 1018 0 -10203.13805027727 0.43053727172131023 20.674733359504383 16.96739545706059 
95.73371741489669 1656 0.6480005919237228 468.04541459148896 525 17.25828321232457 0 0 1 1.0173245999999976 0 760.4376285572075 160.93183382230734 802.5101693730926 9.019444444444444 1050 0 -10205.059443377904 0.41148751260173033 21.50759388469444 18.04669423260181 
94.99059496866526 1548 0.6075906926465706 472.28808599141746 499 16.620354288514523 0 0 1 0.7610719999999983 0 753.9359343176625 196.5893350211289 792.2368877525256 8.532101806239737 998 0 -10189.338123453095 0.4508830701375845 21.664308242957755 17.54005645929771 
83.07134608920445 1614 0.6320702659422914 444.98982545385667 514 17.124999999999964 0 0 1 0.980546199999997 0 753.9596251387999 184.6229356473151 799.166666666665 8.886760752688172 1028 0 -10242.200392707164 0.4274678388103308 21.728483169361905 17.77227740549087 
92.81270756618265 1572 0.6168775851696372 468.9747125052217 506 17.039661603119193 0 0 1 0.7331824000000007 0 759.4215716291895 189.7885810461279 803.7040389471218 8.564875324434558 1012 0 -10218.067655670233 0.4420133583963528 21.73679860162219 17.713012431032908 
90.31070702947706 1562 0.6142865803496502 439.0461346049259 509 16.640921669407298 0 0 1 0.8167155999999977 0 774.509583885498 171.97913300522222 818.1786487458588 8.245643939393938 1018 0 -10237.107000252188 0.44592600605722654 20.94406843248412 17.446187761191464 
101.02922295580696 1480 0.5855456212134033 469.2085722487021 474 16.192469333102714 0 0 1 0.758116800000003 0 782.2384920027571 180.99419553282925 825.8159359882384 7.472370766488414 948 0 -10195.198837030372 0.47551262491152024 20.581285709558006 17.032379914796646 
