# OrderThroughputTimeAvg ItemThroughputRate ItemThroughputRateScore OrderTurnoverTimeAvg OrdersHandled TripDistance LateOrdersFractional OrderLatenessAvg ISIdleTimeAvg TimingDecisionsOverall InvCombinedAvgRank TimeMoving TimeQueueing DistanceTraveledPerBot ItemPileOneAvg OrderThroughputRate BundlesHandled OrderOffsetAvg OSIdleTimeAvg TripTime TripTimeWithoutQueueing 
88.9437134300327 1608 0.6296909812045218 457.32423584503175 521 16.851452958408085 0 0 1 0.8026957999999997 0 750.2584582940743 180.02480038173465 792.01828904518 8.894461859979103 1042 0 -10222.320111653406 0.4301668109449963 21.759551869916713 17.929236968177676 
84.96207411463683 1626 0.6380312490289947 444.8877148463689 525 16.696879004336726 0 0 1 0.6955748000000025 0 773.5374506594127 164.501695532829 823.7126975472785 8.573674242424243 1050 0 -10263.757348070068 0.42239236546642916 20.330548145249683 16.99605431688153 
87.78811715727609 1606 0.6295467709762291 467.92278647813157 499 17.16577326695378 0 0 1 0.964652000000001 0 771.1813395482967 173.81665702886895 815.3742301803046 8.730824372759855 998 0 -10241.227781928508 0.4305203409608997 21.485661426422112 17.826363383709083 
83.29597523291972 1576 0.6183981060896971 444.2510110345095 508 16.984797087996636 0 0 1 0.6539841000000014 0 776.3775180295341 170.98288839991378 815.2702602238386 8.577006859473489 1016 0 -10274.608273140091 0.4423330620929611 21.34858074839024 17.786437240058703 
90.77613184984801 1634 0.6405870230061627 455.2814910839422 526 16.488618693534633 0 0 1 0.7833685000000012 0 761.9062049025206 170.75740740740753 802.4461097520189 8.714956011730207 1052 0 -10230.691500198083 0.42062597270417545 20.65901739976301 17.15030354892587 
87.78574935549995 1614 0.6336157116796723 462.6971904581175 510 16.34984827290002 0 0 1 0.737091300000002 0 757.4165464067241 178.7967267966345 798.4175906599509 8.503535353535353 1020 0 -10231.383550615086 0.4279055233770652 20.713022102901004 17.051655683857295 
88.06985549206078 1524 0.6012129602383606 448.2798816178741 488 16.444570753292258 0 0 1 0.8289046000000013 0 795.1748772479476 152.8600733642302 835.9323466256898 7.826143790849673 976 0 -10195.392928644389 0.459183445590628 20.32399619192929 17.316912781485417 
87.29954226757847 1566 0.6154751637345388 428.1285367968738 514 16.528072906448887 0 0 1 0.7842180000000041 0 760.0024795255734 184.5510810461266 798.8568571450296 8.335013440860216 1028 0 -10264.79706310564 0.4435933702441189 21.283861471734514 17.465563243193962 
83.66958027581566 1558 0.6116770428175836 455.23354261324357 489 16.744728167641274 0 0 1 0.7625581000000013 0 755.7955591520108 187.19527298249508 795.3745879629605 8.49236111111111 978 0 -10233.215948542302 0.4471498396849081 21.83660135190323 17.89564823648228 
