# OrderThroughputTimeAvg ItemThroughputRate ItemThroughputRateScore OrderTurnoverTimeAvg OrdersHandled TripDistance LateOrdersFractional OrderLatenessAvg ISIdleTimeAvg TimingDecisionsOverall InvCombinedAvgRank TimeMoving TimeQueueing DistanceTraveledPerBot ItemPileOneAvg OrderThroughputRate BundlesHandled OrderOffsetAvg OSIdleTimeAvg TripTime TripTimeWithoutQueueing 
86.30875943430367 1704 0.6640851871580652 454.6602951402382 543 16.341974065271682 0 0 1 0.8833906999999976 0 707.0097486435039 196.53527538013716 743.5598199698616 9.757440476190476 1086 0 -10282.149028986682 0.39620842514971794 21.86852605956357 17.549069457802315 
77.53088451431394 1672 0.6526815254472175 444.7820066983374 532 16.85019122907942 0 0 1 1.5184752999999969 0 733.9703919963587 193.52089226448012 772.3004313328069 9.445812807881772 1064 0 -10260.104720324493 0.40872020472719517 21.859616712955116 17.637342699911912 
89.76479397406246 1512 0.5946398259331324 461.2473961435731 484 16.829160951713895 0 0 1 0.866142599999997 0 759.696680528156 202.57035046753649 799.38514520641 8.241666666666667 968 0 -10222.919487455154 0.4630664173119186 22.09453877754146 17.829899820330162 
94.3596221854682 1588 0.6207518441545234 450.83475339567826 515 16.658444162758023 0 0 1 1.0855653999999981 0 730.7539498035226 186.85865680799748 766.2884314868692 9.196500913223197 1030 0 -10244.16623278401 0.43674531698449176 22.374112554419277 18.31196784120194 
87.01373235716198 1664 0.6489337667633923 434.0156765480793 548 16.476017842333036 0 0 1 0.7864797999999982 0 706.0282280104474 226.89216808635692 744.1668058787087 9.626663370823549 1096 0 -10237.296769593762 0.4099790417551499 22.40048689313988 17.37704405727958 
82.57728704530936 1754 0.6809721676460914 434.6732906008193 550 16.90187148974306 0 0 1 1.1474384000000004 0 691.9647238363485 206.13159706490174 723.9634954773277 10.56657848324515 1100 0 -10250.417896304862 0.37638830013075975 23.24801761144727 18.435606785029332 
82.99308205339118 1722 0.6708943231423895 451.4030438735782 544 16.558131868131845 0 0 1 0.7205923000000002 0 721.5651598682456 193.58211279890682 753.394999999999 9.818091530271731 1088 0 -10256.952242313475 0.38934281433818113 21.839783548934225 17.58523161928792 
87.53742023185245 1690 0.6573035049969311 433.5253536732992 535 16.942788961239177 0 0 1 0.9481008999999972 0 706.9825434839013 194.97911137921434 742.6589161343172 10.169655172413792 1070 0 -10276.341058327123 0.4011583090794802 22.987189358686337 18.53899670364723 
93.97706563972675 1656 0.6450034346396423 465.77096952380845 517 17.481527708070338 0 0 1 0.7500290999999984 0 726.3855567071333 192.0990716764334 766.2736312037499 9.873015873015873 1034 0 -10236.719707230734 0.4142087247706583 23.187189176255373 18.804700849036358 
