# OrderThroughputTimeAvg ItemThroughputRate ItemThroughputRateScore OrderTurnoverTimeAvg OrdersHandled TripDistance LateOrdersFractional OrderLatenessAvg ISIdleTimeAvg TimingDecisionsOverall InvCombinedAvgRank TimeMoving TimeQueueing DistanceTraveledPerBot ItemPileOneAvg OrderThroughputRate BundlesHandled OrderOffsetAvg OSIdleTimeAvg TripTime TripTimeWithoutQueueing 
97.56275549266064 1598 0.6272504567690294 464.61342004775287 508 16.776982104643203 0 0 1 0.6958417000000012 0 770.5166966844043 174.14790163417365 816.4797957593026 8.523728025693035 1016 0 -10204.880820867942 0.4344796482254545 20.930106174430993 17.351724634002768 
75.16176931959224 1754 0.683503762229903 419.6037854832334 558 16.572299900625662 0 0 1 0.762685900000001 0 718.4584679791141 186.60304716381245 762.3257954287805 9.776881720430106 1116 0 -10267.513418375012 0.3772595919826083 21.248150841705343 17.191562859883334 
88.80176952016159 1688 0.6598158668719148 412.97835042396605 528 16.439182676698756 0 0 1 0.7173384000000048 0 742.0871608461916 170.1471909584179 783.6010409226407 9.203443641082684 1056 0 -10264.38557077641 0.40127083271980907 20.834634608434182 17.265113119796045 
76.299529657595 1728 0.6738647474015631 437.6317397677559 544 16.18798907637072 0 0 1 0.7400856999999996 0 715.076669017068 204.0384680263514 750.0434938718435 9.634625828174215 1088 0 -10289.619069770093 0.38842176125729827 21.304547427814402 16.900839484799626 
83.83642085349196 1740 0.6760368654769768 429.5081253150229 561 16.642835232125083 0 0 1 0.7394434000000014 0 693.6048107143728 215.78715370051017 726.737138469462 10.39932844932845 1122 0 -10259.066827434608 0.3838811327738571 22.623744964058407 17.682054421298634 
80.50918037338158 1652 0.6458451992171054 417.6481613313593 525 16.073796388791216 0 0 1 0.8050365000000027 0 711.6785401398588 207.21126627388367 747.4315320787915 9.176035100729207 1050 0 -10262.323509834687 0.41383055945701547 21.67794292327828 17.221786659323794 
85.26719196892289 1632 0.6379146168148898 444.966390641802 518 17.007458602026443 0 0 1 0.9974463999999974 0 735.9347727143827 199.25360871346967 773.839366392203 9.20663998357964 1036 0 -10234.201464052312 0.42073126506398134 22.402662707945883 18.023462516441057 
92.71421281707667 1676 0.6546365232508209 470.6348722142346 531 16.725709074825094 0 0 1 0.6880062000000023 0 726.2152068111815 198.89899831220478 769.3826174419543 9.336138919787418 1062 0 -10235.039824209385 0.40628938054282515 21.833179334795478 17.50928806713885 
91.55398595692371 1622 0.6351187117536972 455.2802056849632 509 16.452225669191446 0 0 1 1.0392928999999993 0 740.9631421068035 210.2148448797993 784.2227568981256 8.908602150537634 1018 0 -10239.353837562585 0.42483644516648883 21.30117306898165 16.8910714281467 
