# OrderThroughputTimeAvg ItemThroughputRate ItemThroughputRateScore OrderTurnoverTimeAvg OrdersHandled TripDistance LateOrdersFractional OrderLatenessAvg ISIdleTimeAvg TimingDecisionsOverall InvCombinedAvgRank TimeMoving TimeQueueing DistanceTraveledPerBot ItemPileOneAvg OrderThroughputRate BundlesHandled OrderOffsetAvg OSIdleTimeAvg TripTime TripTimeWithoutQueueing 
84.97831697403736 1674 0.6523904149911137 449.4876687145019 535 16.957438271604904 0 0 1 0.8162324000000031 0 724.7734679791092 202.60720539150034 763.0847222222206 9.758383838383839 1070 0 -10277.350391404854 0.40838278957305296 22.37410015493453 17.871717812901192 
82.48417532294677 1698 0.6616467923815801 464.41780473505804 543 17.069645069186244 0 0 1 0.8681094999999965 0 727.8944732633666 199.9176683544628 765.2890872685166 9.787246852764094 1086 0 -10244.404003541891 0.3983452167678773 22.32248408164741 17.863353932477235 
82.16457012990078 1702 0.6639393482346837 437.55460155553743 533 16.62195615181251 0 0 1 0.7694568999999993 0 723.5401611615306 199.69299182912582 759.0693309327712 9.573271889400921 1066 0 -10267.43023838672 0.39670164070995967 21.802544105802433 17.429704868668292 
88.11086101673071 1710 0.6653613947951749 488.5576180165869 543 17.488328941980622 0 0 1 1.0583430999999959 0 722.7684490468963 195.08754569688736 766.5717519568174 10.081018518518519 1086 0 -10248.961792540691 0.39489970364533605 22.859366792566863 18.408700350812783 
86.21299011995697 1828 0.707579889254118 487.491745308709 580 17.29168268715308 0 0 1 0.9057502000000003 0 676.7456516594607 219.74162700645593 717.6048315168529 11.300705467372135 1160 0 -10231.174584496812 0.34994813224811666 23.4461616452558 18.151182681244812 
85.4391820911501 1822 0.7058026973055886 469.9396929994247 561 17.15968056038455 0 0 1 0.801696199999995 0 696.155788788028 201.60320827811665 732.1463705764075 11.101851851851853 1122 0 -10244.159002536333 0.3523706950491057 22.73203626682854 18.00696107281018 
84.95362162312111 1792 0.6952691219988023 479.84822030867065 558 17.1092978562671 0 0 1 0.7545740000000004 0 705.8138010915724 192.71593436490684 744.2544567476189 10.719274977895667 1116 0 -10267.199729114112 0.3632907394087102 22.478645513731276 18.048394149020776 
77.25604606195478 1696 0.6608631310120604 450.5835418876341 538 16.93006278346064 0 0 1 0.7290174000000001 0 713.7277987170031 208.3204598785503 756.2094709945753 9.788544198629479 1076 0 -10270.09192864674 0.3986039606208773 22.292170359706848 17.628279466903482 
82.0570426498416 1756 0.6818957167918442 470.1321040620418 539 17.400704469200303 0 0 1 0.6660475999999997 0 719.9726899804638 189.29152597954712 762.73087923328 10.517283950617283 1078 0 -10275.91606922581 0.37687346078619194 22.32699189091299 18.008554035866286 
