# SectorTime station0 station1 station2 station3 station4
0 17.42402651924552 16.6681252147684 15.0341651785106 17.088858760687284 16.271347922109317
0.016591666666666668 17.42402651924552 16.6681252147684 15.0341651785106 17.088858760687284 16.271347922109317
0.033325 17.333715718387285 16.655170870302033 14.984782457539406 16.992375966425463 16.2193008129796
0.049994444444444446 17.333715718387285 16.655170870302033 14.984782457539406 16.992375966425463 16.2193008129796
0.06658888888888889 17.27095937372884 16.63786192313629 14.946994738200011 16.92495314388354 16.17853706357824
0.08332777777777778 17.13337268113856 16.585037475068916 14.86045860064974 16.774447246697537 16.080518762839073
0.09998611111111111 17.065804050116796 16.55661303880579 14.818734494325874 16.69946218597598 16.03194618366324
0.11665555555555555 16.986850621705614 16.515649537784583 14.766990402801337 16.612893077544346 15.971571413515072
0.13329166666666667 16.986850621705614 16.515649537784583 14.766990402801337 16.612893077544346 15.971571413515072
0.14999722222222223 16.81524033105749 16.418015967999178 14.651823942770562 16.42444104661795 15.834195028631669
0.16655277777777777 16.81524033105749 16.418015967999178 14.651823942770562 16.42444104661795 15.834195028631669
0.18333333333333332 16.635149521642052 16.308427906030964 14.52634026295609 16.224864488842496 15.684947646315877
0.19993611111111112 16.635149521642052 16.308427906030964 14.52634026295609 16.224864488842496 15.684947646315877
0.21664166666666668 16.444157876718926 16.180772092120467 14.382718735852025 16.01464337571329 15.521237904816672
0.23330277777777778 16.348732146125172 16.11564382340668 14.30902868987013 15.910243893290033 15.43928446989482
0.24999722222222223 16.251658258890565 16.047187798260158 14.232745457481649 15.804224098508366 15.354372488665224
0.26666666666666666 16.153041416502823 15.976680256453204 14.153679951294095 15.697042025490457 15.266336194580148
0.2833 16.04876015748415 15.899980292094035 14.06919413263667 15.584842720997656 15.172331239706722
0.29990555555555554 16.04876015748415 15.899980292094035 14.06919413263667 15.584842720997656 15.172331239706722
0.31659166666666666 15.945724235902842 15.824885571501317 13.984073947985834 15.473287646442532 15.07887999683481
0.3333138888888889 15.736974221555926 15.669650222846007 13.808748571051417 15.247471336833508 14.888963798886486
0.34996666666666665 15.736974221555926 15.669650222846007 13.808748571051417 15.247471336833508 14.888963798886486
0.3665833333333333 15.62760933267985 15.584336436509226 13.714029047249145 15.128930221381582 14.788214495061746
0.38332222222222223 15.411771949988001 15.412694346268145 13.526472415869547 14.894525398367447 14.588650995244643
0.3999916666666667 15.304285187260946 15.326705964214785 13.43174867497495 14.778867360821373 14.48946340139171
0.41665555555555556 15.192001406106698 15.235391835462705 13.333582202734473 14.65986533827743 14.387046168521424
0.43330277777777776 15.192001406106698 15.235391835462705 13.333582202734473 14.65986533827743 14.387046168521424
0.44997777777777775 14.963726664458367 15.05024877002789 13.140411727401526 14.4226997109883 14.18305100549234
0.46663055552777777 14.963726664458367 15.05024877002789 13.140411727401526 14.4226997109883 14.18305100549234
0.4832194444444444 14.84371999782913 14.950527039462445 13.039726782869298 14.30028107181901 14.075993643817329
0.49995833333333334 14.724855737978306 14.851634074680444 12.939912127448595 14.179739664124849 13.970772280827154
0.51665 14.501921818465272 14.684311670624547 12.747915012058165 13.927309518100357 13.771461513944873
0.5332444444444444 14.37661201037974 14.57762869833636 12.643505317412751 13.803521026132017 13.660548266490235
0.5499972222222222 14.015652414420144 14.291871122578781 12.341283095190528 13.425086682697671 13.33625533719731
0.5666583333333334 13.829181826184849 14.144844978787932 12.18693668996177 13.232227205573489 13.169931807785543
0.5832972222222222 13.701654255263785 14.035913093889768 12.082779257885894 13.11011419127447 13.057036750827312
0.59992777775 13.634181826184848 13.993919052862006 12.030455208480287 13.038338316684598 12.998728104081838
0.616625 13.296182389955852 13.7217694420412 11.760084431912379 12.712381212393947 12.701909492421363
0.6333249999722222 13.00840953102515 13.508274054973697 11.533278821567059 12.428151270276667 12.453225470300513
0.6499916666388889 12.873092954461717 13.389218769471576 11.421875970689449 12.300465909490082 12.333460150846513
0.6666583333055556 12.569188219549742 13.153506295410855 11.181543848889465 11.99954471289962 12.07183202767756
0.6832805555555556 12.569188219549742 13.153506295410855 11.181543848889465 11.99954471289962 12.07183202767756
0.6999972221944445 12.108235838597361 12.77858566049022 10.817496229841845 11.551449474804382 11.671435202280735
0.7165527777777778 12.108235838597361 12.77858566049022 10.817496229841845 11.551449474804382 11.671435202280735
0.7332472222222223 11.87020553556706 12.582777579682137 10.629162896508513 11.318848464703374 11.463329141674674
0.7499833333333333 11.628353683715208 12.382777579682138 10.438607340952956 11.084866983221895 11.252218030563563
0.7666416666666667 11.382653200623421 12.177934584513055 10.243860964141362 10.848139930081796 11.036783247954867
0.7832944444444444 10.99408744067831 11.840161212066091 9.93122471301429 10.4772542504932 10.692848073212204
0.7999527777777777 10.774254246577012 11.677257072362115 9.763639110065622 10.254731795707658 10.5058824711742
0.8166472222222222 10.515012922928905 11.455453774771897 9.555325954294839 10.002817809774301 10.277974019657998
0.8333 10.371151596435647 11.319251767414586 9.43440385505659 9.867215290722507 10.148341119330365
0.85 9.845399962448719 10.866114512512622 9.005449606690577 9.355287186147349 9.687393406912063
0.8666583333055555 9.578519620568377 10.634704256102369 8.785577811818781 9.096376929737094 9.4525002445189
0.8832333333333333 9.578519620568377 10.634704256102369 8.785577811818781 9.096376929737094 9.4525002445189
0.8999194444444445 9.304754188469612 10.391278330176444 8.55675065132496 8.830296682823514 9.207592837111495
0.9166555555555556 8.889927618592267 10.004303923138659 8.20341993164943 8.43010354448433 8.830280629246007
0.9333194444444445 8.611377949488858 9.773820278886697 7.974843367589121 8.149889136791305 8.584817987138123
0.9498972222222222 8.47202165033071 9.630923274238587 7.851095978129303 8.018224317844783 8.453404354019154
0.9666611111111111 7.917785264425303 9.103134975764874 7.3689651446389455 7.477206322743974 7.9394509277268375
0.983325 7.771031265747076 8.973886186213058 7.244509224941646 7.32959218113004 7.805991463416548
0.9999833333333333 7.36956963354018 8.564876971998395 6.8846007378592855 6.941876755888983 7.423113827915161
1.0166583333333334 7.101773023370687 8.295564354295948 6.646733506220867 6.6814247784878535 7.166861473866198
1.033311111111111 6.838439690037354 8.02639768762928 6.411733506220867 6.4253136673767415 6.912694807199532
1.0499333333333334 6.838439690037354 8.02639768762928 6.411733506220867 6.4253136673767415 6.912694807199532
1.0665638888888889 6.585106356704021 7.7591754654070595 6.1834001728875325 6.180313667376741 6.665472584977309
1.08325 6.336495245592911 7.495564354295949 5.958400172887533 5.941424778487853 6.423250362755087
1.0999833333333333 5.848070837578337 6.977385847920721 5.515144253033252 5.47311876755889 5.946943441079313
1.1165611111111111 5.848070837578337 6.977385847920721 5.515144253033252 5.47311876755889 5.946943441079313
1.1333027777777778 5.521617647282105 6.6171008340203805 5.214036002714781 5.163562130950158 5.624244287651246
1.1499416666666666 5.297573931435112 6.37639045150672 5.008025073753033 4.951267048982946 5.405665052678568
1.1666555555555556 5.077203063388888 6.139626140837544 4.805391373134919 4.742452214261096 5.190669083852984
1.183325 4.727378670000926 5.77139768762928 4.484925673798278 4.413715306721003 4.853846901917199
1.1999583333333332 4.727378670000926 5.77139768762928 4.484925673798278 4.413715306721003 4.853846901917199
1.2166388888888888 4.31293422555648 5.321397687629282 4.106036784909389 4.027048640054336 4.451069124139422
1.2333305555555556 4.110434225556483 5.100564354295949 3.921592340464945 3.838437528943226 4.253846901917198
1.249986111111111 3.9123786700009275 4.884453243184838 3.741592340464945 3.6545486400543377 4.061624679694976
1.2666583333333334 3.7187675588898164 4.672231020962616 3.566314562687167 3.475104195609893 3.874680235250531
1.2832694444444444 3.7187675588898164 4.672231020962616 3.566314562687167 3.475104195609893 3.874680235250531
1.299975 3.349641875829707 4.263640671791547 3.2330368003457752 3.1346022043160153 3.5188915902565507
1.3166555555555555 3.17111080238338 4.06420564354296 3.0731497946960578 2.9713253681578227 3.3468576919514663
1.3333111111111111 2.9955552468278244 3.8680945324318485 2.915927572473835 2.810769812602267 3.1776910252847994
1.3499305555555556 2.9955552468278244 3.8680945324318485 2.915927572473835 2.810769812602267 3.1776910252847994
1.3666361111111112 2.828055246827824 3.6808723102096255 2.76787201691828 2.659380923713378 3.0168576919514662
1.383325 2.501388580161157 3.315872310209626 2.4795386835849476 2.366047590380044 2.7035243586181337
1.3999666666666666 2.382768047621515 3.191000089478716 2.380604310990342 2.261517323550327 2.594544545487368
1.4166 2.3046445050765474 3.086377135725315 2.3025517106300026 2.1873692145814636 2.509477511209094
1.43332777775 2.0487142261739373 2.8017789663795503 2.078743632490506 1.9577885060664995 2.263027615695718
1.4499444444444445 1.9070475595072705 2.6387234108239945 1.9509658547127284 1.829177394955388 2.123027615695719
1.4666444444444444 1.8757844847612497 2.5954656499908144 1.918982807914159 1.7991908802839882 2.088223884290871
1.483325 1.647127597172054 2.3356631471705103 1.7134517304189432 1.591380784785897 1.8625379735111613
1.4999805555555557 1.647127597172054 2.3356631471705103 1.7134517304189432 1.591380784785897 1.8625379735111613
1.5166277777777777 1.5257387082831646 2.1928853693927324 1.6017850637522764 1.479158562563675 1.7397601957333835
1.5332305555555557 1.4093498193942757 2.0548298138371766 1.4937295081967208 1.3708252292303418 1.621149084622272
1.5499888888888889 1.185460930505387 1.7870520360593989 1.2848406193078319 1.1613807847858972 1.3939268624000494
1.5666305555555555 1.0970789123783602 1.685702635540631 1.2043576919514674 1.079087803737071 1.3065357922712366
1.583325 0.9945365394970042 1.5585839914728348 1.1054876354542924 0.9810652048670145 1.2000386171299937
1.5999027777777777 0.9779609305053875 1.5326075916149542 1.0870628415300543 0.9647141181192309 1.1800379735111606
1.6165972222222222 0.7979609305053874 1.300385369392732 0.9087295081967209 0.7891585625636753 0.989482417955605
1.6332305555555555 0.7979609305053874 1.300385369392732 0.9087295081967209 0.7891585625636753 0.989482417955605
1.6498861111111112 0.7143543731283384 1.1908225278626776 0.8253961748633877 0.7071913494489211 0.8998649316168073
1.666625 0.6247076070007305 1.0689090169248592 0.7341977962913193 0.6195432246662326 0.8007271297278996
1.683286111111111 0.561075684603748 0.9880902874255194 0.67129781420765 0.5574645734926368 0.7329250409064247
1.699961111111111 0.4299645734926368 0.8058680652032972 0.5329644808743169 0.4285756846037479 0.5857028186842026
1.7166305555555557 0.4229159739271837 0.7926571133147186 0.524227358237033 0.4215498537086045 0.5761011331320025
1.7333305555555556 0.3671782690091509 0.7117827963748278 0.46357162053211504 0.3671782690091509 0.5121667069024941
1.7499722222222223 0.3158121487905716 0.6352800641343908 0.4061945713517872 0.31608537283428756 0.4520574172850078
1.7666416666666667 0.26881761327144604 0.5634221406371228 0.35291588282719705 0.26881761327144604 0.39631971236697505
1.7833027777777777 0.18607568460374802 0.43559028742551953 0.25768670309653924 0.18552012904819243 0.297369485350869
1.7999277777777778 0.18302526354467016 0.4284494630414946 0.2534623309146288 0.18247881545723846 0.29249457575495313
1.8165555555555555 0.15052012904819242 0.3761458429810751 0.2149089253187615 0.15024235127041463 0.2520917075730913
1.8332694444444444 0.1191312401593035 0.32142362075885283 0.17657559198542813 0.1191312401593035 0.21042504090642464
1.8499694444444446 0.06579790682597017 0.22031250964774163 0.10879781420765024 0.06635346238152573 0.13542504090642463
1.8666444444444446 0.04357568460374795 0.17447917631440832 0.07963114754098359 0.04385346238152573 0.10236948535086907
1.8832638888888888 0.04286132911844061 0.17161886194859835 0.07832571889277073 0.043134553162156454 0.1006912970664286
1.8999972222222221 0.019517304189435335 0.10897540983606556 0.042408925318761385 0.019517304189435335 0.059266848816029144
1.916588888888889 0.019517304189435335 0.10897540983606556 0.042408925318761385 0.019517304189435335 0.059266848816029144
1.933325 0.00952252978589985 0.07843321687718355 0.025857744333960406 0.00952252978589985 0.039751858819313805
1.9499 0.005514571948998178 0.059740437158469946 0.017122040072859744 0.005514571948998178 0.028747723132969034
1.9666166666666667 0.0029651527367195196 0.043187315237839294 0.010830421929588822 0.0029651527367195196 0.01980650362805697
1.9832833333333333 0.000546448087431694 0.027868852459016397 0.0049180327868852455 0.000546448087431694 0.011475409836065573
2 0 0.010555555555555556 0.0011111111111111111 0 0.0033333333333333335
2.0166333333333335 0 0.004519774011299435 0.0002824858757062147 0 0.0011299435028248588
2.033313888888889 0 0.0005555555555555556 0 0 0
2.049988888888889 0 0.000546448087431694 0 0 0
2.066638888888889 0 0 0 0 0
2.0833305555555555 0.009444444444444445 0.008888888888888889 0.012777777777777779 0.008888888888888889 0.010555555555555556
2.0999333333333334 0.009604519774011298 0.00903954802259887 0.012994350282485877 0.00903954802259887 0.010734463276836158
2.1165583333333333 0.022222222222222223 0.022222222222222223 0.030277777777777782 0.021944444444444444 0.02638888888888889
2.1332666666666666 0.04209039548022599 0.04067796610169492 0.05508474576271186 0.039830508474576275 0.04830508474576271
2.1499333333333333 0.06751412429378531 0.06299435028248587 0.08531073446327683 0.06158192090395481 0.0751412429378531
2.166611111111111 0.09638888888888889 0.08805555555555555 0.11916666666666667 0.08666666666666667 0.10555555555555554
2.1833027777777776 0.16694444444444445 0.1502777777777778 0.2025 0.14833333333333334 0.17944444444444443
2.1999444444444443 0.16694444444444445 0.1502777777777778 0.2025 0.14833333333333334 0.17944444444444443
2.2166083333333333 0.2076224105461394 0.18615348399246706 0.2510875706214689 0.18449152542372882 0.22209981167608284
2.2332833333333335 0.2573446327683616 0.23087570621468928 0.3099764595103578 0.23032485875706216 0.27432203389830506
2.2499277777777777 0.311789077212806 0.28032015065913374 0.3738653483992467 0.28199152542372885 0.3315442561205273
2.2665694444444444 0.3706779661016949 0.33420903954802267 0.44330979284369115 0.3383804143126177 0.3940442561205273
2.2832444444444446 0.43456685499058373 0.3922645951035782 0.5174764595103578 0.399213747645951 0.4615442561205273
2.299913888888889 0.4995386064030131 0.45130414312617706 0.5929001883239171 0.46107815442561206 0.5301883239171374
2.3166611111111113 0.6448822975517889 0.5826459510357815 0.7575753295668549 0.5983050847457627 0.6819774011299434
2.333283333333333 0.6558125059848702 0.592521306138083 0.770415589390022 0.608445848893996 0.6935363401321458
2.3499333333333334 0.7301600753295667 0.6604237288135593 0.852575329566855 0.6799717514124294 0.7689218455743879
2.366561111111111 0.8207156308851222 0.7432015065913371 0.9531308851224105 0.7674717514124294 0.8600329566854991
2.383227777777778 0.9128060263653482 0.8273822975517892 1.0553907721280602 0.856454802259887 0.9526883239171374
2.3999277777777777 1.0108286252354046 0.9163653483992468 1.163017890772128 0.9508050847457628 1.049580979284369
2.416663888888889 1.2219397363465159 1.1113653483992467 1.3952401129943504 1.1574717514124295 1.2573587570621467
2.433236111111111 1.2219397363465159 1.1113653483992467 1.3952401129943504 1.1574717514124295 1.2573587570621467
2.4499583333333335 1.3595997318778128 1.239524083117878 1.5468543521976443 1.2923441539787417 1.3930767020970984
2.4666083333333333 1.4563841807909603 1.3308097928436913 1.6521845574387946 1.389138418079096 1.4868032015065913
2.483236111111111 1.5797175141242938 1.447476459510358 1.7888512241054613 1.5124717514124295 1.6079143126177022
2.499919444416667 1.707217514124294 1.5691431261770246 1.9307956685499057 1.640527306967985 1.7329143126177022
2.51665 1.86801206549842 1.7215646844776407 2.1103179163075745 1.8007660633917457 1.8915589390022023
2.5332944444444445 2.0728859868481986 1.9230434379920347 2.3405807168657957 2.0127628044827266 2.091289247013059
2.5499833333333335 2.107434086629002 1.9550941619585687 2.3795903954802258 2.0463088512241057 2.12614406779661
2.566647222222222 2.3961226112191656 2.241847349572412 2.7098727269920655 2.3427159550492425 2.4087761260844056
2.58325 2.3961226112191656 2.241847349572412 2.7098727269920655 2.3427159550492425 2.4087761260844056
2.599972222222222 2.6983495415393164 2.544064863696706 3.0560732919638167 2.6527818684202407 2.704002114784971
2.6166638888888887 2.8568194868945076 2.70499382544534 3.237767281034855 2.814803726343738 2.8570075792658454
2.6333305555555557 3.0193877929054365 2.8702943718934275 3.4243793028927785 2.9811971689666885 3.0138381803587415
2.649958333333333 3.1846655706832143 3.038349927448983 3.6141015251150006 3.1503638356333554 3.173282624803186
2.666638888888889 3.3538322373498812 3.211127705226761 3.809101525115 3.323419391188911 3.3366159581365196
2.6832833333333332 3.3538322373498812 3.211127705226761 3.809101525115 3.323419391188911 3.3366159581365196
2.6999944444444446 3.592315269621348 3.4514293047503783 4.0824196300604525 3.5639293243729036 3.56859249979985
2.7166361111111113 3.8996655706832146 3.769461038560095 4.4354904140038895 3.8745305023000216 3.863560402580964
2.733299999972222 4.089829505109445 3.9650894538606414 4.652976752801703 4.064967660769967 4.04798663208916
2.7499972222222224 4.283162838442778 4.16397834274953 4.8740878639128145 4.258578771881078 4.23548663208916
2.766661111111111 4.480940616220556 4.368422787193975 5.100198975023925 4.456912105214411 4.428542187644715
2.7833055555555557 4.556888762258192 4.442463851383703 5.18664302544806 4.532452988353638 4.50360222472344
2.7999638888888887 4.766210796156498 4.66139040505602 5.427320991549754 4.742904965754769 4.711229343367507
2.8165833333333334 4.896095983452195 4.802627118644069 5.577543607792287 4.874308527059986 4.840335972955449
2.833327777777778 5.326896205736163 5.253970084282672 6.074153777283812 5.308424485196507 5.2727570158377315
2.8499444444444446 5.547934457102284 5.486210521441142 6.3293450341144135 5.531921752956069 5.495981059553579
2.866563888861111 5.641967244510797 5.579197140448619 6.436622068590929 5.625683138599392 5.589133280901945
2.883311111111111 5.874371725981639 5.82337984656755 6.704935771549849 5.8606730840173755 5.8238359525480226
2.8999805555555556 6.238687752770834 6.215212404680314 7.129297953135128 6.231884088172641 6.197327575561112
2.9166166666666666 6.238687752770834 6.215212404680314 7.129297953135128 6.231884088172641 6.197327575561112
2.9332861111111113 6.710698110586277 6.717745361365814 7.680569139575807 6.711173165385447 6.683047914544162
2.9499833333333334 6.94653144391961 6.970800916921369 7.957513584020251 6.9511731653854465 6.928603470099718
2.9666638888888888 7.179045105121796 7.223806381402244 8.23265019604211 7.188331635330802 7.174778333487696
2.9832972222222223 7.415433994010685 7.481028603624466 8.512372418264333 7.429442746441913 7.425056111265474
2.9999666666388887 7.541119315943069 7.607825698601152 8.656649916878981 7.555365504856183 7.55090451993099
3.0166666666666666 7.884336544101759 7.9959375289432275 9.069435259794387 7.907712327498379 7.927838442777314
3.03325 7.884336544101759 7.9959375289432275 9.069435259794387 7.907712327498379 7.927838442777314
3.0499944444444442 8.357114321879537 8.51538197338767 9.631101926461055 8.3899345497206 8.435616220555092
3.066647222222222 8.45262610895255 8.631250028468749 9.749444517830547 8.489553109014798 8.547054206010474
3.0832777777777776 8.7295512877871 8.914795227173904 10.066939812220284 8.768295022314735 8.82605039378484
3.099913888888889 8.815414698527372 9.021300052483717 10.172603809700227 8.858314964033218 8.92640718100707
3.1166638888888887 9.09834433365674 9.345129263289591 10.50680342293017 9.14901369080968 9.232934998641092
3.1333166666666665 9.293153076826139 9.56562106656828 10.736038395607766 9.35229237933427 9.441131719952566
3.1499305555555557 9.423038961439907 9.703103639899973 10.88525014664567 9.48677503010095 9.572095026396221
3.1665555555555556 9.599427850328796 9.910603639899973 11.095527924423449 9.67566391898984 9.762650581951778
3.1833055555555556 9.934503179895652 10.309478404495078 11.494581596739835 10.038116838010556 10.126327606433884
3.199997222222222 10.090214102682845 10.498047142724833 11.679049581673922 10.207514201475716 10.295616683646692
3.216552777777778 10.090214102682845 10.498047142724833 11.679049581673922 10.207514201475716 10.295616683646692
3.2332916666666667 10.243208799651393 10.70502727685438 11.86639959187206 10.37935568016009 10.472301504516281
3.2499444444444445 10.359484501867804 10.833999953690842 12.000284029514372 10.500678274829426 10.589617640702665
3.2666555555277776 10.478095612978915 10.985944398135286 12.142228473958816 10.62901160816276 10.718506529591554
3.283325 10.694234972677599 11.272182627890466 12.40597141181192 10.866869423605323 10.955140239572719
3.299977777777778 10.803674749577334 11.398312698285622 12.534369088714222 10.98296976718266 11.065554854377313
3.316602777777778 10.894879384260854 11.528462080647014 12.652165698883712 11.088174210350333 11.168590380567107
3.333327777777778 10.845320497345197 11.518239280188642 12.613843326242717 11.049217678863437 11.139019111258895
3.349938888888889 10.910074595705854 11.620698296582084 12.7031875885378 11.125720411103874 11.217707635849058
3.3666222222222224 11.094165987727292 11.844831897749378 12.927551124527685 11.32338918688964 11.411087747224196
3.3833277777777777 11.088945540427902 11.90005611126548 12.951595968015804 11.334550723966533 11.438632336142753
3.3999 11.088945540427902 11.90005611126548 12.951595968015804 11.334550723966533 11.438632336142753
3.416655555527778 11.195255351847582 12.068418644224781 13.102470475948278 11.456605256011166 11.573750398337262
3.4332194444444446 11.134778873761235 12.024222777932145 13.04381819023803 11.398161835077646 11.52641011392053
3.4499472222222223 11.143225201444851 12.07152503781915 13.075611975548762 11.41477200456917 11.557695424654993
3.466655555527778 11.071231990671365 12.051849405648506 13.024417225792837 11.350801452133789 11.52038840479368
3.4832555555555555 11.132419190515888 12.136046895742648 13.10482417955605 11.416648143002686 11.591283767095797
3.4999694444444445 11.093035951344513 12.166762526627767 13.096307230403509 11.384477709857675 11.596942900805779
3.51665 11.012768498231903 12.096036239574747 13.011148740466767 11.302388717570302 11.527764315224173
3.5333222221944443 11.025212636226115 12.16191735358587 13.050059507270541 11.316845651569878 11.572635068383192
3.5499916666666667 11.025212636226115 12.16191735358587 13.050059507270541 11.316845651569878 11.572635068383192
3.56655 10.974934858448337 12.137750686919206 13.003115062826096 11.262956762680991 11.54541284616097
3.583302777777778 10.951942551524828 12.160302924698167 12.994827502303687 11.23864860452448 11.560416735345505
3.599988888861111 10.884754004172535 12.11610585489064 12.928021986647266 11.167797316580403 11.518733311042142
3.616661111111111 10.683963897075236 11.9166751693321 12.701971100047526 10.958811038889062 11.339430579532564
3.6333055555555553 10.703560016671299 11.954357460405667 12.731976629310614 10.979436031613716 11.37541562471057
3.649938888888889 10.517936155104813 11.804334691735358 12.537864607452692 10.787764811212988 11.24802946806212
3.666625 10.524172361123538 11.82870194639754 12.552065702494264 10.794619582024508 11.272572340402153
3.683288888888889 10.410991710660369 11.713501358402025 12.423420163008249 10.678598144546323 11.170529468062117
3.699936111111111 10.29113766169615 11.60897216819487 12.29497854342256 10.558503982587753 11.080797829644037
3.7165555555555554 10.14578971245936 11.496977346186872 12.146588349243283 10.418252637659863 10.986122086643652
3.73325 9.907926458017329 11.251735151081737 11.87839419571618 10.18027343661035 10.768099745375535
3.7499694444444445 9.732616853446945 11.10558009941033 11.697492204624746 10.0133963909728 10.64203073384582
3.766661111111111 9.573450186780281 10.956413432743664 11.526103315735858 9.857840835417246 10.509808511623596
3.7832805555555558 9.573450186780281 10.956413432743664 11.526103315735858 9.857840835417246 10.509808511623596
3.7999833333333335 9.345120270382703 10.74651543193888 11.281702309021814 9.63578661994936 10.320589523455194
3.8166527777777777 9.026505742335836 10.422110231237074 10.924380151894047 9.318481136735516 10.022699283751656
3.8332333333333333 9.026505742335836 10.422110231237074 10.924380151894047 9.318481136735516 10.022699283751656
3.8499083333333335 8.826778966379552 10.224439581982654 10.701498795961841 9.11911094131086 9.836323438609488
3.8666444444444443 8.400351718069835 9.798921305300858 10.224892871476644 8.692090318298293 9.435755611126547
3.883322222222222 8.270291307391094 9.65713571013199 10.07393834352894 8.559433099965535 9.303202240452341
3.899947222222222 7.951185051403168 9.344476860856414 9.718503982587753 8.239868096076068 9.006311166682105
3.916661111111111 7.716952471365503 9.104443904170916 9.451399462813741 8.003634574418818 8.777813049921274
3.9332555555555557 7.609047710993168 9.00395425282918 9.331931657098716 7.8966340304824145 8.679979372801297
3.949975 7.24750802692106 8.614166126393135 8.90723279614707 7.5272456855299295 8.306424161032387
3.9666555555555556 7.128696419922354 8.477250207632054 8.763362546062424 7.4041169602363714 8.175896917328282
3.983327777777778 6.778605476829985 8.110769040782934 8.355652650427585 7.049249328517179 7.81926113735297
3.9999333333333333 6.778605476829985 8.110769040782934 8.355652650427585 7.049249328517179 7.81926113735297
4.016647222222222 6.434967135679767 7.723156326059 7.942445229928773 6.696529394169903 7.443795331733012
4.033313888888889 6.206265173841551 7.471879787494099 7.670744074325441 6.4632587679941444 7.198162437349783
4.049994444444445 5.836925148961131 7.076966672841222 7.236923142230865 6.088757525238491 6.810354033527834
4.066591666666667 5.695460603463297 6.9327909667311856 7.073989636166981 5.946759065214285 6.667591672514182
4.0833055555555555 5.460183384273408 6.673382750701309 6.795908624963305 5.7065981919020174 6.41593984832573
4.0999944444444445 5.141779197925349 6.311594733104877 6.414846871044426 5.379567318082182 6.066917122040075
4.116588888888889 5.057487735664278 6.208125966988403 6.309685446928943 5.2913776899169 5.9674594643017125
4.133327777777778 4.704611620511871 5.827300561884474 5.898886033157358 4.931361489302583 5.599986338797817
4.149911111111111 4.704611620511871 5.827300561884474 5.898886033157358 4.931361489302583 5.599986338797817
4.166661111111111 4.293702957611682 5.361203575067148 5.4101101386187525 4.502519681392978 5.15714264764904
4.1833277777777775 4.16195781000058 5.219585556565461 5.258586581646191 4.364991766388339 5.023930376140266
4.199958333333333 3.896202957611682 4.908148019511591 4.937887916396533 4.086686348059646 4.72825375876015
4.216652777777778 3.7691923211563787 4.7689870695406595 4.7920491881768825 3.9539987567167905 4.599832894573667
4.233216666666666 3.7063724491371057 4.689503951714982 4.712181701707268 3.8880987774381777 4.523169012997439
4.249891666666667 3.5227658917600566 4.478028541878916 4.493875690778306 3.6960222747059372 4.324808357259732
4.266644444444444 3.3452658917600564 4.272195208545583 4.282486801889417 3.511300052483715 4.133419468370844
4.283313888888889 3.0511178560271768 3.934435805300593 3.9347323409044894 3.2041469460286365 3.8243813802641355
4.299991666666667 2.8839245207786846 3.7356423551425926 3.7313425103960145 3.0274735763072917 3.642249808876603
4.3165611111111115 2.8358591120990395 3.6733816492235496 3.669153468556081 2.9770156833688373 3.5815456453953263
4.333241666666667 2.5658454247334865 3.355416366442028 3.342076973672851 2.691880355968309 3.294227210006546
4.349947222222222 2.3719702232101505 3.117548315890216 3.1005423574449695 2.487571238924392 3.0723789787286595
4.366575 2.333085465452607 3.0664409664493926 3.0497137942081665 2.4467913825485823 3.022012110224911
4.383288888888889 2.23197022321015 2.9453260936679935 2.9255423574449693 2.3392379055910593 2.913767867617549
4.399905555555556 2.094265305177364 2.775927186564169 2.753411209903986 2.193336266246796 2.7577569386558003
4.416633333333333 1.9634319718440305 2.6137049643419465 2.588688987681764 2.0555584884690186 2.6077569386557995
4.433277777777778 1.7138745330493037 2.3019582600104966 2.271339646815474 1.7931149856441597 2.3184160723657805
4.449922222222222 1.7138745330493037 2.3019582600104966 2.271339646815474 1.7931149856441597 2.3184160723657805
4.466638888888889 1.5707509068244518 2.118866048097756 2.0868368110753286 1.642954630688245 2.145709797955412
4.483269444444445 1.4576092782299876 1.9758937288287428 1.9419832770790912 1.5241693579121094 2.0132185321666456
4.4999666666666664 1.26412498842271 1.7327141798647776 1.6965718872526319 1.3234610694328668 1.788994396591645
4.516611111111111 1.2434016279567637 1.704309029375191 1.6687592333632446 1.30176498632741 1.7596666195983395
4.533255555555556 1.1608462998981202 1.6018398629248871 1.5648778981815934 1.2171769164274027 1.666043576919514
4.549927777777778 1.0439928668710343 1.4511512760830654 1.4147952451880226 1.097250070982073 1.5218273290850366
4.566605555555555 0.8782241980797136 1.2431525732456552 1.2078713994628139 0.9306835232008893 1.3225583495415387
4.583308333333333 0.8057781273203637 1.1533352798878538 1.1180306676525023 0.8585520460014789 1.23581055943035
4.599961111111111 0.7793591723262534 1.115521008416121 1.081373924450781 0.8304027985915944 1.1952921804326335
4.616574999972222 0.7123484918650244 1.0327241363341668 0.9980079343027382 0.763687289679232 1.1135470501065108
4.633311111083334 0.6336599672748603 0.9329973603778826 0.8982811583464542 0.6844523170016363 1.0135470501065111
4.649986111111111 0.49143774505263804 0.7496640270445493 0.7160589361242319 0.5405634281127475 0.8246581612176221
4.666655555555556 0.4833813885763653 0.7373744528307042 0.704320265040228 0.5317017325699156 0.8111391749681529
4.683330555555556 0.3704584606835232 0.5894709950294834 0.5586672223765861 0.4156575900713161 0.656056466302368
4.699905555555556 0.3704584606835232 0.5894709950294834 0.5586672223765861 0.4156575900713161 0.656056466302368
4.716658333333333 0.26909311228427657 0.4500124262912537 0.42172277793214163 0.30643913432743664 0.5065084437034979
4.733313888888889 0.2213153345064987 0.38362353740236477 0.35616722237658605 0.2542169121052144 0.43484177703683125
4.749997222222222 0.17825977895094317 0.32279020406903147 0.29644500015436387 0.20671691210521445 0.3684528881479424
4.766647222222222 0.13964866783983207 0.26751242629125377 0.2417227779321416 0.16393913432743665 0.30761955481460906
4.783322222222222 0.10857522151214845 0.22231468617825942 0.1968075236948535 0.1291933716155722 0.25705458306319656
4.799994444444445 0.08258652094717668 0.18248417770368314 0.15782447284739584 0.09953235466641967 0.21270430057732082
4.816599999972222 0.05799759192368251 0.14574662139357608 0.12151641306514836 0.07155832677940985 0.17195917572834887
4.833302777777778 0.040364298724954464 0.11393897996357014 0.09237249544626594 0.05115664845173042 0.13688979963570128
4.849913888888889 0.040364298724954464 0.11393897996357014 0.09237249544626594 0.05115664845173042 0.13688979963570128
4.8665722222222225 0.0286976320582878 0.09032786885245901 0.07098360655737705 0.037267759562841535 0.10994535519125682
4.883311111083334 0.009444444444444445 0.04793715846994535 0.03300091074681239 0.013606557377049182 0.06094262295081967
4.899916666666667 0.0042372881355932195 0.03321292951745855 0.020565897934611468 0.007057515976660183 0.043048995091229045
4.916655555555556 0.0011111111111111111 0.020714936247723133 0.011056466302367942 0.002495446265938069 0.02760928961748634
4.933263888888889 0.001092896174863388 0.020375347128908 0.010875212756427484 0.0024545373107587565 0.027156678312281645
4.949991666666667 0 0.0073816029143898 0.003278688524590164 0.000273224043715847 0.010942622950819674
4.9666194444444445 0 0.0073816029143898 0.003278688524590164 0.000273224043715847 0.010942622950819674
4.983244444444445 0 0.0030100182149362473 0.001092896174863388 0 0.005204918032786885
4.9999416666666665 0 0.0005419690047478277 0 0 0.001625907014243483
5.016566666666667 0 0.000273224043715847 0 0 0.000819672131147541
5.0333194444444445 0 0 0 0 0
5.049905555555555 0.007500000000000001 0.011666666666666665 0.009722222222222222 0.01 0.008333333333333333
5.066566666666667 0.015127118644067798 0.023531073446327686 0.019609227871939736 0.02016949152542373 0.016807909604519774
5.083311111083333 0.051734586767929365 0.07555293136982494 0.06254638634188509 0.06448643141613411 0.05396637954987497
5.099894444444445 0.051734586767929365 0.07555293136982494 0.06254638634188509 0.06448643141613411 0.05396637954987497
5.1166583333333335 0.1000679201012627 0.14555293136982492 0.12087971967521843 0.12281976474946746 0.10396637954987496
5.1333166666666665 0.1278456978790405 0.18638626470315825 0.15532416411966288 0.15643087586057855 0.13341082399431942
5.149972222222222 0.1278456978790405 0.18638626470315825 0.15532416411966288 0.15643087586057855 0.13341082399431942
5.166647222222222 0.19733456621982126 0.2866094406916311 0.23966311224884873 0.23911233691204445 0.20772649354632514
5.183330555555556 0.2411399948680341 0.3486895266900186 0.29260586957214896 0.2907113694301847 0.2534131369217619
5.199986111111111 0.29043677256027917 0.4186676854681856 0.3522048562872403 0.34888989225402117 0.3048589114260134
5.216644444416667 0.3340361697314221 0.48065673980477275 0.40626707175794124 0.40054743500395523 0.3506808964846034
5.2333083333333335 0.3396034392269458 0.4886676854681856 0.4130381896205736 0.40722322558735446 0.3565255780926801
5.249908333305555 0.39412321323824523 0.5652213577845697 0.47970485628724024 0.4727599487511963 0.4138702108610417
5.2666305555555555 0.4531627612608441 0.6479897193664906 0.551738754592325 0.5442288753048686 0.47573461764070274
5.2833194444444445 0.5847108410502614 0.8272755637950432 0.7046977985688192 0.7011003360071179 0.6096180329387187
5.2998916666666664 0.5944560217344323 0.8410634898582939 0.7164427618782996 0.7127853416072365 0.6197783334876974
5.316625 0.684192564475694 0.9640758653926152 0.8215237126445984 0.8209116468322178 0.7116389832078278
5.333263888888889 0.7524503720169183 1.0567649964496308 0.9007695038745331 0.9032749837917939 0.7811342656910871
5.349972222222222 0.8510986259522813 1.1913094189691738 1.0168698775397436 1.023152382253074 0.8814177824034612
5.366644444416667 0.9460138801895694 1.3184280630369702 1.1270393690651672 1.1384066195412095 0.9749206072622183
5.383286111111111 1.0283025377419655 1.4278431508752432 1.2218664906918588 1.238599842548856 1.0547830415856256
5.399969444444444 1.2333025377419657 1.7039542619863541 1.4590887129140808 1.489710953659967 1.2553385971411815
5.416588888888889 1.318822168270786 1.8183703123363046 1.5567539252706806 1.593977987206525 1.3377647403574462
5.433255555555555 1.3408025377419657 1.8486764842085763 1.582699824025192 1.6205442869933004 1.3600608193634036
5.449988888888889 1.5488768130795292 2.1254741374729167 1.820141903412757 1.8737594079715523 1.5612620081170088
5.466652777777778 1.698735142477849 2.326199252878886 1.9917344324040627 2.054715507394029 1.7077748448643142
5.483311111083333 1.827423667068013 2.4972375042450063 2.1381825198357567 2.2096335401809144 1.8326382328424562
5.499936111111111 1.827423667068013 2.4972375042450063 2.1381825198357567 2.2096335401809144 1.8326382328424562
5.516588888888889 1.9956850851539114 2.7220494393452044 2.3303551049177185 2.412621679280026 1.997033231139221
5.533333333333333 2.2388784693279 3.0441678243956654 2.6052258343366983 2.7062813744558674 2.232638232842456
5.549944444444445 2.276825562028373 3.095763889215931 2.6493822044102013 2.752150550294102 2.270479558822837
5.566661111111111 2.5338125559569016 3.43406424624124 2.9391005989318018 3.0603303386743224 2.518335031335865
5.583269444444444 2.6433675413783733 3.5758555427509466 3.0614104251788214 3.189942409625017 2.622406041751124
5.599980555555556 2.846034778179124 3.842119801796796 3.291045043376246 3.4308858942298786 2.8180572535580874
5.616625 2.846034778179124 3.842119801796796 3.291045043376246 3.4308858942298786 2.8180572535580874
5.633244444444444 3.01409033373468 4.0598975795745735 3.480211710042913 3.6311636720076566 2.978612809113643
5.649991666666667 3.3577720663147175 4.504422061683801 3.866751258065512 4.041224877280726 3.306889645271835
5.666616666666667 3.3577720663147175 4.504422061683801 3.866751258065512 4.041224877280726 3.306889645271835
5.683311111083333 3.66547766000574 4.891180610278812 4.205764199830858 4.404142771899298 3.5971410546645473
5.699891666666667 3.726568954339169 4.972700287116792 4.275860269828039 4.477545151430953 3.657093405575623
5.716586111111111 3.922124509894724 5.218255842672348 4.490582492050261 4.707267373653176 3.8426489611311783
5.733327777777777 4.190841931923965 5.560650871318618 4.788756685394405 5.024626975792083 4.099677484172471
5.749952777777778 4.401293909325095 5.82166782047116 5.017570244716439 5.270389687656491 4.299959970048177
5.7666444444166665 4.752939010836344 6.248528912352196 5.395055185082275 5.677549859528883 4.634405081658485
5.7832944444444445 4.890322524319901 6.409208766248062 5.538305646529014 5.832835927405458 4.763895708735123
5.799994444444445 5.196827899725233 6.788806690129974 5.871721851748942 6.1875498595288825 5.057738414991819
5.816655555555555 5.284909728534135 6.903871210301668 5.971242561100619 6.292423585961576 5.1434627949069345
5.833325 5.527000124014362 7.193136747024832 6.226892278614742 6.565022456018072 5.373123811856088
5.849991666666667 5.922661233058566 7.653806690129974 6.637555185082275 7.002272081751103 5.746905081658485
5.866661111111111 6.172939010836344 7.950195579018864 6.9006107406378305 7.281160970639992 5.984682859436263
5.883325 6.429327899725233 8.252417801241085 7.16949962952672 7.565605415084437 6.228016192769597
5.899969444444444 6.429327899725233 8.252417801241085 7.16949962952672 7.565605415084437 6.228016192769597
5.916561111111111 6.695161233058566 8.565751134574418 7.446999629526719 7.858938748417771 6.480793970547375
5.9333277777777775 7.233494566391898 9.20186224568553 8.008666296193386 8.45282763730666 6.994127303880707
5.949916666666667 7.233494566391898 9.20186224568553 8.008666296193386 8.45282763730666 6.994127303880707
5.966644444416667 7.651721789750339 9.692403248018197 8.437217229436834 8.905258215320892 7.395943545338186
5.983305555555556 7.919391770938192 10.015434691178637 8.716711988910095 9.200608927495038 7.65555117769508
5.999952777777778 8.328048300453828 10.516247491587169 9.150879410947486 9.659230187397734 8.051477030656665
6.016616666666667 8.46920166147847 10.694488974495426 9.305979061980494 9.822945953285831 8.187942743040676
6.033241666638889 8.606014402148743 10.85268816955327 9.440427433546356 9.965162390787563 8.322098499583218
6.049980555555556 9.010789327857863 11.34773038022175 9.86523885322822 10.414682044447376 8.71554975252071
6.066599999972222 9.126165061282453 11.483601540551387 9.976095983452193 10.532215121484365 8.831679478867587
6.083269444444444 9.370609505726897 11.779990429440277 10.227484872341082 10.798326232595475 9.072512812200921
6.099955555555556 9.607057593158592 12.065190793739001 10.46926993609336 11.055398181593652 9.305354342255566
6.116638888888889 10.064835370936366 12.611301904850112 10.932047713871137 11.550953737149207 9.753687675588901
6.1332611111111115 10.207177213381616 12.783527360864522 11.082308409586467 11.71255182308959 9.889060913028262
6.1499 10.282335370936368 12.866579682627892 11.147603269426693 11.784842626038095 9.964243231144456
6.166658333333333 10.627516196432465 13.273357869339096 11.496432703371777 12.163681766592415 10.293298201163854
6.183311111083333 10.740288665491473 13.393142068911066 11.58721973468647 12.267819764749468 10.40673122619064
6.199994444444444 11.06142462412398 13.767968571516779 11.906792704763667 12.619268855546293 10.71345088141768
6.216647222222222 11.198906397414218 13.930137530356046 12.046738343827458 12.773832734453858 10.84249242178069
6.233330555555556 11.404960405668236 14.156970454755953 12.227626038097004 12.97873213238245 11.039995137538208
6.249997222222222 11.565087524312302 14.335868759840698 12.374481028680806 13.143096539162112 11.19146406409188
6.266599999972223 11.565087524312302 14.335868759840698 12.374481028680806 13.143096539162112 11.19146406409188
6.283272222222222 11.708063042203074 14.494809437806797 12.507197601185513 13.28911819641258 11.329091182735947
6.299986111111111 11.839269781729488 14.638402333981661 12.626660260566206 13.420561730110213 11.45393635577784
6.316663888888889 12.075792735636437 14.891052375659903 12.83574881911642 13.649935475903797 11.677730696798495
6.3333305555555555 12.185496125466946 15.006640887900959 12.92881849896576 13.752110617146736 11.782137476459509
6.349941666666667 12.185496125466946 15.006640887900959 12.92881849896576 13.752110617146736 11.782137476459509
6.366630555555555 12.2760516810225 15.099696443456516 13.001874054521316 13.83155506159118 11.872415254237287
6.383294444444444 12.360199515297454 15.183561791855762 13.067358988607944 13.902501389274795 11.957377589453861
6.399986111111111 12.501779661016942 15.314090025006946 13.169553888425794 14.00954146213454 12.10174917415331
6.416658333333333 12.561219551727326 15.364449769997838 13.20933075545676 14.051112500385907 12.163693618597756
6.43325 12.561219551727326 15.364449769997838 13.20933075545676 14.051112500385907 12.163693618597756
6.449963888888889 12.64525871384026 15.423051773640825 13.250664999536907 14.091759130622702 12.254950449198848
6.466641666666667 12.588725313801492 15.345167828950665 13.179369496991423 14.014468803568688 12.205084290262775
6.483272222222222 12.615348981274392 15.354708275067301 13.184144199132422 14.018562685141742 12.235748090316523
6.499938888888889 12.696916273038802 15.439581828285636 13.257431848352939 14.097287363773885 12.31481383717699
6.516622222222222 12.779847823390988 15.499589104318057 13.306327322561351 14.148107996100611 12.400093167750612
6.533330555555556 12.701531598283468 15.36978265567596 13.188503287950356 14.017269766293106 12.332819301657867
6.549988888888889 12.686907165570677 15.325997344941499 13.147274242845233 13.971599672748601 12.323525053255533
6.566655555555555 12.666351610015122 15.276830678274832 13.100885353956341 13.922155228304158 12.309913942144423
6.583333333333333 12.636351610015122 15.217108456052609 13.043940909511898 13.862710783859715 12.288525053255535
6.599975 12.59440716557068 15.144594794850423 12.974619415887126 13.791326448704888 12.256799188046063
6.616638888888889 12.59440716557068 15.144594794850423 12.974619415887126 13.791326448704888 12.256799188046063
6.633305555555555 12.47199137105986 14.953849912012599 12.79254252724522 13.597308048532001 12.15832654132321
6.649997222222222 12.403658037726526 14.850794356457044 12.693931416134108 13.490641381865336 12.102493207989873
6.6666638888888885 12.319014155166554 14.730876786761758 12.579904371584693 13.366616189682322 12.032070868451111
6.6833 12.208319934043606 14.596217604465117 12.45728298844396 13.233830131927967 11.932638012684153
6.699969444444444 12.224633462998979 14.60369554814609 12.45862021857923 13.234175388225127 11.954192908523972
6.716658333333333 11.992202386465372 14.301824117810504 12.174306906239382 12.922362847704614 11.755706369053133
6.733230555555555 11.992202386465372 14.301824117810504 12.174306906239382 12.922362847704614 11.755706369053133
6.7499472222222225 11.855535719798706 14.131546340032724 12.014029128461605 12.745140625482394 11.635984146830909
6.766608333333333 11.690092822394165 13.920781588733844 11.808899678661518 12.517374647383221 11.492526251014485
6.783330555555556 11.393068136210672 13.572421660337746 11.484892562748906 12.16350375104196 11.222687089006207
6.799994444444445 11.219434256429254 13.368769565620077 11.291595659288069 11.953817958692232 11.066985813960672
6.816658333333334 11.080317847853912 13.213270610992426 11.149656932633071 11.800203456637169 10.938565281491371
6.833272222222222 11.026934256429254 13.149047343397855 11.084095659288067 11.72881795869223 10.895041369516228
6.84995 10.605276697230712 12.673182133926087 10.634118427958377 11.247169506961814 10.516011314871417
6.866647222222222 10.53050737571485 12.586569401732746 10.546843599053718 11.154183679396194 10.452440885179971
6.883327777777778 10.140276697230716 12.156237689481646 10.143840650180602 10.727169506961811 10.096566870426974
6.899947222222222 9.989343199461905 11.991381333916372 9.993668399084745 10.567980935809432 9.956459216813416
6.916625 9.739069975418188 11.712419585282493 9.732739437336113 10.292024651656424 9.728863588398111
6.9332722222222225 9.371110030564047 11.296515467259423 9.342173983513936 9.878836173628477 9.395177981538081
6.949955555555555 9.222403308751522 11.131272044298887 9.195034519303325 9.723172192640032 9.255093096594836
6.966633333333333 8.95519019399742 10.825534339380855 8.91716566684431 9.430276017776643 9.006732440857128
6.983236111111111 8.833131888487541 10.680823299682011 8.782724985335433 9.288540180914449 8.895096014324965
6.999983333333334 8.28543607792288 10.036702170355962 8.211336096446546 8.684642184557436 8.374399293013495
7.016666666666667 8.007469976227965 9.706650381278747 7.921788073847677 8.378987758945385 8.10766671297583
7.033330555555556 7.876199976617671 9.551414934628164 7.791922695587878 8.241627303880707 7.976976983588339
7.049966666666666 7.610899430169583 9.229349737718424 7.516512859522304 7.950370473279613 7.717169182570816
7.066594444444444 7.472192198450187 9.058172233347063 7.366510296069898 7.791765536723163 7.584399780058108
7.083225 7.2113588651168525 8.738450011124845 7.095954740514343 7.505654425612051 7.326899780058108
7.099955555555556 6.840680850934611 8.286453562855039 6.718425427828316 7.105834954153931 6.957606341040761
7.116641666666666 6.448581087339077 7.808450011124846 6.309288073847677 6.670376647834274 6.57523311339144
7.133275 6.342866643284338 7.680442633893291 6.205857121817386 6.561026210984532 6.4674424066145315
7.149897222222222 6.2033033095612975 7.512338900013734 6.059288073847677 6.402876647834274 6.335233113391441
7.16665 5.864724566781605 7.103393453565422 5.718425427828316 6.03944151153098 5.999956067816718
7.18325 5.726081087339076 6.937338900013736 5.574010296069899 5.882321092278718 5.868844224502552
7.199972222222223 5.261622981692445 6.378668590359818 5.103217946343121 5.375991401932635 5.414577375686523
7.216569444444445 5.175366867238471 6.274100252812936 5.019558635747332 5.287860395343575 5.325813812150678
7.233327777777777 4.814400759470224 5.843113034804262 4.654884613009786 4.892658068599301 4.979021820130967
7.249988888888889 4.595234092803557 5.581446368137596 4.435995724120898 4.656824735265968 4.765688486797633
7.26665 4.457664087481929 5.41864985441169 4.294577668310248 4.503924034140053 4.635316645579898
7.283311111083333 4.311511166580882 5.240989203447372 4.153771843119748 4.356254393676445 4.4833390506428525
7.299991666666667 4.111237942537164 5.002464613283436 3.9532253950323164 4.141773519359508 4.287710635342305
7.316633333333334 3.980869686023895 4.849727912393716 3.8207791516161884 3.9991364113488332 4.165005812598007
7.333275 3.5910746040566814 4.387209697457467 3.433474962180852 3.5859396900373572 3.7840222060406306
7.349925 3.5322045285803427 4.315288227007345 3.3771884873910016 3.5271537934793677 3.7219890551219317
7.366661111111111 3.224982325337285 3.953899904613776 3.072990028094223 3.2030489179092974 3.420726537490724
7.383269444444444 3.224982325337285 3.953899904613776 3.072990028094223 3.2030489179092974 3.420726537490724
7.3999083333055555 3.0502601031150625 3.7488999046137765 2.901878916983112 3.022493362353742 3.246837648601835
7.416569444444445 2.8784021796177943 3.547260560351481 2.7335729060541496 2.8448977339384416 3.075799397235715
7.433233333333333 2.711462288907412 3.3521785931383663 2.5701849279120736 2.6724933623537415 2.9091327305690484
7.449888888888889 2.5511845111296343 3.1652341486939215 2.4143515945787404 2.5086044734648523 2.7485771750134935
7.466555555555556 2.393534237905591 2.981354367273156 2.261072906054151 2.3474022876725025 2.5906536777457334
7.483327777777777 2.08914443826989 2.6284855148141393 1.966601139205335 2.0372292457781476 2.2854350985107614
7.499930555555555 2.0548961687900555 2.5853955883417763 1.9343617762675427 2.003832045027686 2.2479689493548474
7.516583333333333 1.9469222160476678 2.464874403703029 1.8302122503164462 1.8938959124448145 2.1423795429552057
7.533322222222222 1.8395254174496056 2.3459174726923457 1.7270520059715273 1.7858828488139356 2.037730608655011
7.549916666666666 1.730766528377934 2.2255390006274034 1.6225721225244565 1.6764817334317 1.9318237593412617
7.566638888888889 1.5142716561478722 1.9868677744593353 1.4166745226848731 1.4589263386655023 1.7192552089820603
7.583288888888889 1.4069553832293484 1.8684471885404137 1.315462544309446 1.3509068175503296 1.6126356067211278
7.599922222222222 1.4069553832293484 1.8684471885404137 1.315462544309446 1.3509068175503296 1.6126356067211278
7.6165972222222225 1.303380482918781 1.7539891674417392 1.2183900534785037 1.2465975631090942 1.5089230299178458
7.633266666638889 1.2043876618417761 1.6452594033054195 1.1275420670661487 1.1503069510922843 1.4087769235640946
7.649952777777778 1.0024167933358392 1.4236334461222828 0.9429798037581247 0.9556281065728133 1.2041227238452972
7.666619444444445 1.0024167933358392 1.4236334461222828 0.9429798037581247 0.9556281065728133 1.2041227238452972
7.683258333333334 0.8109575033125224 1.2109089943860003 0.7686551252899048 0.7744036041757628 1.0060418625681007
7.699955555555555 0.8109575033125224 1.2109089943860003 0.7686551252899048 0.7744036041757628 1.0060418625681007
7.716569444444445 0.7257691179648665 1.1142612651023753 0.6909187737334445 0.6950509014849802 0.9162371791493805
7.733258333333334 0.6386647985354482 1.0155413268991123 0.6114440772555025 0.6139201393610123 0.8244654553712544
7.749927777777778 0.5608821492282479 0.9249371528461943 0.5403160499494627 0.5432082583326286 0.7416639797633833
7.766663888888889 0.4172255340288128 0.7515971107439282 0.40907848981619477 0.4136301539990065 0.587882398977076
7.78325 0.4172255340288128 0.7515971107439282 0.40907848981619477 0.4136301539990065 0.587882398977076
7.799969444444445 0.34686745456856016 0.6653780576579121 0.3442495869869106 0.3496695895285297 0.5119620125255323
7.816663888888889 0.22195121951219512 0.50196054054513 0.22684259629481543 0.23374650139944025 0.37210836686171034
7.8332194444444445 0.22195121951219512 0.50196054054513 0.22684259629481543 0.23374650139944025 0.37210836686171034
7.849911111111111 0.17750000000000002 0.4353428873920916 0.1837636612021858 0.19042349726775956 0.3176610760332531
7.866586111111111 0.1316099201345103 0.3666400358287952 0.13929522208210732 0.14570547849236376 0.2614934953850936
7.883308333333333 0.07115640230394328 0.25402598371143276 0.07925712597843745 0.0833111800324915 0.175628278919423
7.899916666666667 0.04720704310868246 0.20274892770341701 0.05414389799635702 0.057384638737097746 0.13745128666718476
7.916627777777777 0.029032006245120996 0.15758937325684796 0.03473848555815769 0.03711943793911007 0.10471179961958053
7.933263888888889 0.015670202507232403 0.1181067077644023 0.020073931211828995 0.02203471552555449 0.07690920549074466
7.949983333333333 0.007054148037754595 0.08481701204009123 0.009571121046530882 0.011086272561682398 0.05348221171773691
7.966569444444445 0.002066256830601093 0.05725921033301077 0.0030993852459016394 0.0036202185792349726 0.034841030833916195
7.98325 0.002066256830601093 0.05725921033301077 0.0030993852459016394 0.0036202185792349726 0.034841030833916195
7.999922222222223 0.0010576414595452142 0.041364346150204664 0.0015864621893178213 0.0021240965979199716 0.024674612473719937
