# SectorTime BundleTurnoverTimeAvg
0.24983611111111112 958.800963855422
0.25264444444444445 964.271017964072
0.25542777777777775 969.7357142857145
0.25821666666666665 975.2269822485209
0.2609972222222222 980.7134117647062
0.2637777777777778 986.194210526316
0.26789722222222223 991.6695930232561
0.27068888888888887 997.1397687861274
0.27347777777777776 1002.6047701149428
0.27625833333333333 1008.0916000000002
0.27905 1013.5734090909093
0.2818388888888889 1019.0500000000002
0.2861722222222222 1024.5215168539328
0.2889611111111111 1029.9879888268158
0.2917527777777778 1035.4495000000002
0.2945388888888889 1040.929834254144
0.29733055555555554 1046.4064835164838
0.30011944444444444 1051.8779781420767
0.30435 1057.3444021739133
0.307175 1062.8060000000003
0.30996666666666667 1068.2629032258067
0.31275555555555556 1073.7424064171125
0.31554444444444446 1079.2180851063833
0.3183361111111111 1084.688994708995
0.3224444444444444 1090.1549473684213
0.32526666666666665 1095.6162303664926
0.32805833333333334 1101.0729687500004
0.3308388888888889 1103.5530051813475
0.33363055555555554 1106.060051546392
0.33641944441666666 1108.5927179487182
0.3404111111111111 1111.1507653061228
0.34329166666666666 1113.7337055837568
0.34608055555555556 1116.3411111111116
0.34886944444444445 1118.9960301507542
0.35165 1121.6747000000005
0.3544361111111111 1124.3765671641795
0.35851666666666665 1127.1014356435649
0.36136944444444447 1129.848916256158
0.36415 1132.6184803921572
0.36694166666666667 1135.4339512195127
0.36972222222222223 1138.2708252427187
0.3725111111111111 1141.1287922705317
0.37674722222222223 1144.0074038461541
0.3795861111111111 1146.906507177034
0.38237777777777776 1149.8258095238098
0.3851611111111111 1152.7841706161141
0.38795277777777776 1155.7630188679248
0.39074166666666665 1158.7609859154932
0.3947805555555556 1161.7778971962618
0.3975944444444444 1164.8132558139537
0.400375 1167.8669907407411
0.4031638888888889 1170.9622580645166
0.40595555555555557 1174.0751834862388
0.40873611111111113 1177.205570776256
0.41279166666666667 1180.3530909090912
0.4156361111111111 1183.5175565610864
0.418425 1186.6987387387392
0.4212166666666667 1189.9207174887897
0.4240055555555556 1193.1587946428576
0.4267972222222222 1196.4127111111115
0.43125555555555556 1199.6822566371686
0.4340472222222222 1202.967224669604
0.436825 1206.2674561403512
0.4396055555555556 1209.606855895197
0.44239444441666664 1212.9613478260874
0.4451861111111111 1216.3303030303034
0.4494916666666667 1219.7134913793107
0.45229444444444444 1223.1107725321892
0.45508333333333334 1226.5219230769235
0.457875 1229.9686808510644
0.46065833330555556 1233.4295338983056
0.46344722222222223 1236.9034599156123
0.4676694444166667 1240.3902521008408
0.47044722219444446 1243.8899163179922
0.47323611111111114 1247.4022500000003
0.47602777777777777 1250.9487551867223
0.47881666666666667 1254.5084710743806
0.48159722222222223 1258.0802057613173
0.4855583333333333 1261.6638524590169
0.48836111111111113 1265.2592244897965
0.49115277777777777 1268.8662195121958
0.49394166666666667 1272.5042105263165
0.49673333333333336 1276.153588709678
0.4995222222222222 1279.8140160642574
0.5037138888888889 1283.4851600000004
0.5065055555555555 1287.1670916334665
0.5092944444444445 1290.8596428571434
0.5120777777777777 1294.58324110672
0.5148666666666667 1298.3169291338588
0.5176583333333333 1302.0607450980397
0.5218277777777778 1305.8145312500005
0.5246361111111111 1309.5780933852145
0.527425 1313.3513953488377
0.5302055555555556 1317.152046332047
0.5329944444444444 1320.9631923076927
0.5357861111111111 1324.7836015325677
0.5399472222222222 1328.6132061068708
0.5427416666666667 1332.4518631178712
0.5455333333333333 1336.299507575758
0.5483166666666667 1340.176339622642
0.5511055555555555 1344.0618045112788
0.5538972222222223 1347.9557677902626
0.558175 1351.8581343283586
0.5609972222222223 1355.7688475836435
0.563775 1359.6877777777784
0.5665638888888889 1363.6316236162365
0.5693555555555555 1367.5847058823533
0.5721444444166667 1371.5456410256413
0.5763916666666666 1375.5143065693435
0.5792027777777777 1379.4906181818185
0.5819888888888889 1383.4745289855075
0.584775 1387.4826714801447
0.5875555555555556 1391.498021582734
0.5903472222222222 1395.5205734767028
0.5946055555555556 1399.550142857143
0.5973972222222222 1403.5867615658365
0.6001861111111111 1407.6303900709222
0.602975 1411.6987632508835
0.6057583333333333 1415.7741549295777
0.60855 1419.8562105263159
0.6128833333333333 1423.9448251748254
0.6156722222222222 1428.039930313589
0.6184527777777777 1432.1414930555557
0.6212416666388889 1436.1811072664361
0.6240222222222223 1440.2280344827586
0.6268083333333333 1444.3646048109965
0.6308083333333333 1448.4245890410957
0.6336361111111111 1452.4911262798635
0.6364222222222222 1456.564149659864
0.6392111111111111 1462.7010508474575
0.6420027777777778 1468.8304391891893
0.6447861111111111 1474.9523569023568
0.6487472221944445 1481.0669127516778
0.6516222222222222 1487.1741137123745
0.6544111111111112 1491.0660666666668
0.6572027777777778 1494.9655149501662
0.6599916666388889 1499.0874834437086
0.6627833333333333 1503.0010231023102
0.6668444444444445 1506.921875
0.6696305555555555 1510.8499344262295
0.6724194444444445 1514.5850326797383
0.6752111111111111 1518.329250814332
0.678 1522.2969805194805
0.6807805555555556 1526.0568932038834
0.6848583333055556 1529.8249677419353
0.6877305555555555 1533.6010932475883
0.6905194444444445 1537.1878846153845
0.6933111111111111 1540.7847284345046
0.6961 1544.599840764331
0.6988833333333333 1548.214095238095
0.7029444444444445 1551.8372468354428
0.7058277777777778 1555.4692113564668
0.7086055555555556 1558.9184276729559
0.7113972222222222 1562.3781818181817
0.7141833333333333 1566.0519375
0.716975 1569.5304984423674
0.7209611111111112 1573.0186645962729
0.7238055555555556 1576.5163157894733
0.7265944444166667 1579.838086419753
0.7293777777777778 1583.170246153846
0.7321666666666666 1586.7106134969322
0.7349583333333334 1590.0628134556573
0.7392055555555556 1596.7976899696048
0.7420638888888889 1596.7976899696048
0.74485277775 1599.9954242424242
0.7476444444444444 1603.2046525679757
0.7504333333333333 1611.2634441087612
0.753225 1619.1247129909364
0.7575055555555555 1630.225361445783
0.7603277777777778 1634.8474320241692
0.7631111111111111 1642.5572205438066
0.7658944444166667 1650.2676435045316
0.7686861111111111 1658.1304833836857
0.771475 1665.826435045317
0.7755722222222222 1676.6523493975903
0.778375 1681.2184592145013
0.7811638888888889 1688.7779154078546
0.7839555555277777 1696.3372809667671
0.7867444444444445 1703.8798791540785
0.7895361111111111 1711.4224773413896
0.7935166666666666 1721.8371385542166
0.7963722222222223 1726.3409365558912
0.7991555555555555 1733.5336858006042
0.8019333333333334 1740.7274924471296
0.8047222222222222 1748.1041087613291
0.8075138888888889 1755.4803625377644
0.8117222222222222 1765.7942771084336
0.8145638888888889 1770.2327492447132
0.8173555555555555 1777.2560725075532
0.8201333333333334 1784.2801812688824
0.822925 1791.4577039274927
0.8257138888888889 1798.634833836858
0.8297111111111111 1805.8119335347433
0.8325444444444444 1812.9890936555896
0.8353277777777778 1819.844471299094
0.8381166666388888 1826.7003927492453
0.8408999999722222 1833.710876132931
0.84367777775 1840.7203927492449
0.8477555555555556 1847.7299093655593
0.85055 1854.571812688822
0.8533333333333334 1861.2592145015108
0.8561222222222222 1867.9475830815713
0.8589138888888889 1874.7903323262842
0.8616916666666666 1881.6323867069489
0.8658416666666666 1888.3060725075534
0.8686333333333334 1894.9797583081572
0.8714222222222222 1901.5025075528704
0.8742027777777778 1908.0254984894266
0.8769916666666666 1914.697885196375
0.8797805555555556 1921.2045921450153
0.8836916666666667 1927.7112990936557
0.8865416666666667 1934.2180664652574
0.8893277777777778 1940.5885498489429
0.8921166666666667 1946.9592749244716
0.8948972222222222 1953.3164350453176
0.8976861111111111 1959.6733232628403
0.9018861111111112 1966.030332326284
0.904675 1972.2219335347434
0.9074666666666666 1978.2623262839882
0.91025 1984.3029003021152
0.9130416666666666 1990.4951963746232
0.9158305555277778 1996.6868882175233
0.920125 2002.878580060424
0.9229166666666667 2009.0701812688828
0.9257055555555556 2014.9430815709975
0.9284944444444444 2020.8160120845928
0.9312833333333334 2026.8372507552876
0.934075 2032.8584894259823
0.9383999999722222 2040.8450000000007
0.9412194444444445 2044.7348036253786
0.9440111111111111 2050.407160120847
0.9468 2056.0796072507565
0.9495916666666666 2061.9322658610286
0.9523805555555556 2067.7847734138986
0.9566 2075.3011746987963
0.9594388888888888 2079.096404833838
0.9622222222222222 2084.571903323264
0.9650027777777778 2090.047643504533
0.9677944444444444 2095.703474320243
0.9705833333333334 2101.3593353474334
0.9748222222222223 2108.5815060240975
0.9776805555555556 2112.2798187311187
0.9804694444444444 2117.5546827794574
0.9832583333333333 2122.8303625377653
0.98605 2128.291903323264
0.9888388888888889 2133.7532930513603
0.9929722222222223 2140.678463855423
0.9957777777777778 2144.2789123867083
0.9985694444444444 2149.356223564956
1.0013472222222222 2154.4342598187327
1.004138888888889 2159.6956193353485
1.0069277777777779 2164.9569788519652
1.0111611111111112 2171.5860240963866
1.0139416666666667 2175.082628398793
1.0167333333333333 2179.9625075528716
1.0195222222222222 2184.8423867069496
1.0223027777777778 2189.9036253776444
1.0250944444444445 2194.9646827794572
1.0291583333333334 2201.3049096385553
1.0320277777777778 2204.6941087613304
1.0348166666666667 2209.3773413897293
1.0376083333333332 2214.060845921452
1.0403972222222222 2218.924984894261
1.0431861111111111 2223.7890936555905
1.047475 2229.847560240965
1.0502638888888889 2233.1260422960736
1.0530555555555556 2237.6106344410887
1.0558444444444444 2242.0959516616326
1.0586361111111111 2246.762990936557
1.061425 2251.429728096678
1.0654777777777777 2257.204879518073
1.0683666666666667 2260.367522658611
1.0711583333333334 2264.654622356496
1.0739472222222222 2268.942235649547
1.0767361111111111 2273.409456193354
1.0795277777777779 2277.876465256798
1.0836055555555555 2283.3758132530124
1.086386111111111 2286.4194561933537
1.0891777777777778 2290.511540785499
1.0919583333333334 2294.6036858006046
1.0947472222222223 2298.8756797583083
1.0975388888888888 2303.1476132930516
1.1017305555555557 2308.3785240963857
1.1045444444444446 2311.2997583081574
1.1073333333333333 2315.192416918429
1.110125 2319.086193353474
1.112913888888889 2323.1599093655586
1.1157055555555555 2327.2336555891234
1.119713888888889 2332.1931325301202
1.1225472222222221 2334.9876435045317
1.1253388888888889 2338.684259818731
1.1281277777777778 2342.3812990936553
1.1309166666666666 2346.2599093655585
1.1337083333333333 2350.1381570996973
1.1378666666666666 2354.837530120482
1.1406555555555555 2357.50501510574
1.1434444444444445 2361.005589123867
1.146236111111111 2364.5062235649543
1.1490222221944444 2368.191419939577
1.1530805555555557 2372.806114457831
1.1558722222222222 2376.3127409638555
1.1586611111111111 2378.849425981873
1.16145 2382.151752265861
1.1642416666666666 2385.4543806646525
1.1670305555555556 2388.9415407854985
1.1712222222222222 2393.295120481928
1.1740777777777778 2396.6043072289162
1.1768666666666667 2399.0064350453176
1.1796444444444445 2402.110090634442
1.182436111111111 2405.214290030212
1.185225 2408.5038066465263
1.189163888888889 2412.597771084338
1.1920277777777777 2415.7082831325306
1.1948194444444444 2417.97160120846
1.1976083333333334 2422.6231722054386
1.2003999999722221 2427.275045317221
1.203186111111111 2430.3649546827796
1.2072138888888888 2434.192379518073
1.2100666666666666 2437.1049096385545
1.2128555555555556 2439.235861027191
1.2156472222222223 2441.9428700906346
1.218436111111111 2444.6501208459217
1.221225 2447.542839879154
1.2252555555555555 2451.1206626506023
1.2280388888611111 2453.8364759036144
1.23082777775 2455.8223867069487
1.2336194444444444 2458.33419939577
1.2364083333333333 2460.845981873111
1.2392 2461.6361746987945
1.2431972222222223 2466.8690662650592
1.2460305555555555 2469.3869879518065
1.2488222222222223 2471.221208459214
1.251611111111111 2473.531933534742
1.2544027777777778 2475.8435649546823
1.2571916666666667 2476.587771084337
1.2613777777777777 2481.421807228915
1.2642194444166666 2483.7402710843367
1.2670083333055555 2485.419365558912
1.2698 2487.531812688821
1.272588888888889 2489.644259818731
1.2753805555555555 2490.3454216867467
1.2795472222222222 2494.7857530120477
1.2823277777777777 2496.9078012048185
1.2851194444444445 2498.430241691842
1.2879083333333334 2500.3435347432014
1.2907 2502.2573111782467
1.2934777777777777 2502.919849397589
1.2976805555555555 2506.967560240963
1.3005666666666666 2508.8922590361435
1.3033583333333334 2510.2553776435034
1.3061472222222221 2511.9726586102706
1.3089388888888889 2513.69006042296
1.3117166666666666 2514.3159036144566
1.3157361111111112 2517.965903614457
1.3186 2519.692439759035
1.3213916666666667 2521.2362048192767
1.3241805555555555 2522.7802409638543
1.3269666666666666 2524.519668674698
1.3297555555555556 2527.986897590361
1.333788888888889 2531.2582530120476
1.3366333333333333 2534.5297289156624
1.3394222222222223 2537.617018072289
1.3422138888888888 2540.7053614457827
1.3450027777777778 2543.9906626506017
1.3477944444444445 2547.2620180722884
1.3518555555555556 2550.3364457831317
1.3547277777777778 2553.4109337349387
1.3575166666666667 2556.3041867469865
1.3603027777777779 2559.197740963854
1.3630944444444444 2562.2866566265047
1.3658833333333333 2565.360783132529
1.3699694444444444 2568.2397289156615
1.3727805555555554 2571.1186746987937
1.3755722222222222 2573.8145180722877
1.3783583333333334 2576.5107228915654
1.3811472222222223 2579.403283132529
1.3839388888888888 2582.283674698794
1.3881305555555556 2584.967078313252
1.3909416666666667 2587.6505120481916
1.3937333333055555 2590.151475903613
1.3965222221944444 2592.6528313252998
1.399313888888889 2595.3494277108416
1.4021027777777777 2598.030722891565
1.4062083333333333 2600.516807228914
1.4090055555555556 2603.002861445781
1.4117916666666666 2605.306716867468
1.4145805555555555 2607.610933734938
1.4173722222222223 2610.112439759034
1.4201527777777778 2612.597620481926
1.4241694444444444 2614.8855120481903
1.4269583333333333 2617.1734036144558
1.42975 2619.2800602409616
1.4325388888888888 2621.3867168674674
1.4353305555277778 2623.688132530118
1.4381194444166667 2624.0060060060036
1.4422055555277777 2628.0625903614437
1.4450027777777779 2630.1522590361424
1.4477916666666666 2632.061536144576
1.4505833333333333 2633.9708433734922
1.4533722222222223 2636.0757530120463
1.456163888861111 2636.358378378376
1.4603527777777778 2640.058433734938
1.4631694444444445 2641.951807228914
1.4659583333333333 2643.662891566263
1.4687416666666666 2645.37503012048
1.4715333333333334 2647.2820783132506
1.4743222222222223 2647.530570570568
1.47832777775 2650.8690662650583
1.4811833333333333 2652.5647590361427
1.4839722222222222 2654.0803012048177
1.486763888888889 2655.5958132530104
1.4895527777777777 2657.306415662649
1.4923444444166667 2657.526336336335
1.4963333333333333 2660.5032530120466
1.4991916666666667 2662.0040361445767
1.5019833333333332 2663.322349397589
1.5047722222222222 2664.640753012047
1.5075638888611111 2666.1563554216855
1.51035 2666.3508408408397
1.5143694444166667 2668.9591867469867
1.5171611111111112 2670.26204819277
1.51995 2671.3817168674695
1.5227416666666667 2672.5022289156623
1.5255305555555556 2673.819126506024
1.5283222222222221 2673.9888588588587
1.5324083333333334 2676.228042168674
1.535225 2677.3338855421684
1.5380055555555556 2678.254728915662
1.5407972222222222 2679.1762951807223
1.543586111111111 2680.295602409638
1.5463777777777779 2680.444534534534
1.5504555555555555 2682.304006024096
1.553311111111111 2683.2093072289153
1.5561 2683.9344277108426
1.5588916666666666 2684.6596084337343
1.5616805555555555 2685.5803614457823
1.5644722222222223 2685.7125825825815
1.5685194444444444 2687.1978614457826
1.5713555555555556 2687.908222891566
1.5741472222222221 2688.438072289156
1.576936111111111 2688.967951807228
1.5797194444444445 2689.693343373493
1.5825027777777778 2689.693343373493
1.5867944444444444 2690.9207228915657
1.5895916666666667 2691.436716867469
1.5923805555555555 2691.770030120481
1.5951638888888888 2692.1040361445775
1.5979527777777778 2692.6341867469873
1.6007444444444445 2692.7462162162155
1.6047527777777777 2693.467650602409
1.6076444444444444 2693.7861746987946
1.6104361111111112 2693.924126506024
1.613225 2694.06219879518
1.6160055555555555 2694.3959939759034
1.6187972222222222 2694.5033933933933
1.6228944444444444 2694.9863253012045
1.6257222222222223 2695.110602409638
1.628511111111111 2695.124307228915
1.63130277775 2695.138042168674
1.6340833333333333 2695.3487650602406
1.6368722222222223 2695.4526126126125
1.6409888888888888 2691.916686746988
1.6437805555555556 2690.102138554217
1.6465694444444445 2688.1056325301206
1.649361111111111 2686.109186746988
1.6521388888888888 2686.209009009009
1.6549305555555556 2686.433153153154
1.6589888888888888 2686.301415662651
1.6618083333333333 2686.30015060241
1.6645972222222223 2686.1193373493984
1.6673888888888888 2685.9388855421694
1.6701777777777778 2686.040450450451
1.6729694444166667 2686.2687387387396
1.6770361111111112 2686.1392771084343
1.6798638888888888 2686.142710843374
1.6826527777777778 2685.963885542169
1.6854416666666667 2685.7860542168683
1.6882333333333333 2685.88927927928
1.6910222222222222 2686.1220720720726
1.6951166666666666 2686.0006325301206
1.6979277777777777 2686.0074096385547
1.7007166666666667 2685.8324698795186
1.7035083333333334 2685.6575602409644
1.7062972222222221 2685.7621321321326
1.7090888888888889 2685.9969969969975
1.713211111111111 2685.8784337349407
1.7160222222222221 2685.886174698796
1.718813888861111 2685.711957831326
1.7216027777777778 2685.5384036144587
1.7243944444444443 2685.642072072073
1.7271833333333333 2685.8743243243252
1.7313444444444444 2685.756927710844
1.7341333333333333 2685.7642771084343
1.736925 2685.5896987951814
1.7397138888888888 2685.4151204819286
1.7425055555555555 2685.5186486486496
1.7452916666666667 2685.7525225225236
1.749286111111111 2685.6351506024107
1.7521583333333333 2685.6437048192784
1.7549472222222222 2685.47246987952
1.7577361111111112 2685.3012650602423
1.7605277777777777 2685.4064264264275
1.7633166666388889 2685.610930930932
1.7673944444444445 2685.463554216869
1.7701833333333334 2685.443012048194
1.772975 2685.240903614459
1.775763888888889 2685.0388855421697
1.7785527777777779 2685.145795795797
1.7813444444444444 2685.3055555555566
1.7853777777777777 2685.2331626506034
1.7882111111111112 2685.167439759037
1.791 2684.917439759037
1.7937916666666667 2684.8346084337354
1.7965805555277778 2684.9407507507517
1.7993722222222222 2685.265945945947
1.803436111111111 2685.326144578314
1.806238888888889 2685.2268373493985
1.8090305555555555 2684.9452710843384
1.8118194444444444 2684.664096385544
1.8146111111111112 2684.769669669671
1.8174 2685.065285285287
1.8213416666666666 2685.1650450450466
1.8241555555555555 2685.098078078079
1.8269472222222223 2684.8489489489502
1.829736111111111 2684.5998798798814
1.8325277777777778 2684.5478678678696
1.8353166666666667 2684.8157057057074
1.8392777777777778 2684.885945945948
1.8421583333333333 2684.7895495495513
1.8449444444444445 2684.6632228915682
1.8477333333333332 2684.3543373493994
1.850525 2684.2127409638574
1.853313888888889 2684.421144578315
1.8573944444444443 2684.5981081081095
1.860211111111111 2684.4724624624637
1.8630027777777778 2684.316114457832
1.8657916666666667 2684.149909638555
1.8685833333333333 2683.983644578314
1.8713722221944444 2684.1639457831334
1.875375 2684.317867867869
1.8781944444444445 2684.1679879879894
1.880986111111111 2684.147500000002
1.883775 2683.9508433734954
1.8865666666666667 2683.7541566265077
1.8893555555555555 2683.8891566265074
1.893325 2683.999489489491
1.8961388888888888 2683.9687987988
1.8989277777777778 2683.901807228917
1.9017166666666667 2683.658855421688
1.9045083333055555 2683.5817469879526
1.9072972222222222 2683.8509036144587
1.911475 2684.095795795796
1.9142972222222223 2684.034834834835
1.917086111111111 2683.9371084337354
1.919875 2683.6633132530123
1.9226666666666667 2683.3906626506027
1.9254555555555555 2683.6315060240963
1.9294916666666666 2683.849159159159
1.9322833333333334 2683.7587687687687
1.9350722222222223 2683.6305120481925
1.9378638888888888 2683.329036144578
1.9406527777777778 2683.194036144578
1.9434416666666667 2683.4369879518067
1.9476333333333333 2683.658708708708
1.9504277777777779 2683.5401801801804
1.9532166666666666 2683.381626506024
1.9560083333333333 2683.246265060241
1.9587972222222223 2683.1112951807227
1.9615888888888888 2683.3523493975904
1.9655305555555556 2683.5717717717716
1.9684222222222223 2683.4519219219214
1.971211111111111 2683.292319277108
1.974 2683.153674698795
1.9767861111111111 2683.015
1.9795777777777779 2683.2575602409634
1.98375 2683.4764864864865
1.986536111111111 2683.354564564565
1.989325 2683.1943072289155
1.9921166666666668 2683.059186746988
1.9949055555555555 2682.9243975903614
1.9976972222222222 2683.169969879518
2.0018333333333334 2683.3934534534533
2.0046333333333335 2683.275525525525
2.0074222222222224 2683.1177409638553
2.010213888888889 2682.9845783132528
2.013002777777778 2682.8514156626507
2.0157944444444444 2683.0961445783137
2.0198 2683.318558558559
2.0226583333333332 2683.2025825825826
2.02545 2683.047680722892
2.0282388888888887 2682.9154819277114
2.0310305555555557 2682.783253012048
2.0338194444444446 2683.0275301204824
2.037788888888889 2683.2495795795803
2.0406416666666667 2683.133663663664
2.043433333333333 2682.978554216868
2.046222222222222 2682.8454216867467
2.0490138888888887 2682.7123192771082
2.0518027777777776 2682.958072289156
2.0560055555555556 2683.181141141141
2.0588055555555558 2683.063963963964
2.0615972222222223 2682.9074999999993
2.0643861111111113 2682.7755421686743
2.067177777777778 2682.643734939759
2.069961111111111 2682.887379518072
2.074136111111111 2683.1088288288283
2.076925 2682.9933933933926
2.079713888888889 2682.838403614457
2.0825055555555556 2682.6848640483377
2.0852944444444446 2682.5745180722884
2.088086111111111 2682.8168674698786
2.092111111111111 2683.0385285285283
2.094963888888889 2682.9210510510507
2.0977527777777776 2682.7630722891563
2.1005444444444445 2682.6286746987944
2.1033333333333335 2682.494759036144
2.106125 2682.7395180722883
2.110313888888889 2682.962942942942
2.113113888888889 2682.845135135134
2.115902777777778 2682.686325301204
2.1186944444444444 2682.5528313253003
2.1214833333333334 2682.419638554216
2.1242666666666667 2682.661445783132
2.1283222222222222 2682.8833633633626
2.131111111111111 2682.766186186185
2.1339027777777777 2682.6072891566255
2.1366833333333335 2682.4743975903602
2.1394722222222224 2682.341716867468
2.142261111111111 2682.5858132530107
2.1463305555555556 2682.8129729729717
2.1491194444444446 2682.6964564564555
2.151911111111111 2682.535692771083
2.1547 2682.402078313252
2.1574916666666666 2682.2690361445775
2.1602805555555555 2682.516867469879
2.1644722222222224 2682.7463363363354
2.1672944444444444 2682.6297597597586
2.1700833333333334 2682.469969879517
2.1728722222222223 2682.3406927710835
2.175663888888889 2682.2121385542164
2.178452777777778 2682.463253012047
2.1824805555555558 2682.6983483483473
2.1853611111111113 2682.5860960960954
2.188152777777778 2682.4281927710836
2.190941666666667 2682.3013855421677
2.1937305555555557 2682.1745783132524
2.1965222222222223 2682.4278313253003
2.200713888888889 2682.6645045045034
2.2035027777777776 2682.553933933933
2.2062833333333334 2682.398524096385
2.209075 2682.272228915662
2.211863888888889 2682.146656626505
2.2146555555555554 2682.3995783132523
2.218686111111111 2682.635585585584
2.221536111111111 2682.5257957957947
2.224327777777778 2682.371566265059
2.227116666666667 2682.2479819277096
2.2299055555555554 2682.12469879518
2.2326972222222223 2682.3792168674686
2.2367194444444443 2682.6177777777766
2.2395111111111112 2682.5101801801793
2.2423 2682.357379518071
2.2450888888888887 2682.2329819277097
2.2478777777777776 2682.1086144578303
2.2506694444444446 2682.3643674698783
2.2548472222222222 2682.602312312311
2.2576388888888888 2682.494474474473
2.2604277777777777 2682.342469879517
2.2632194444444442 2682.2207530120468
2.266008333333333 2682.0990662650593
2.2688 2682.354999999999
2.2728972222222223 2682.595255255254
2.275697222222222 2682.490180180179
2.278486111111111 2682.3396385542155
2.281277777777778 2682.217499999999
2.2840666666666665 2682.0962349397573
2.2868583333333334 2682.3542168674685
2.29075 2682.595855855854
2.293622222222222 2682.4911711711698
2.296413888888889 2682.3412650602395
2.29920277775 2682.2220180722875
2.3019861111111113 2682.1028012048178
2.304777777777778 2682.3629819277094
2.3088027777777778 2682.6068768768755
2.3116194444444442 2682.504234234233
2.314408333333333 2682.356626506023
2.317197222222222 2682.2377108433725
2.3199888888611113 2682.1193975903607
2.3227777777777776 2682.3804819277107
2.3269444444444445 2682.6250450450448
2.329736111111111 2682.5244444444443
2.332525 2682.3789156626503
2.3353166666666665 2682.2610240963854
2.3381055555555554 2682.1434337349397
2.3408972222222224 2682.4056325301203
2.3449694444444447 2682.535632530121
2.3477722222222224 2682.4044277108433
2.350563888888889 2682.425468277946
2.353352777777778 2682.277160120846
2.3561444444444444 2682.169698795181
2.3589333333333333 2682.430632530121
2.3633944444444444 2682.559879518072
2.3661777777777777 2682.4284939759036
2.3689694444444442 2682.449003021148
2.3717555555555556 2682.300906344411
2.374547222222222 2682.193704819277
2.377336111111111 2682.4546084337353
2.381516666638889 2682.584277108434
2.3843055555555557 2682.4534036144582
2.3870944444444446 2682.336475903615
2.389886111111111 2682.219879518073
2.3926749999722223 2682.3375075075082
2.3954666666666666 2682.627987987989
2.3995083333333334 2682.6121084337356
2.4023861111111113 2682.4823795180732
2.405177777777778 2682.505105740182
2.407966666666667 2682.3580664652577
2.4107583333333333 2682.2496987951813
2.4135472222222223 2682.5126204819285
2.4175694444444447 2682.6434036144583
2.4204583333333334 2682.511656626507
2.4232472222222223 2682.3946987951813
2.426038888888889 2682.387220543807
2.428827777777778 2682.2787650602413
2.4316194444444443 2682.54
2.4358222221944446 2682.671656626506
2.438658333333333 2682.5421084337354
2.4414472221944443 2682.423493975904
2.444238888888889 2682.305512048193
2.4470277777777776 2682.4220720720728
2.4498166666666665 2682.710510510511
2.453886111111111 2682.690361445784
2.456713888888889 2682.5571686747
2.4594972222222222 2682.438132530122
2.4622888888888887 2682.3190963855436
2.4650777777777777 2682.434714714716
2.4678694444444442 2682.723093093094
2.4718638888611113 2682.7033734939773
2.4746555555555556 2682.5707530120494
2.4774444444444446 2682.4523795180735
2.480236111111111 2682.334397590363
2.483025 2682.4504504504516
2.4858166666666666 2682.736846846848
2.489975 2682.7155421686757
2.4927972222222223 2682.582620481929
2.4955861111111113 2682.463825301206
2.498377777777778 2682.345000000001
2.5011666666666668 2682.4632432432445
2.5039583333333333 2682.753003003004
2.5079333333333333 2682.7321084337364
2.5107222222222223 2682.5985843373505
2.513513888888889 2682.6200604229616
2.5163027777777778 2682.4724169184306
2.519083333333333 2682.364698795182
2.521875 2682.626777108435
2.5259638888888887 2682.7571686746996
2.5287555555555556 2682.626265060242
2.5315444444444446 2682.648731117826
2.534336111111111 2682.5030815709983
2.537125 2682.3963253012066
2.5399083333333334 2682.6607228915677
2.543975 2682.795963855423
2.5467666666666666 2682.6675000000014
2.5495555555555556 2682.6928700906356
2.552347222222222 2682.5500906344428
2.555136111111111 2682.4432831325316
2.557925 2682.7064759036157
2.5618944444444445 2682.842048192772
2.564697222222222 2682.714457831326
2.5674805555555555 2682.738549848943
2.5702694444444445 2682.5963444108766
2.573061111111111 2682.492198795181
2.57585 2682.7585240963863
2.579938888888889 2682.8991566265063
2.582761111111111 2682.7734036144584
2.58555 2682.7967371601217
2.5883416666666665 2682.6556495468285
2.5911305555555555 2682.5534638554223
2.593922222222222 2682.822289156627
2.5980194444444447 2682.966837349398
2.60085 2682.8432530120485
2.6036361111111113 2682.8673716012086
2.606427777777778 2682.72580060423
2.6092055555555556 2682.6214759036147
2.6119944444444445 2682.890632530121
2.6160444444444444 2683.03343373494
2.6188666666666665 2682.907168674699
2.6216583333333334 2682.9304229607255
2.6244472222222224 2682.785921450151
2.6272361111111113 2682.6794277108434
2.630025 2682.9454216867475
2.6342166666666667 2683.0837951807234
2.637027777777778 2682.9562349397593
2.6398111111111113 2682.98157099698
2.642602777777778 2682.84075528701
2.645391666666667 2682.7359638554226
2.6481833333055556 2683.0037650602417
2.6522277777777776 2683.147500000001
2.6550694444444445 2683.0234337349407
2.6578583333333334 2683.049395770394
2.6606444444444444 2682.909818731119
2.6634333333333333 2682.8056024096395
2.6662222222222223 2683.072198795182
2.670413888888889 2683.2139457831336
2.6732694444444443 2683.0894578313264
2.6760611111111112 2683.113293051361
2.6788444444444446 2682.970422960727
2.681636111111111 2682.8651204819294
2.684425 2683.1325301204834
2.688536111111111 2683.2723795180736
2.691325 2683.145813253014
2.694113888888889 2683.1695468277967
2.6969055555555554 2683.0259516616334
2.6996944444444444 2682.9202108433756
2.702486111111111 2683.184939759038
2.7064305555555555 2683.321807228918
2.709288888888889 2683.193855421689
2.7120722221944447 2683.2180060422984
2.714863888888889 2683.076374622359
2.717652777777778 2682.9719578313275
2.7204361111111113 2683.237560240966
2.724641666638889 2683.377439759038
2.727461111111111 2683.2522289156645
2.73025 2683.276344410878
2.733041666666667 2683.1332628398814
2.735825 2683.027379518074
2.7386166666666667 2683.2935542168693
2.7426777777777778 2683.433915662652
2.7454666666666667 2683.30810240964
2.7482555555555557 2683.3327794561947
2.751047222222222 2683.193625377645
2.7538305555555556 2683.091867469881
2.7566166666666665 2683.3582530120493
2.7608083333333333 2683.5017469879535
2.763602777777778 2683.3788855421703
2.766391666666667 2683.402024169186
2.7691805555555558 2683.2619637462253
2.7719722222222223 2683.1609638554232
2.7747611111111112 2683.4295481927725
2.7786944444444446 2683.586404833838
2.781563888861111 2683.4521385542184
2.7843555555555555 2683.4754682779467
2.7871444444444444 2683.3372507552886
2.789936111111111 2683.2374397590374
2.792725 2683.5098493975916
2.7969166666666667 2683.661325301206
2.7997055555555557 2683.541295180724
2.802497222222222 2683.5667975830825
2.805286111111111 2683.2361933534753
2.8080777777777777 2682.9425903614465
2.8108666666666666 2683.021415662651
2.814991666666667 2682.7868373493984
2.817838888888889 2682.473674698796
2.8206277777777777 2682.496404833838
2.823411111111111 2682.5605438066477
2.8262 2682.6622891566276
2.8289916666666666 2683.1337951807236
2.8330194444444445 2683.4951057401818
2.835838888888889 2683.544531722055
2.8386305555555555 2683.792175226587
2.8414194444444445 2683.46577039275
2.8442083333333334 2683.173975903615
2.847 2683.256144578314
2.851036111111111 2683.2291842900313
2.853875 2682.8886706948647
2.856663888888889 2682.744592145016
2.859452777777778 2682.811903323264
2.8622444444444444 2682.914487951808
2.8650333333333333 2683.3859638554222
2.8691027777777776 2683.746283987916
2.8718916666666665 2683.795468277946
2.8746833333333335 2684.041268882176
2.8774722222222224 2683.7100604229618
2.880263888888889 2683.4167469879526
2.883052777777778 2683.493855421688
2.8870388888888887 2683.5709638554226
2.889858333333333 2683.256656626507
2.892638888888889 2682.9422590361455
2.895427777777778 2682.638704819278
2.8982194444444445 2682.335722891567
2.9010083333055556 2682.41201807229
2.9052 2682.3712084592153
2.9079916666666668 2682.0222960725077
2.910775 2681.8693655589127
2.9135666666666666 2681.5358912386705
2.916355555527778 2681.247469879518
2.919147222222222 2681.323403614458
2.9231777777777777 2681.39828313253
2.926058333333333 2680.930453172206
2.928847222222222 2680.7787915407857
2.9316333333055558 2680.4441993957703
2.934422222222222 2680.158614457831
2.937213888888889 2680.2309939759034
2.941177777777778 2680.302891566265
2.9440305555555555 2679.984186746988
2.9468194444444444 2679.665361445783
2.949611111111111 2679.3604216867466
2.9523972221944446 2679.055391566265
2.955188888888889 2679.1298192771083
2.9592916666666667 2679.203855421687
2.9620805555555556 2678.884608433735
2.964872222222222 2678.565271084338
2.967661111111111 2678.259608433735
2.97045277775 2677.9543975903616
2.9732416666666666 2678.0277108433743
2.9773416666666668 2678.101054216868
2.980166666666667 2677.782740963856
2.9829583333333334 2677.464457831326
2.9857472222222223 2677.1629216867477
2.9885361111111113 2676.8612349397595
2.991327777777778 2676.9367771084344
2.9955555555555557 2677.011987951808
2.9983444444444443 2676.6950602409643
3.0011361111111112 2676.3781024096393
3.0039249999722224 2677.6421385542176
3.0067166666666667 2678.9070180722897
3.0095055555555557 2680.5513554216873
3.013697222222222 2682.0792145015107
3.016486111111111 2683.3046223564957
3.019277777777778 2684.726163141994
3.0220666666666665 2684.5933534743203
3.0248583333333334 2684.4955120481927
3.0276444444444444 2684.7697289156627
3.0317194444444446 2684.936042296072
3.034511111111111 2684.7893051359515
3.0373 2684.8386404833836
3.0400916666666666 2684.5084290030213
3.0428805555555556 2684.213915662651
3.045672222222222 2684.2931626506024
3.049725 2684.2626283987915
3.052513888888889 2683.9185196374615
3.055302777777778 2683.7705135951655
3.058091666638889 2683.4410876132924
3.0608833333333334 2683.1511144578308
3.0636694444166666 2683.2303915662646
3.0680222221944446 2683.197703927492
3.070888888888889 2682.856102719033
3.0736805555555557 2682.7092749244707
3.0764694444444443 2682.3804229607244
3.0792611111111112 2682.093584337349
3.0820416666666666 2682.1725903614447
3.0862555555555558 2682.1345619335343
3.089125 2681.7911782477336
3.091913888888889 2681.6434138972804
3.0947055555555556 2681.315770392749
3.0974944444444446 2681.0341265060238
3.100286111111111 2681.1145783132533
3.1045583333333333 2681.073685800604
3.107349999972222 2680.7312386706944
3.110133333333333 2680.585317220543
3.112922222222222 2680.261963746223
3.1157138888888887 2679.9879819277107
3.1185027777777776 2680.0718975903605
3.122508333333333 2680.031873111782
3.125297222222222 2679.6945015105734
3.128086111111111 2679.552688821751
3.130875 2679.2284592145006
3.133661111111111 2678.95798192771
3.1364472221944446 2679.041716867469
3.1407583333333333 2678.996646525679
3.1435472222222223 2678.6576737160117
3.146333333333333 2678.5138670694855
3.149122222222222 2678.1902114803615
3.1519138888888887 2677.925030120481
3.1547027777777776 2678.011807228915
3.1589027777777776 2677.9652265861023
3.1616944444444446 2677.6274320241687
3.1644833333333335 2677.487039274924
3.167275 2677.1684592145007
3.170061111111111 2676.9099999999994
3.17285 2676.997289156626
3.177016666666667 2676.9475226586096
3.1798083333333333 2676.6129305135946
3.1825972222222223 2676.4738972809664
3.1853861111111113 2676.1540483383683
3.1881777777777778 2675.8998192771082
3.1909666666666667 2675.9893674698797
3.195025 2675.938731117825
3.1978333333333335 2675.604410876133
3.200622222222222 2675.4674320241697
3.203413888888889 2675.1483987915417
3.2062 2674.8971084337354
3.2089805555555557 2674.9879819277116
3.213127777777778 2674.936918429004
3.2159166666666668 2674.6045317220555
3.2187083333333333 2674.467764350454
3.2214972222222222 2674.1472809667684
3.224283333333333 2673.897981927712
3.2270666666666665 2673.9877710843384
3.2311555555555556 2673.9310271903337
3.233938888888889 2673.5956193353486
3.2367305555555554 2673.4572809667684
3.2395194444444444 2673.13658610272
3.242311111111111 2672.890030120483
3.2451 2672.9798192771095
3.2494055555555557 2672.9216012084603
3.2522611111111113 2672.5870392749257
3.25505 2672.4493655589135
3.2578388888888887 2672.1314501510587
3.2606305555555557 2671.889457831327
3.2634194444444447 2671.978192771086
3.267513888888889 2671.915468277947
3.2703833333055554 2671.5820543806662
3.273172222222222 2671.4446827794577
3.2759638888888887 2671.1267673716025
3.2787444444444445 2670.992537764352
3.2815333333333334 2670.9813554216885
3.2857 2670.9183383685818
3.288525 2670.5876435045334
3.291313888888889 2670.452537764352
3.2941055555555554 2670.133021148038
3.2968944444444443 2669.896626506026
3.2996833333333333 2669.9893674698815
3.303827777777778 2669.923564954685
3.3066194444444443 2669.588761329307
3.3094027777777777 2669.4515105740206
3.3121944444444447 2669.132416918431
3.314983333333333 2668.8992168674718
3.3177666666388888 2668.9910542168695
3.3220083333333332 2668.921057401815
3.324822222222222 2668.586827794564
3.327611111111111 2668.449637462238
3.3304027777777776 2668.1305438066493
3.3331916666666666 2667.9941389728124
3.3359833333333335 2668.0555589123896
3.3401666666666667 2667.920755287012
3.3429583333333333 2667.587764350456
3.345747222222222 2667.450996978855
3.348536111111111 2667.132990936559
3.3513277777777777 2666.9988217522687
3.3541166666666666 2667.059425981876
3.358325 2666.922598187314
3.361127777777778 2666.590513595169
3.363913888888889 2666.4557401812717
3.3666916666666666 2666.136706948643
3.369483333333333 2666.0000302114827
3.372272222222222 2666.0617522658636
3.376225 2665.9277039274953
3.3790805555555554 2665.595226586105
3.3818694444444444 2665.4583987915435
3.384661111111111 2665.1393655589154
3.38745 2665.0035347432054
3.390233333333333 2665.0648036253806
3.3941666666666666 2664.930211480365
3.397011111111111 2664.598217522662
3.3998 2664.462175226589
3.4025805555555557 2664.1437764350485
3.4053694444444442 2664.0080362537797
3.4081527777777776 2664.069154078553
3.4124055555555555 2663.932688821755
3.415188888888889 2663.5991842900335
3.417977777777778 2663.4632930513626
3.4207666666666667 2663.1457401812722
3.4235555555555557 2663.0116012084627
3.426347222222222 2663.072477341393
3.430275 2662.9368277945655
3.4331055555555556 2662.605196374626
3.435897222222222 2662.4700000000034
3.438686111111111 2662.1534138972847
3.441475 2662.021268882179
3.4442555555555554 2662.0850453172243
3.4484388888611113 2661.951570996982
3.4512194444444444 2661.6214199395804
3.4540083333333333 2661.4885196374657
3.4568 2665.8964954682815
3.459588888888889 2670.4864350453213
3.462375 2675.273685800608
3.4663333333333335 2679.8646223564997
3.4691638888888887 2684.258247734143
3.4719527777777777 2688.8480966767406
3.4747444444444446 2688.528700906348
3.477533333333333 2688.39054380665
3.480325 2688.451208459218
3.4846833333333334 2688.3163141993996
3.487461111111111 2687.9822054380697
3.4902527777777776 2687.843534743206
3.4930416666666666 2687.5248338368615
3.495825 2687.387643504535
3.498613888888889 2687.4475528700937
3.5026027777777777 2687.310271903327
3.505472222222222 2686.975830815713
3.508261111111111 2686.838610271906
3.5110527777777776 2686.839363636366
3.513836111111111 2686.674515151518
3.516625 2686.5096363636394
3.521047222222222 2686.3195468277972
3.5238555555277777 2685.989093655592
3.5266444444444445 2685.855075528704
3.529436111111111 2685.8519696969724
3.532225 2685.6862424242454
3.5350166666666665 2685.520545454549
3.5391666666666666 2685.3330513595192
3.541961111111111 2685.0031419939605
3.54475 2684.8682477341417
3.5475416666666666 2684.548489425985
3.550325 2684.411268882178
3.5531166666666665 2684.472024169187
3.557236111111111 2684.3370694864075
3.560088888888889 2684.004078549852
3.5628805555555556 2683.866797583084
3.5656694444444446 2683.8565454545483
3.5684611110833333 2683.687939393942
3.571241666666667 2683.519484848488
3.5753305555555555 2683.334441087616
3.5781194444444444 2682.999788519641
3.580911111111111 2682.862145015109
3.5837 2682.8460606060635
3.5864861111111113 2682.673909090912
3.589263888888889 2682.501575757579
3.5935361111111113 2682.3153776435074
3.5963194444444446 2681.977673716015
3.5991 2681.8361631419966
3.601888888888889 2683.0916314199426
3.604677777777778 2683.2281212121243
3.6074694444444444 2684.6418484848514
3.6119 2687.6029909365584
3.614691666666667 2688.842749244716
3.6174805555555554 2690.2826283987943
3.6202722222222223 2690.158670694867
3.6230611111111113 2690.2186404833865
3.625852777777778 2690.474078549852
3.630002777777778 2690.532356495471
3.6328638888888887 2690.395196374625
3.635647222222222 2690.4552567975857
3.638436111111111 2690.334622356498
3.641227777777778 2690.3952265861058
3.6440166666388887 2690.6506948640517
3.648338888888889 2690.709577039278
3.6511305555555555 2690.573564954686
3.6539194444444445 2690.6341993957735
3.656711111111111 2690.510181268885
3.6595 2690.5676435045348
3.662280555527778 2690.8229003021174
3.6666666666666665 2690.8816012084617
3.6694472222222223 2690.742507552873
3.6722333333333332 2690.8000000000025
3.675025 2690.6760120845943
3.677813888861111 2690.7357099697906
3.6806 2690.9902719033253
3.684813888888889 2691.046888217525
3.6876055555277776 2690.9086404833856
3.6903944444444443 2690.968308157102
3.6931805555555557 2690.845740181271
3.695963888888889 2690.905830815712
3.6987555555555556 2691.1627492447146
3.7028916666666665 2691.2233534743223
3.7056805555555554 2691.086918429005
3.7084722222222224 2691.1468882175245
3.7112527777777777 2691.026253776437
3.7140444444444443 2691.086767371603
3.716822222222222 2691.342447129911
3.7208972222222223 2691.402930513597
3.723763888888889 2691.268247734141
3.7265555555555556 2691.3287915407873
3.729336111111111 2691.2052567975848
3.732127777777778 2691.2651661631435
3.734916666666667 2691.5241691842916
3.7390805555555557 2691.5858308157117
3.7418805555555554 2691.448519637464
3.7446694444444444 2691.5084894259835
3.747461111111111 2691.3879758308176
3.7502388888888887 2691.4459818731134
3.7530277777777776 2691.699123867071
3.7572666666666668 2691.75734138973
3.7600444444444445 2691.6196978851976
3.7628222222222223 2691.676948640485
3.765613888861111 2691.549728096678
3.7684027777777778 2691.605015105741
3.7711916666666667 2691.859365558914
3.775386111111111 2691.917583081572
3.778225 2691.775861027191
3.781013888888889 2691.830362537765
3.7838055555555554 2691.701027190333
3.7865944444444444 2691.753625377644
3.7893833333333333 2692.0027492447134
3.7935944444444445 2692.0559818731117
3.7963833333333334 2691.9122960725076
3.799175 2691.964501510574
3.801961111111111 2691.8349244712986
3.804752777777778 2692.0826283987913
3.807541666666667 2692.527462235649
3.811847222222222 2692.7758006042295
3.814636111111111 2692.8269788519633
3.8174277777777776 2693.074712990936
3.820211111111111 2693.139607250755
3.8229972222222224 2692.9928398791535
3.8257861111111113 2693.041963746223
3.8300666666666667 2692.896132930513
3.8328583333333333 2692.5541087613287
3.835647222222222 2692.407039274924
3.838433333333333 2692.0774018126885
3.841222222222222 2692.3218429003014
3.844013888888889 2692.764078549848
3.8480916666666665 2693.0103323262833
3.8508833333333334 2693.058700906344
3.8536722222222224 2693.3030513595163
3.856463888888889 2693.364622356495
3.859252777777778 2693.214803625377
3.8620361111111112 2693.264803625377
3.866127777777778 2693.1180966767365
3.868975 2692.7716012084584
3.871761111111111 2692.6218126888207
3.8745416666666666 2692.2883685800593
3.8773305555555555 2692.531933534742
3.880122222222222 2692.972356495467
3.8843083333333333 2693.2165558912375
3.887122222222222 2693.2632024169175
3.889911111111111 2693.5060725075514
3.8927027777777776 2693.567250755286
3.8954916666666666 2693.814501510573
3.8982833333333335 2694.259818731117
3.9024194444444444 2694.507190332325
3.9052333333333333 2694.55589123867
3.908011111111111 2694.80256797583
3.9108027777777776 2694.8647734138967
3.913588888888889 2695.108217522658
3.916375 2695.55087613293
3.920488888888889 2695.7970392749244
3.923313888888889 2695.844018126888
3.9261 2696.0874320241687
3.9288916666666664 2696.148187311178
3.9316805555555554 2696.391873111782
3.9344638888888888 2696.832598187311
3.938661111111111 2697.078006042296
3.94145 2697.125981873112
3.9442305555555555 2697.369244712991
3.9470194444444444 2697.434018126888
3.949811111111111 2697.681782477341
3.9526 2698.1261933534743
3.956688888888889 2698.3729305135953
3.9594805555555554 2698.423081570997
3.9622694444444444 2698.6709365558913
3.9650527777777778 2698.7379758308157
3.9678416666666667 2698.98833836858
3.9706333333333332 2699.4349244712994
3.974597222222222 2699.6857099697886
3.977386111111111 2699.739788519638
3.9801777777777776 2699.989728096677
3.9829583333333334 2700.215878787879
3.9857472222222223 2700.434090909091
3.988538888888889 2700.652939393939
3.992897222222222 2700.9997583081567
3.995686111111111 2701.0509667673714
3.998475 2701.299516616314
4.0012638888888885 2701.3658912386704
4.00405 2700.0429607250753
4.006841666666666 2698.916586102718
4.011413888888889 2696.0953636363633
4.0142 2694.737181818181
4.016991666666667 2693.378909090908
4.019780555555555 2693.24093655589
4.022569444444445 2693.288549848942
4.025361111111111 2693.5338066465247
4.029522222222222 2693.4525454545446
4.032311111111111 2693.4696666666664
4.035097222222222 2693.4867878787877
4.037886111111111 2693.3494864048334
4.040677777777778 2693.595407854984
4.043466666666666 2694.0387915407846
4.047469444444444 2694.2850453172196
4.050311111111111 2694.3337160120836
4.0530944444444446 2694.5795468277943
4.0558861111111115 2694.64087613293
4.058675 2694.8843504531715
4.061466666666667 2695.3256193353463
4.0657861111111115 2695.6422121212117
4.068666666666667 2695.8553030303024
4.071458333333333 2696.0684545454537
4.074247222222223 2695.9197583081564
4.077038888888889 2696.161570996978
4.079827777777778 2696.601510574017
4.083811111111111 2696.92006060606
4.086666666666667 2697.1321515151512
4.089455555555555 2697.344363636363
4.092247222222222 2697.1927492447126
4.095033333333333 2697.432688821752
4.097819444444444 2697.8687009063437
4.101886111111111 2698.1088519637456
4.104705555555555 2698.3960909090906
4.107494444444445 2698.606424242424
4.110286111111111 2698.4525377643504
4.113075 2698.6902416918424
4.115866666666666 2699.124441087613
4.120008333333334 2699.36335347432
4.122797222222222 2699.4056495468276
4.125588888888889 2699.6432326283984
4.128377777777778 2699.697854984894
4.131169444444445 2699.9353172205438
4.133958333333333 2700.3695468277942
4.13805 2700.6065558912383
4.140944444444444 2700.6460725075526
4.143730555555556 2700.8828700906342
4.146519444444444 2700.93749244713
4.149311111111111 2701.1719637462234
4.1521 2701.6032628398793
4.156102777777778 2701.838096676737
4.158913888888889 2701.8760422960722
4.161705555555556 2702.1104833836857
4.164494444444444 2702.162567975831
4.167283333333334 2702.393806646526
4.170075 2702.8219335347435
4.174097222222223 2703.054531722055
4.176952777777778 2703.0903927492454
4.179741666666667 2703.321782477342
4.182533333333334 2703.539363636364
4.185322222222222 2703.7408787878794
4.188111111111111 2703.942393939394
4.192258333333333 2704.263957703928
4.195061111111111 2704.298912386708
4.197852777777777 2704.530271903324
4.200641666666667 2704.750393939395
4.203433333333333 2704.9525151515163
4.206222222222222 2705.155212121213
4.210344444444444 2705.4727794561945
4.2132 2705.5085196374635
4.215988888888889 2705.740966767373
4.2187777777777775 2705.9649393939408
4.2215694444444445 2706.1709090909103
4.224358333333333 2706.3771515151525
4.228513888888889 2706.693172205439
4.231330555555555 2706.731389728098
4.2341194444444445 2706.967341389729
4.2369111111111115 2707.1959696969707
4.2397 2707.400393939395
4.2424888888888885 2707.6047575757584
4.2466944444444445 2707.922356495469
4.2494861111111115 2707.9591238670705
4.252277777777778 2708.193353474321
4.255066666666667 2708.426030303031
4.257858333333333 2708.628060606061
4.260641666666666 2708.8302121212128
4.264852777777778 2709.1472809667675
4.267697222222222 2709.1832628398797
4.270486111111111 2709.415287009064
4.2732777777777775 2709.650121212121
4.276063888888889 2709.849757575758
4.278855555555555 2710.05
4.282847222222222 2710.352658610272
4.285730555555555 2710.386858006043
4.288519444444445 2710.616858006043
4.291308333333333 2710.853272727273
4.2941 2711.0574545454547
4.296888888888889 2711.2616060606065
4.301094444444445 2711.5596676737164
4.303933333333333 2711.593746223565
4.306719444444444 2711.827643504532
4.3095083333333335 2712.070121212121
4.3123 2712.271575757576
4.315088888888889 2712.4730606060607
4.319091666666667 2712.771570996979
4.321947222222223 2712.804441087613
4.324736111111111 2713.0356495468277
4.327527777777778 2713.2816666666663
4.330311111111111 2713.4847878787873
4.3331 2713.6879090909083
4.337291666666666 2713.97842900302
4.340083333333333 2714.0131419939567
4.342872222222222 2714.2460120845913
4.345661111111111 2714.4956060606046
4.348447222222222 2714.698999999999
4.3512361111111115 2714.9025757575746
4.3556027777777775 2715.194954682778
4.3583944444444445 2715.2330211480353
4.361183333333333 2715.4663444108746
4.363975 2715.718878787877
4.3667638888888884 2715.9263636363626
4.369555555555555 2716.133969696969
4.373622222222222 2716.4269184290024
4.376413888888889 2716.4658912386703
4.3792027777777776 2716.703323262839
4.3819944444444445 2716.961363636363
4.384783333333333 2717.1682727272723
4.387572222222222 2717.3757575757572
4.391925 2717.666827794562
4.394763888888889 2717.7066465256794
4.397547222222222 2717.9438670694863
4.400336111111111 2718.2055454545452
4.403127777777778 2718.4153030303023
4.405916666666666 2718.6250606060603
4.41005 2718.9135347432016
4.412905555555556 2718.9560120845917
4.415694444444444 2719.195558912386
4.418475 2719.461272727272
4.421263888888889 2719.6707575757573
4.424055555555555 2719.8801212121207
4.428208333333333 2720.1670392749243
4.431 2720.210090634441
4.433788888888889 2720.4492145015106
4.4365805555555555 2720.71803030303
4.439369444444444 2720.9281818181817
4.442161111111111 2721.1383030303027
4.4466 2721.4245619335347
4.449430555555556 2721.467854984894
4.452222222222222 2721.707824773414
4.455011111111111 2721.979878787879
4.457802777777777 2717.454303030303
4.460591666666667 2712.928757575758
4.464833333333333 2708.5196978851964
4.467644444444445 2703.84081570997
4.470433333333333 2699.359244712991
4.473222222222223 2694.8263939393937
4.476013888888889 2695.0404242424243
4.478802777777778 2695.255090909091
4.4829638888888885 2695.680363636364
4.4858 2695.895090909091
4.488586111111111 2696.109818181818
4.491375 2696.109818181818
4.494163888888889 2696.3223636363637
4.496955555555555 2696.5350606060606
4.501147222222222 2696.898761329305
4.503977777777778 2696.9440483383687
4.506766666666667 2697.186495468278
4.509555555555556 2697.386696969697
4.512347222222222 2697.5961515151516
4.515127777777778 2697.8056363636365
4.519294444444444 2698.1639274924473
4.522083333333334 2698.205740181269
4.524872222222222 2698.4448640483383
4.527663888888889 2698.6447575757575
4.530452777777778 2698.854848484849
4.533244444444445 2699.0652121212124
4.537541666666667 2699.4186404833845
4.540330555555555 2699.4620241691855
4.543119444444445 2699.7021752265873
4.545908333333333 2699.9056969696976
4.548691666666667 2700.117303030304
4.551480555555556 2700.328575757577
4.555555555555555 2700.6800604229616
4.558416666666667 2700.7230815709977
4.5612055555555555 2700.9641389728104
4.563994444444444 2701.1737878787885
4.566783333305556 2701.384030303031
4.569572222222222 2701.5942727272736
4.573680555555556 2701.9390634441097
4.5765416666666665 2701.981782477342
4.579325 2702.221722054381
4.582113888888889 2702.4326969696976
4.584905555555555 2702.645303030304
4.587694444444445 2702.8572121212137
4.5917972222222225 2703.202084592146
4.594586111083333 2703.246223564956
4.597369444444444 2703.487885196376
4.600158333333333 2703.7044545454564
4.60295 2702.330030303032
4.605738888888889 2700.9560909090924
4.610016666666667 2699.7292749244725
4.612872222222222 2698.1938368580068
4.61565 2696.854380664654
4.618438888888889 2695.4666666666676
4.621230555555556 2695.478727272728
4.6240194444444445 2695.491787878789
4.628147222222222 2695.6594864048348
4.6309749999722225 2695.5074018126893
4.633763888888889 2695.5507250755295
4.636555555555556 2695.545030303031
4.639344444444444 2695.554000000001
4.642133333333334 2695.5618484848496
4.646277777777778 2695.72903323263
4.649066666666666 2695.57235649547
4.651855555555556 2695.610543806648
4.654647222222223 2695.463534743203
4.657436111111111 2695.5022356495474
4.660227777777778 2695.7379758308166
4.664330555555556 2695.775861027191
4.667211111111111 2695.6164652567977
4.67 2695.6548640483393
4.672788888888889 2695.5117522658616
4.675580555555555 2695.5505135951666
4.678369444444445 2695.785468277946
4.682644444444445 2695.6846969696976
4.685436111111111 2695.6924242424247
4.688225 2695.7001818181825
4.691016666666667 2695.560483383686
4.693805555555556 2695.705787878788
4.6965972222222225 2695.71193939394
4.700725 2695.7310909090916
4.703566666666666 2695.7371818181823
4.706352777777778 2695.7432727272735
4.709141666666667 2695.7432727272735
4.711930555555556 2695.7468787878793
4.714722222222222 2695.749848484849
4.7188083333333335 2695.7616060606065
4.721702777777778 2695.764545454546
4.724480555555555 2695.7674848484858
4.727272222222222 2695.6261329305144
4.7300611111111115 2695.660664652569
4.732852777777778 2695.8923262839885
4.737019444444444 2695.7800606060614
4.739808333333333 2695.7839393939403
4.7426 2695.7877575757584
4.745388888888889 2695.6452265861035
4.748180555555556 2695.67737160121
4.750969444444444 2695.9072507552883
4.755475 2695.79790909091
4.758263888888889 2695.799696969698
4.761055555555555 2695.8014545454553
4.7638444444444445 2695.659697885197
4.7666361111111115 2695.6943202416933
4.769425 2695.9252870090645
4.7734805555555555 2695.8108484848494
4.776375 2695.814575757577
4.779163888888889 2695.8183030303044
4.781952777777778 2695.676918429004
4.784744444444445 2695.713172205439
4.787533333333333 2695.9468580060434
4.791725 2695.8420606060618
4.794516666638889 2695.8468787878796
4.797305555555556 2695.851696969698
4.800097222222222 2695.709848942599
4.802886111111111 2695.7451963746234
4.805672222194445 2695.976706948641
4.809858333333334 2695.8685757575768
4.81265 2695.8730303030316
4.815430555555555 2695.8774545454557
4.818219444444445 2695.7364048338377
4.821011111111111 2695.7722658610282
4.8238 2696.004501510575
4.8280111111111115 2695.8994242424255
4.8308 2695.9043333333348
4.833586111111111 2695.9092424242435
4.836377777777778 2695.7669788519647
4.839166666666666 2695.8021752265877
4.841958333333333 2696.033625377645
4.84615 2695.9250000000015
4.8489555555555555 2695.929969696971
4.851744444444445 2695.9349090909104
4.854533333333333 2695.792024169186
4.857325 2695.8276737160136
4.860113888888889 2696.0621148036266
4.864405555555556 2695.9531212121224
4.867258333333333 2695.9584242424253
4.87005 2695.963757575759
4.8728388888888885 2695.82238670695
4.87562777775 2695.8604229607263
4.878419444444445 2696.0953776435053
4.882522222222223 2695.9933333333342
4.885388888888889 2696.00096969697
4.8881805555555555 2696.008575757576
4.890969444444444 2695.866163141994
4.893761111111111 2695.904078549849
4.89655 2696.1381873111786
4.900752777777778 2696.0323333333336
4.903566666666666 2696.039424242424
4.90635 2696.046515151515
4.909138888888889 2695.9032024169182
4.911930555555555 2695.9423262839878
4.914719444444445 2696.178066465256
4.918811111111111 2696.0749393939395
4.921625 2696.0831515151513
4.924416666666667 2696.0913636363634
4.927205555555555 2695.9497583081566
4.929994444444445 2695.990362537764
4.9327861111111115 2696.229123867069
4.937069444444444 2696.133181818181
4.9398583333333335 2696.143303030302
4.942647222222222 2696.153393939393
4.945438888888889 2696.0122054380654
4.9482277777777774 2696.0492145015096
4.951019444416667 2696.2829305135942
4.955338888888889 2696.179999999999
4.958130555555556 2696.1862424242413
4.960916666666667 2696.192424242423
4.963708333333333 2696.049123867068
4.966488888888889 2696.082719033231
4.969280555555556 2696.3131722054372
4.973286111111111 2696.2054242424233
4.976136111111111 2696.2083636363623
4.978922222222222 2696.211272727271
4.981713888861111 2696.0675830815694
4.984502777777778 2696.1012990936542
4.987291666666667 2696.331540785497
4.991483333333333 2696.222545454544
4.994286111111111 2696.2254848484836
4.997077777777778 2696.2283939393924
4.999866666666667 2696.08178247734
5.002655555555555 2696.1116012084576
5.005444444444445 2696.3416918428984
5.0097861111111115 2696.2315757575743
5.012575 2696.2306060606043
5.015358333333333 2696.229757575756
5.01815 2696.08178247734
5.020938888888889 2696.1114199395756
5.02372777775 2696.3380060422946
5.027894444416667 2696.2243939393925
5.030711111111111 2696.2236666666654
5.033502777777778 2696.222939393938
5.036291666666667 2696.074712990935
5.039080555555556 2696.1032628398775
5.0418722222222225 2696.329123867068
5.0459749999722225 2696.2145757575745
5.048786111111111 2696.2128787878773
5.051574999972222 2696.211060606059
5.054366666666667 2696.063383685799
5.057155555527777 2696.094108761328
5.059944444444445 2696.321238670693
5.06405 2696.2076666666653
5.0669305555555555 2696.207333333332
5.069719444444444 2696.206999999999
5.072511111111111 2696.059123867068
5.0753 2696.0907854984885
5.0780916666666664 2696.3191540785488
5.082269444416666 2696.2086060606057
5.085061111111111 2696.209242424242
5.087849999972223 2696.2098787878786
5.0906416666666665 2696.062205438066
5.093430555555556 2696.09419939577
5.096219444444444 2696.323685800603
5.100349999972222 2696.218333333333
5.103213888888889 2696.220121212121
5.106005555555556 2696.2218787878783
5.108794444444444 2696.0735649546823
5.111586111111111 2696.102265861027
5.114375 2696.3293655589123
5.118447222222223 2696.2184242424237
5.121327777777778 2696.2162121212123
5.124116666666667 2696.2139999999995
5.126908333333334 2696.0638368580057
5.129697222222222 2696.091812688821
5.1324861111111115 2696.316555891238
5.136630555555556 2696.2017878787874
5.139419444444444 2696.198939393939
5.1422083333333335 2696.1960909090903
5.145 2696.04586102719
5.147788888888889 2696.072628398791
5.150580555555556 2696.296978851963
5.154477777777778 2696.3245015105736
5.157369444444444 2696.1543806646523
5.160158333333333 2696.1811480362535
5.162944444444444 2696.023776435045
5.165733333333334 2696.049305135951
5.168525 2696.2703323262836
5.172727777777777 2696.294622356495
5.1755555555555555 2696.122416918428
5.178344444444445 2696.146948640482
5.181136111111111 2695.9871601208447
5.183925 2696.00839879154
5.186716666666666 2696.227945619335
5.1909833333333335 2696.2503021148027
5.193838888888889 2696.097696969696
5.196627777777778 2696.088545454544
5.199411111111111 2695.933746223564
5.202202777777778 2695.9541389728083
5.2049916666666665 2696.1726586102704
5.209155555555555 2696.0513939393923
5.21195 2696.0408181818166
5.214738888888889 2696.030242424241
5.217530555555555 2695.877129909364
5.220319444444445 2695.896706948639
5.223108333333333 2696.11096676737
5.227216666666667 2696.1305135951648
5.230022222222222 2695.954229607249
5.232811111111111 2695.9726586102706
5.2356 2695.8084592145
5.238391666666667 2695.8284290030197
5.241172222222223 2696.0457401812673
5.245294444444444 2696.063957703926
5.248155555555556 2695.884712990935
5.250947222222222 2695.904592145014
5.253736111111111 2695.741208459213
5.2565277777777775 2695.7612990936545
5.2593083333055555 2695.9800906344403
5.263474999972222 2695.997492447129
5.266263888888889 2695.816042296071
5.269055555555555 2695.8359818731105
5.2718444444444446 2695.6731419939565
5.2746361111111115 2695.694350453171
5.277425 2695.9117220543794
5.281758333333333 2695.932205438065
5.28455 2695.755347432023
5.287338888861111 2695.775438066464
5.290130555555556 2695.6122054380658
5.292911111111111 2695.630302114803
5.2957 2695.8450151057395
5.299813888888889 2695.863957703927
5.302669444444445 2695.6863141993954
5.305458333333333 2695.704410876133
5.30825 2695.5398187311175
5.3110333333333335 2695.560453172205
5.313822222194444 2695.778429003021
5.318013888888889 2695.796767371601
5.320805555555555 2695.6177945619334
5.323594444444445 2695.6385196374617
5.326383333333333 2695.477311178248
5.329175 2695.496555891238
5.331963888888889 2695.7129909365553
5.335955555555556 2695.733716012084
5.3388 2695.557280966767
5.3415888888888885 2695.5765861027185
5.3443805555555555 2695.413776435045
5.347169444444445 2695.4325981873108
5.349961111111111 2695.6485800604223
5.354186111111111 2695.66836858006
5.3570472222222225 2695.490725075528
5.359838888861111 2695.5092447129905
5.362627777777778 2695.3463444108756
5.365419444416666 2695.3638972809663
5.3682083333333335 2695.5776132930514
5.372447222222222 2695.5945921450148
5.375238888888889 2695.414592145015
5.378019444444444 2695.431359516616
5.380808333333333 2695.266465256797
5.3836 2695.284592145015
5.386388888888889 2695.4986404833835
5.3904555555555556 2695.515347432024
5.39335 2695.3352870090634
5.396133333333333 2695.3525377643505
5.398922222222223 2695.189758308157
5.401713888861111 2695.2070694864046
5.404502777777778 2695.4193051359516
5.408527777777778 2695.4361329305134
5.411413888888889 2695.257703927492
5.414202777777778 2695.274743202416
5.416994444444445 2695.1091540785496
5.419783333333333 2695.1255891238666
5.422575 2695.3396374622353
5.426925 2695.3574924471295
5.429777777777778 2695.1775226586096
5.432561111111111 2695.193716012084
5.435349999972222 2695.0264954682775
5.438133333333333 2695.0407854984887
5.440919444444445 2695.2538670694858
5.445102777777778 2695.2699697885187
5.447891666666667 2695.0872809667662
5.450683333333333 2695.1015709969784
5.4534722222222225 2694.9330211480356
5.456263888888889 2694.9458610271895
5.459047222222222 2695.1557099697875
5.4630527777777775 2695.1683383685795
5.465855555555556 2694.983927492446
5.4686361111111115 2694.9968580060413
5.471427777777778 2694.8272205438057
5.474216666666667 2694.8418731117813
5.477008333333333 2695.052296072506
5.481138888888889 2695.0655589123853
5.483991666666666 2694.8822658610256
5.486783333305556 2694.896163141993
5.489572222222222 2694.726404833836
5.492361111111111 2694.73927492447
5.495152777777778 2694.9492447129896
5.499330555555556 2694.96175226586
5.502122222222222 2694.777009063443
5.504911111111111 2694.789788519636
5.5077 2694.6208157099686
5.510491666666667 2694.6330815709953
5.513280555555555 2694.842296072506
5.517311111111111 2694.853534743201
5.520166666666666 2694.667824773412
5.522955555555556 2694.6801510574
5.525747222222222 2694.507794561932
5.528536111111111 2694.516616314197
5.531327777777777 2694.723987915406
5.535430555555555 2694.7352265861005
5.5383 2694.547613293049
5.541088888861111 2694.5561329305115
5.543880555555556 2694.3842900302097
5.546669444416667 2694.3961329305116
5.549447222194445 2694.6047129909343
5.553602777777778 2694.6153776435017
5.556391666638889 2694.4289425981847
5.559183333333333 2694.440483383683
5.561972222222222 2694.2723262839854
5.564763888888889 2694.2857703927466
5.567552777777777 2694.4954380664626
5.571741666666667 2694.5091540785475
5.574536111111111 2694.325619335345
5.577327777777778 2694.3380664652545
5.580116666638889 2694.1680664652545
5.582908333333333 2694.181148036251
5.585697222194445 2694.389969788517
5.589916666666666 2694.401450151055
5.592811111111111 2694.217190332324
5.59560277775 2694.2301812688797
5.598391666666667 2694.059607250753
5.601180555555556 2694.0738670694836
5.603972222222223 2694.2857099697862
5.608163888888889 2694.2983987915386
5.6109527777777775 2694.1125075528676
5.613744444444444 2694.125800604227
5.616533333333333 2693.9553474320214
5.619325 2693.9668277945593
5.622113888888889 2694.175045317218
5.626125 2694.187311178245
5.628988888888889 2694.001722054378
5.631772222222223 2694.012114803623
5.634563888888889 2693.842326283986
5.63735 2693.8573111782457
5.640141666638889 2694.06933534743
5.644283333305555 2694.0818429002998
5.6470722222222225 2693.8972809667653
5.649863888861111 2693.912235649544
5.652652777777778 2693.7460725075503
5.655444444444444 2693.7657703927466
5.6582333333333334 2693.9808157099674
5.662158333333333 2693.9985800604204
5.664991666666666 2693.8198187311154
5.667780555527778 2693.8382477341365
5.670569444444444 2693.6709969788494
5.673361111111111 2693.6852870090606
5.67615 2693.8987009063417
5.680225 2693.915135951659
5.683016666666667 2693.73190332326
5.685805555555556 2693.7456193353446
5.6885972222222225 2693.5761631419914
5.691386111111111 2693.59105740181
5.694177777777778 2693.8023867069464
5.6984 2693.8132326283962
5.701255555555556 2693.6270392749216
5.7040444444444445 2693.6412990936533
5.706825 2693.478187311176
5.709616666666666 2693.498247734137
5.712405555555556 2693.7135347432
5.716544444444445 2693.730725075526
5.719363888888889 2693.5526586102696
5.722152777777778 2693.57268882175
5.724930555555556 2693.409274924469
5.727722222222222 2693.4291842900275
5.730511111111111 2693.6462839879127
5.734666666666667 2693.6659516616282
5.737455555555556 2693.4881268882145
5.7402388888888884 2693.50776435045
5.743027777777778 2693.151570996976
5.745819444444445 2692.9796978851937
5.748608333333333 2693.003323262837
5.752833333333333 2692.829184290027
5.755688888888889 2692.458731117822
5.758466666666667 2692.2860422960694
5.761258333333333 2691.930090634438
5.7640472222222225 2691.7568580060392
5.766838888888889 2691.780725075526
5.770963888888889 2691.6076435045284
5.773833333333333 2691.2373716012053
5.776625 2691.064018126885
5.779413888888889 2690.7086404833803
5.782205555555556 2690.534864048335
5.784994444444444 2690.557854984891
5.789005555527778 2690.3824169184254
5.791869444444444 2690.0102114803585
5.794661111111111 2689.8365256797547
5.79745 2689.480694864045
5.8002416666666665 2689.3070996978813
5.803030555555556 2689.3301208459175
5.807163888888889 2689.156465256794
5.810019444444444 2688.7853172205396
5.812808333333333 2688.6109667673672
5.815597222222222 2688.2531419939537
5.818388888888889 2688.0771299093617
5.821177777777778 2688.0998489425942
5.825369444444444 2687.9254984894224
5.828175 2687.5523867069455
5.830966666666667 2687.376374622353
5.833755555555555 2687.0170090634406
5.836547222222222 2686.840755287006
5.839336111111111 2686.861208459211
5.843536111111111 2686.6854078549813
5.846386111111111 2686.312296072504
5.849166666666667 2686.1354078549816
5.851958333333333 2685.7789123867037
5.8547472222222225 2685.6056193353443
5.857538888888889 2685.627613293048
5.861758333333333 2685.450755287006
5.864547222222222 2685.07776435045
5.867327777777778 2684.9036253776403
5.870116666638889 2686.124290030208
5.872908333333333 2687.5266767371572
5.875697222194445 2689.126223564952
5.879877777777778 2690.5288519637434
5.882666666666666 2691.734290030209
5.885455555555556 2693.1366465256774
5.888244444444444 2692.7817220543784
5.891033333333334 2692.6095468277927
5.893825 2692.631148036252
5.898005555555556 2692.45601208459
5.900794444444444 2692.0860422960704
5.903586111111111 2691.912839879152
5.906375 2691.557885196373
5.9091555555555555 2691.3867673715995
5.911944444444444 2691.410634441086
5.916136111111111 2691.2371601208447
5.918927777777777 2690.867552870089
5.921716666666667 2690.695287009062
5.924508333333334 2690.3382477341374
5.927297222222222 2690.1633232628383
5.930086111111111 2690.1859516616296
5.934291666666667 2690.010453172204
5.9371527777777775 2689.6367069486387
5.939941666666667 2689.4612386706935
5.942730555555555 2689.106435045316
5.945522222222222 2688.933595166162
5.948311111083333 2688.957703927491
5.952408333305556 2688.7846525679743
5.955269444444444 2688.4146827794552
5.958058333305556 2688.2418731117814
5.96085 2687.886525679757
5.963638888888889 2687.715407854984
5.966427777777778 2687.7408459214494
5.970502777777778 2687.569214501509
5.973325 2687.2007552870077
5.976102777777778 2687.0294864048324
5.978891666638889 2686.6751057401802
5.981683333333334 2686.503172205437
5.984472222222222 2686.5287915407844
5.988508333333334 2686.357371601207
5.9913388888888885 2685.9876737160102
5.994127777777778 2685.8150453172198
5.9969166666666665 2685.4625075528693
5.999708333333333 2685.2962537764342
6.002497222222222 2685.3274018126876
6.006688888888889 2685.1578549848937
6.009480555555555 2684.7907250755275
6.012272222222222 2684.6243504531712
6.015061111111111 2684.276163141993
6.017852777777778 2684.111450151057
6.020641666666666 2684.1422054380655
6.024733333333334 2683.9760120845917
6.027525 2683.6136555891235
6.030313888888889 2683.4482477341385
6.033105555555555 2683.100513595166
6.035894444444445 2682.935800604229
6.038683333305555 2682.9676132930513
6.043011111111111 2682.8021148036255
6.045802777777777 2682.439244712991
6.048583333333333 2682.273685800604
6.051375 2681.924531722055
6.054163888888889 2681.7583383685806
6.056955555555556 2681.7895166163144
6.061361111111111 2681.6234441087613
6.064141666666667 2681.259909365559
6.0669305555555555 2681.0934138972816
6.0697222222222225 2680.741389728097
6.072511111111111 2680.5727190332336
6.075302777777778 2680.601933534744
6.079311111111111 2680.433655589125
6.082194444444444 2680.06740181269
6.084983333333334 2679.898610271905
6.0877638888888885 2679.5463141993973
6.09055 2679.376132930515
6.093341666666666 2679.402326283989
6.097505555555555 2679.2309063444122
6.100316666666667 2678.8619033232644
6.1031 2678.690362537766
6.105888888888889 2678.337129909367
6.108672222222222 2678.168429003023
6.111461111083333 2678.1968882175242
6.115536111111111 2678.026253776436
6.118316666666667 2677.658489425983
6.121108333333333 2677.4897885196388
6.123897222222222 2677.140000000001
6.126677777777778 2676.9747432024183
6.129466666666667 2677.005891238672
6.1338027777777775 2676.8397583081583
6.1365944444444445 2676.476435045319
6.139383333333333 2676.3102114803646
6.142175 2675.961873111785
6.144961111111111 2675.79649546828
6.14775 2675.8282779456217
6.151958333333333 2675.6624471299115
6.154811111111111 2675.2994259818756
6.157588888888889 2675.1340181268906
6.160377777777778 2674.7851661631444
6.163163888888889 2674.6207250755306
6.165947222222222 2674.6540483383706
6.170022222222222 2674.4909063444134
6.172811111111111 2674.129486404837
6.175591666666667 2673.9645619335374
6.178375 2673.6170996978876
6.181166666666667 2673.4542296072536
6.183955555555555 2673.4883987915437
6.188027777777778 2673.324259818734
6.190816666666667 2672.9630815709997
6.193605555555555 2672.800211480365
6.1963944444444445 2672.455468277948
6.1991861111111115 2672.2938066465276
6.201975 2672.3276435045336
6.2064111111111115 2672.1628096676754
6.209202777777778 2671.8017824773433
6.211994444444445 2671.639456193355
6.214783333333333 2671.2950453172225
6.217572222194445 2671.131812688823
6.220363888888889 2671.164290030213
6.224430555555555 2671.0009365558926
6.227241666666667 2670.6416616314214
6.230033333333333 2670.478096676738
6.2328222222222225 2670.1326888217536
6.23560277775 2669.970936555892
6.238391666666667 2670.0064048338377
6.242797222222222 2669.8445317220553
6.2456805555555555 2669.4853172205444
6.248472222222222 2669.323564954683
6.251261111111111 2668.9808761329314
6.25405 2668.8220241691847
6.256838888888889 2668.858700906345
6.260905555527778 2668.6966465256805
6.263763888888889 2668.3383685800613
6.266541666666667 2668.178912386708
6.269333333333333 2667.8364652567984
6.272122222222222 2667.6767975830826
6.2749138888888885 2667.714984894261
6.279061111111111 2667.555861027192
6.281847222222222 2667.1979154078563
6.284633333333334 2667.0372809667683
6.287425 2666.6919637462242
6.290213888888889 2666.5306948640496
6.293005555555555 2666.568157099699
6.2971916666666665 2666.4090332326296
6.299972222222222 2666.0503625377655
6.302763888888889 2665.8881268882187
6.305552777777778 2665.544441087615
6.308333333333334 2665.383776435047
6.311125 2665.4186706948653
6.315316666666667 2665.2561027190345
6.318108333333333 2664.897280966769
6.320897222222222 2664.7357401812706
6.323686111111111 2664.390181268884
6.326477777777778 2664.226586102721
6.329266666666666 2664.2599697885216
6.333341666666667 2664.096102719035
6.336122222222222 2663.7350755287025
6.338911111111111 2663.571208459216
6.341702777777778 2663.2278247734153
6.344491666638889 2663.0670090634458
6.347283333333333 2663.101389728098
6.351586111111111 2662.9384290030225
6.354375 2662.5795770392765
6.357163888888889 2662.4180966767385
6.35995 2662.0715105740196
6.362738888888889 2661.906374622358
6.365530555555556 2661.9400302114814
6.369705555555556 2661.776797583083
6.372536111111111 2661.4147734138987
6.375324999972222 2661.2496676737173
6.378113888888889 2660.9025679758324
6.380905555527778 2660.7373716012103
6.383686111111111 2660.770181268884
6.387769444444444 2660.6061933534756
6.39055 2660.2442296072522
6.393341666666666 2660.07903323263
6.396130555555556 2659.7340181268896
6.398919444444444 2659.5689728096695
6.401711111111111 2659.5996676737177
6.4058166666666665 2659.435196374624
6.4086 2659.0749848942614
6.411386111111111 2658.910060422962
6.414177777777778 2658.5632930513607
6.4169583333333335 2658.3991238670706
6.41975 2658.430966767373
6.423780555555555 2658.2649244712998
6.42665 2657.9029003021155
6.429438888888889 2657.7387311178254
6.432230555555556 2657.3906344410884
6.435019444444444 2657.2259516616327
6.437811111111111 2657.2604833836867
6.442211111111111 2657.096223564956
6.44500277775 2656.731993957705
6.447791666666666 2656.5665256797593
6.450583333333333 2656.2177945619346
6.453372222222222 2656.0519033232636
6.456163888888889 2656.0814501510586
6.4602611111111115 2655.9139577039286
6.463075 2655.550181268883
6.465855555555556 2655.3833836858016
6.468647222222223 2655.0308459214516
6.471436111083333 2654.8615407854995
6.474227777777778 2654.892477341391
6.478408333333333 2654.7269486404844
6.481197222222222 2654.3608761329315
6.483988888888889 2654.1913595166175
6.486777777777778 2653.838731117826
6.489566666666667 2653.670392749246
6.492358333333334 2653.698187311179
6.496763888888889 2653.5287311178263
6.499611111111111 2653.162719033234
6.502397222222222 2652.9939879154094
6.505188888888889 2652.641963746225
6.5079722222222225 2652.4722356495486
6.510761111111111 2652.499214501512
6.514875 2652.329274924473
6.5176638888888885 2651.962537764352
6.5204555555555554 2651.7927794561947
6.523244444444445 2651.4401208459226
6.526036111111111 2651.2721450151075
6.528825 2651.3013293051376
6.533 2651.131661631422
6.535788888888889 2650.7647129909383
6.538580555555556 2650.5965558912408
6.541369444444444 2650.243564954685
6.544158333333334 2650.071570996981
6.54695 2650.096767371603
6.551002777777778 2649.829518072291
6.553858333333333 2649.4917168674715
6.5566361111111116 2649.383685800606
6.5594166666666665 2649.0329003021166
6.562205555555556 2648.8616918429016
6.564991666666667 2648.8865256797594
6.5689222222222226 2648.7140181268896
6.571811111111111 2648.3454984894274
6.5746 2648.1741389728113
6.577391666666666 2647.822265861029
6.580180555555556 2647.6528700906356
6.582969444444444 2647.6809365558925
6.587047222222222 2647.513293051361
6.58985 2647.147280966769
6.5926416666388885 2646.9770392749256
6.595422222222222 2646.6228398791554
6.598205555555555 2646.4521752265873
6.600994444444445 2646.4788519637473
6.6052027777777775 2646.3071299093667
6.608061111111111 2645.9378247734153
6.6108472222222225 2645.766978851965
6.613638888888889 2645.2163141993974
6.616427777777778 2644.8501510574038
6.619219444444444 2644.6803625377665
6.623491666666666 2644.312870090637
6.626336111111111 2643.74903323263
6.629125 2643.383081570999
6.631905555555556 2643.228640483386
6.6346944444444444 2643.254380664655
6.637475 2643.4760120845945
6.64165 2643.50063444109
6.644444444444445 2643.329305135954
6.647233333333333 2643.355045317223
6.650022222222222 2651.4820241691864
6.652813888888889 2659.790120845924
6.65560277775 2668.2943202416945
6.659752777777777 2676.602114803628
6.662566666666667 2684.71314199396
6.665355555555555 2693.0207552870115
6.668147222222222 2692.8634743202438
6.670930555555556 2692.891903323265
6.6737222222222226 2693.116646525682
6.677847222222222 2693.1418731117847
6.680661111111111 2692.9708157099717
6.683452777777778 2692.999365558914
6.686241666666667 2692.844924471301
6.689030555527777 2692.873897280969
6.691822222222222 2693.102537764352
6.6959333333333335 2693.13404833837
6.698722222222222 2692.965951661633
6.701508333333333 2692.9949848942615
6.7043 2692.842024169186
6.707086111083333 2692.8664350453187
6.709877777777778 2693.087280966769
6.71395 2693.1128700906356
6.716741666666667 2692.941993957705
6.719530555555555 2692.9663746223578
6.7223194444444445 2692.8087915407864
6.7251111111111115 2692.8357401812705
6.727888888888889 2693.059637462237
6.7321027777777775 2693.0861933534757
6.734988888888889 2692.915528700908
6.737769444444444 2692.9423262839896
6.740561111111111 2692.782416918431
6.74335 2692.999214501512
6.7461416666666665 2693.4152265861044
6.750338888888889 2693.6349546827805
6.753183333333333 2693.654471299095
6.7559749999722225 2693.8702416918445
6.758763888888889 2693.904712990938
6.761552777777778 2694.122537764352
6.764341666666667 2694.5359818731135
6.768577777777778 2694.7523262839895
6.7713666666388885 2694.7723262839895
6.774158333333333 2694.9895166163155
6.776947222194444 2695.0240785498504
6.779727777777778 2695.2406646525696
6.782516666666667 2695.6544108761345
6.786677777777777 2695.871419939579
6.789533333333333 2695.8835843373513
6.792325 2696.1079154078575
6.7951138888888885 2696.143293051362
6.797902777777778 2696.360815709972
6.800683333333334 2696.7747129909385
6.804827777777778 2696.9912688821773
6.807647222222222 2697.001084337351
6.810436111111111 2697.2290936555905
6.8132166666666665 2697.264229607252
6.816002777777777 2697.482870090636
6.818791666666667 2697.8970090634457
6.822786111111111 2698.0679518072307
6.825575 2698.1180120481945
6.828366666666667 2698.3508157099714
6.83115 2698.387703927494
6.833941666666667 2698.6079154078566
6.8367305555555555 2699.0243202416937
6.841022222222223 2699.1959939759054
6.843852777777777 2699.24918674699
6.846641666666667 2699.4867673716035
6.849433333333334 2699.5248640483405
6.852222222222222 2699.7425981873134
6.855005555555556 2700.158459214504
6.859052777777777 2700.327228915665
6.861841666666667 2700.3790060240985
6.864630555527778 2700.617643504534
6.867422222222222 2700.649939577041
6.870211111083333 2699.288006042298
6.872994444444444 2698.1242900302136
6.877255555555555 2696.720451807231
6.880069444444445 2695.195873493978
6.882858333333333 2693.8415105740205
6.885644444444444 2692.295770392751
6.888436111111111 2692.50734138973
6.891225 2692.916072507555
6.895477777777778 2693.09653614458
6.898263888888889 2693.143554216869
6.901052777777778 2693.3584290030226
6.903844444444444 2693.3876132930527
6.906633333333334 2693.5984290030224
6.909425 2694.0064350453185
6.913513888888889 2694.1811746987964
6.916302777777778 2694.2262650602424
6.919091666666667 2694.444290030213
6.921883333333334 2694.471812688823
6.924672222222222 2694.6848036253787
6.927463888888889 2695.093746223566
6.931730555555555 2695.263072289158
6.934519444444445 2695.3070783132544
6.937311111111111 2695.530181268883
6.9401 2695.5608761329313
6.942888888888889 2695.770936555892
6.945680555555556 2696.1774018126894
6.949661111111111 2696.3429819277117
6.95245 2696.3862349397596
6.955238888888889 2696.60993957704
6.958030555555555 2696.639274924472
6.960811111083333 2696.8522054380674
6.963594444444444 2697.260845921451
6.967747222222222 2697.4279819277112
6.9706 2697.474096385543
6.973388888888889 2697.7014501510585
6.976175 2697.7300906344417
6.9789666666666665 2697.9418731117835
6.981755555555556 2698.3520543806653
6.985780555555555 2698.513825301206
6.988627777777777 2698.557530120483
6.991419444444444 2698.789214501512
6.994208333333333 2698.8182175226593
6.997 2699.0274320241706
6.999788888888889 2699.433957703929
7.003819444444445 2699.5893072289173
7.006661111111111 2699.630632530122
7.00945 2699.8628700906356
7.012241666666666 2699.8887915407868
7.015030555555556 2700.0974924471316
7.017822222222223 2700.503927492449
7.021922222194444 2700.714229607252
7.024713888888889 2700.7267371601224
7.02750277775 2700.9354380664668
7.030294444444444 2700.960362537766
7.033075 2701.1678851963757
7.0358583333333335 2701.5730211480377
7.039786111111111 2701.7807552870104
7.042633333333334 2701.790906344412
7.045425 2701.998429003023
7.048208333333333 2702.0248640483396
7.0509916666666665 2701.873012048194
7.053780555555556 2702.3090963855434
7.0581555555555555 2702.786716867471
7.060936111111111 2702.862507552871
7.063725 2703.072084592146
7.066505555527778 2703.1003927492457
7.069294444444444 2703.314441087615
7.072075 2703.7224773413914
7.076516666666667 2703.86653614458
7.079305555555556 2703.911777108435
7.082097222222222 2704.160604229609
7.084886111111111 2704.189728096678
7.0876777777777775 2704.4023867069504
7.090466666666667 2704.8137160120864
7.094508333333334 2704.9562650602425
7.0973 2705.0014156626526
7.100088888888889 2705.2549848942617
7.102880555555555 2705.2841993957727
7.105669444444445 2705.4962537764372
7.108449999972223 2705.9032326284014
7.112380555555555 2706.0384036144605
7.1152388888888884 2706.082801204822
7.118030555555555 2706.3385800604256
7.120819444444445 2706.3656797583108
7.123608333333333 2706.5746827794587
7.126397222222222 2706.9812990936584
7.130588888888889 2707.111445783135
7.133377777777778 2707.152861445785
7.1361638888888885 2707.4103927492465
7.138952777777778 2707.4355287009084
7.141744444444444 2707.6429003021176
7.144533333333333 2708.0481570997003
7.148713888888889 2708.1724397590383
7.151502777777778 2708.2127710843397
7.154294444444444 2708.473655589126
7.1570833333333335 2708.499063444111
7.159875 2708.7081873111806
7.162663888888889 2709.11314199396
7.166725 2709.2332228915684
7.169513888888889 2709.2739759036167
7.1723027777777775 2709.539214501513
7.175094444444444 2709.5651359516637
7.177883333333333 2709.773564954685
7.180669444444445 2710.179879154081
7.184988888888889 2710.298433734942
7.187802777777778 2710.3397891566287
7.190594444444445 2710.608459214504
7.193383333333333 2710.6346827794587
7.196175 2710.843232628401
7.198963888888889 2711.246827794564
7.203086111111111 2711.360873493978
7.205875 2711.4034337349417
7.208663888888889 2711.6751963746246
7.211455555555555 2711.701329305138
7.214244444444445 2711.909879154081
7.217036111111111 2712.3157703927513
7.22122777775 2712.4290060240987
7.224113888888889 2712.4717469879533
7.226905555555556 2712.7467371601233
7.229694444444444 2712.772779456195
7.232480555555555 2712.9806948640503
7.235272222222222 2713.383685800606
7.239308333305556 2713.4887650602423
7.242172222222222 2713.5284939759053
7.244961111111111 2713.8056495468295
7.24775 2713.831208459216
7.250541666666667 2714.0382175226605
7.253327777777778 2714.440755287011
7.257505555555555 2714.5446385542186
7.260297222222222 2714.5850301204837
7.263086111111111 2714.8636253776453
7.265877777777778 2714.886163141996
7.268666666666666 2715.0925679758325
7.271458333333333 2715.495317220545
7.275580555555556 2715.5928313253025
7.2783694444444444 2715.6307530120494
7.281161111111111 2715.9135347432034
7.28395 2715.9405740181287
7.286741666666667 2716.152205438068
7.289530555555555 2716.18060240964
7.2937 2716.6569578313265
7.296491666666666 2716.698493975905
7.299280555555556 2716.9863746223577
7.302072222222222 2717.012598187312
7.304852777777778 2717.2208459214507
7.307644444444445 2717.2480120481932
7.311630555555555 2717.7259036144583
7.314419444444445 2717.7678915662655
7.317211111111111 2718.0583685800607
7.319994444444444 2718.0809667673716
7.322786111111111 2717.873674698795
7.325575 2718.3095180722894
7.329688888888889 2718.7851807228913
7.33247777775 2718.8250903614457
7.335269444444444 2719.12081570997
7.338058333305556 2719.1471903323263
7.340847222222222 2718.938313253012
7.343638888888889 2719.3690963855424
7.3478916666666665 2719.8393674698796
7.350680555555556 2719.8793373493977
7.353472222222222 2720.175287009064
7.356261111111111 2720.199244712991
7.35905 2719.9875301204825
7.361833333333333 2720.4206626506025
7.365841666666666 2720.8942168674703
7.368686111111111 2720.934638554217
7.371477777777778 2721.2368882175233
7.374266666666666 2721.2639577039276
7.377055555555556 2721.049698795181
7.379847222222222 2721.4856024096393
7.383886111111111 2721.9628313253015
7.386675 2722.0044879518077
7.389466666666666 2722.3097583081576
7.392255555555556 2722.3366163141995
7.395047222194444 2722.118674698795
7.397836111111111 2722.5516867469883
7.401969444444444 2723.026054216867
7.40475 2723.067289156626
7.407541666666667 2723.3735951661624
7.410330555555555 2723.3989123867063
7.413122222222222 2723.1787650602405
7.415911111111111 2723.611355421686
7.419927777777778 2724.0858433734934
7.422780555527778 2724.1277409638546
7.425572222222222 2724.4370392749233
7.428352777777778 2724.4592145015095
7.431141666666667 2724.233042168674
7.433933333333333 2724.6676807228905
7.438108333333333 2725.1389457831315
7.440894444444444 2725.175753012047
7.443683333305556 2725.4900604229597
7.446475 2725.5131419939567
7.449255555555555 2725.2830421686735
7.452047222222222 2725.7157228915653
7.45625 2726.189518072288
7.459127777777778 2726.230662650601
7.461919444444445 2726.5494259818715
7.464708333333333 2726.5750151057387
7.4675 2726.3424096385525
7.470288888888889 2726.7814457831314
7.4743916666666665 2727.260391566264
7.4771833333333335 2727.3010542168663
7.479972222222222 2727.626163141993
7.482761111111111 2727.653957703926
7.48555 2727.417530120481
7.488338888888889 2727.8543373493962
7.492530555555556 2728.3346987951795
7.495347222222223 2728.379036144577
7.498136111111111 2728.7078247734125
7.500927777777778 2728.7365558912375
7.503716666666667 2728.7365558912375
7.506508333333334 2729.1903636363622
7.510680555555555 2729.8147256097545
7.513558333333333 2729.9840978593256
7.51635 2730.323496932514
7.519138888888889 2730.63406153846
7.521930555555556 2731.1024074074053
7.524719444444444 2731.542569659441
7.528780555555556 2731.7515838509294
7.5315972222222225 2731.930623052958
7.534386111111111 2732.283437499998
7.537177777777778 2732.607053291534
7.5399666666666665 2733.0935220125766
7.542755555527778 2733.5506940063074
7.547 2733.772405063289
7.549788888888889 2733.9637142857123
7.552577777777778 2734.332229299361
7.555369444444445 2734.6710223642153
7.55815 2734.6710223642153
7.560938888888889 2735.638713826365
7.564986111111111 2735.869483870966
7.5677972222222225 2736.0693527508074
7.570586111111111 2736.4485389610372
7.573377777777778 2736.7975895765453
7.5761666666666665 2736.7975895765453
7.5789583333333335 2737.311339869279
7.583125 2738.0337499999982
7.585913888888889 2738.2403960396023
7.588705555555555 2738.6326821192038
7.591486111111111 2738.99418604651
7.594277777777778 2738.99418604651
7.597058333333333 2739.5275666666653
7.600983333333334 2740.2845302013407
7.603877777777778 2740.5060269360256
7.6066666666666665 2740.916013513512
7.609458333333333 2741.294847457626
7.612247222222222 2741.294847457626
7.615036111111111 2742.0696938775495
7.619111111111111 2743.3079452054785
7.621975 2743.77003436426
7.624766666666667 2744.4247586206884
7.627555555555555 2745.0492387543245
7.630347222222222 2745.0492387543245
7.633125 2745.4000694444435
7.6372527777777774 2745.7770629370616
7.640052777777778 2745.8009122807007
7.6428416666666665 2746.017957746478
7.6456333333333335 2746.2010247349813
7.648422222222222 2746.2010247349813
7.651208333333333 2736.8408510638287
7.655313888888889 2717.579749999999
7.658133333333334 2707.6749103942648
7.660911111111111 2697.896942446043
7.6637 2688.0121299638986
7.6664916666666665 2688.0121299638986
7.669280555555556 2688.171123188405
7.673472222222222 2688.145401459854
7.676263888888889 2687.9581684981686
7.679052777777778 2687.9715808823535
7.681844444444445 2687.948081180812
7.684633333333333 2687.948081180812
7.687425 2688.1115185185186
7.6914138888888886 2688.082425373135
7.694247222222222 2687.8875655430716
7.697036111111111 2687.9018796992486
7.699825 2687.878377358491
7.702616666666667 2687.878377358491
7.705405555555555 2688.0448484848494
7.709561111111111 2688.018358778626
7.712383333333333 2687.8226436781615
7.715175 2687.836923076924
7.717963888888889 2687.812548262549
7.720752777777777 2687.812548262549
7.723544444444444 2687.982480620156
7.727572222222222 2687.950898437501
7.730366666666667 2687.7478431372556
7.733155555555555 2687.76066929134
7.7359333333333336 2687.733913043479
7.738725 2687.733913043479
7.741513888888889 2687.9123015873024
7.745669444444444 2687.885560000001
7.7485083333333336 2687.678433734941
7.751297222222222 2687.696370967743
7.754088888888889 2687.6738461538475
7.7568777777777775 2687.6738461538475
7.7596694444444445 2687.8542276422772
7.763602777777778 2687.8295491803283
7.766472222222222 2687.6213168724285
7.769263888888889 2687.6384297520663
7.772052777777778 2687.6140248962656
7.774844444444445 2687.6140248962656
7.777633333333333 2687.7994583333334
7.781838888888889 2687.774201680672
7.784619444444444 2687.560168776371
7.787411111111111 2687.5782627118638
7.7902 2687.5537446808507
7.7929916666666665 2687.5537446808507
7.7957777777777775 2687.742521367521
7.799877777777778 2687.7150431034474
7.8027194444444445 2687.495281385281
7.805508333333333 2687.51252173913
7.8083 2687.486069868995
7.811083333333333 2687.486069868995
7.813875 2687.680263157894
7.817991666666667 2687.6541150442476
7.820805555555555 2687.4301777777773
7.823594444444445 2687.4483035714284
7.826386111111111 2687.421524663677
7.829166666666667 2687.421524663677
7.831955555555555 2687.62018018018
7.836144444444445 2687.590954545454
7.838947222222222 2687.359132420091
7.8417361111111115 2687.3768807339447
7.8445277777777775 2687.3484792626728
7.847316666666667 2687.3484792626728
7.850108333333333 2687.5525925925926
7.854127777777777 2687.519252336449
7.856916666666667 2687.27765258216
7.8597 2687.295754716982
7.862491666666667 2687.2665876777255
7.865280555555556 2687.2665876777255
7.868072222222223 2687.4815238095243
7.872261111111111 2687.454711538462
7.8751138888888885 2687.209468599034
7.877894444444444 2687.2323300970875
7.880683333333334 2687.2063902439027
7.883475 2687.2063902439027
7.886263888888889 2687.428676470588
7.890397222222222 2687.4077722772277
7.893202777777778 2687.1599502487556
7.895991666666666 2687.1855499999992
7.898783333333333 2687.1609547738694
7.901563888888889 2687.1609547738694
7.904352777777778 2687.3904545454548
7.908469444444444 2687.370204081633
7.911305555555556 2687.115384615385
7.914094444444444 2687.1424742268046
7.916883333333334 2687.117772020726
7.919675 2687.117772020726
7.922463888888889 2687.356822916667
7.926488888888889 2687.338578947369
7.929333333333333 2687.0774074074084
7.9321222222222225 2687.1065425531924
7.9349 2687.082245989306
7.937691666666667 2687.082245989306
7.940480555555555 2687.3264516129043
7.944475 2687.305815217392
7.947333333333333 2687.0354098360663
7.950125 2687.0641758241763
7.952913888888889 2687.037790055249
7.955702777777778 2687.037790055249
7.958494444444445 2687.287444444445
7.9628194444444444 2687.2578089887643
7.965636111111111 2686.974350282486
7.968427777777777 2686.9992045454546
7.971216666666667 2686.9669714285715
7.974008333333333 2686.9669714285715
7.976797222222222 2687.2268390804597
7.980802777777778 2687.1986046511624
7.983641666666666 2686.9041520467836
7.986425 2686.9334705882347
7.989202777777778 2686.9037278106503
7.991994444444445 2686.9037278106503
7.994783333333333 2687.1738690476186
7.998975 2687.1465060240957
