# SectorTime OrdersPlaced
0 909.4613280666395
0 909.4613280666395
0 909.4613280666395
0 909.4613280666395
0 909.4613280666395
0 909.4613280666395
0 909.4613280666395
0 909.4613280666395
0 909.4613280666395
0 909.4613280666395
0 909.4613280666395
0 909.4613280666395
0 909.4613280666395
0 909.4613280666395
0 909.4613280666395
0 909.4613280666395
0 909.4613280666395
0 909.4613280666395
0 909.4613280666395
0 909.4613280666395
0 909.4613280666395
0 909.4613280666395
0 909.4613280666395
0 909.4613280666395
0 909.4613280666395
0 909.4613280666395
0 909.4613280666395
0 909.4613280666395
0 909.4613280666395
0 909.4613280666395
0 909.4613280666395
0 909.4613280666395
0 909.4613280666395
0 909.4613280666395
0 909.4613280666395
0 909.4613280666395
0 909.4613280666395
0 909.4613280666395
0 909.4613280666395
0 909.4613280666395
0 909.4613280666395
0 909.4613280666395
0 909.4613280666395
0 909.4613280666395
0 909.4613280666395
0 909.4613280666395
0 909.4613280666395
0 909.4613280666395
0 909.4613280666395
0 909.4613280666395
0 909.4613280666395
0 909.4613280666395
0 909.4613280666395
0 909.4613280666395
0 909.4613280666395
0.010597222222222221 905.3553189533716
0.010597222222222221 905.3553189533716
0.010611111111111111 905.3553189533716
0.012088888888888889 904.004627927325
0.012763888888888889 903.5565733620336
0.012880555555555555 903.5565733620336
0.015658333333333333 902.6649291243514
0.01845 901.7829502343486
0.018733333333333334 901.7829502343486
0.021302777777777778 900.4710888412894
0.021302777777777778 900.4710888412894
0.021405555555555556 900.4710888412894
0.024080555555555556 899.1663917358636
0.024183333333333334 899.1663917358636
0.02423888888888889 899.1663917358636
0.027394444444444443 897.5797188877457
0.029683333333333332 897.0552307883385
0.029683333333333332 897.0552307883385
0.02981666666666667 896.5291851076912
0.029830555555555555 896.5291851076912
0.0302 896.5291851076912
0.032608333333333336 894.4340365088367
0.032608333333333336 894.4340365088367
0.032725 894.4340365088367
0.035458333333333335 893.3928487153669
0.03576666666666667 893.3928487153669
0.038247222222222224 891.3297525759373
0.038247222222222224 891.3297525759373
0.038247222222222224 891.3297525759373
0.03861944444444444 890.8135597916872
0.04112777777777778 888.7699369757851
0.04380277777777778 887.7606774089053
0.04380277777777778 887.7606774089053
0.04380277777777778 887.7606774089053
0.04381388888888889 887.7606774089053
0.043916666666666666 887.7606774089053
0.04659166666666667 887.2527854363727
0.04669444444444444 887.2527854363727
0.04675555555555556 887.2527854363727
0.046997222222222225 887.2527854363727
0.04940555555555556 886.2340150648669
0.049508333333333335 886.2340150648669
0.05232222222222222 883.7147324427224
0.05257222222222222 883.7147324427224
0.05493888888888889 883.2151703968505
0.05493888888888889 883.2151703968505
0.0551 883.2151703968505
0.05511111111111111 883.2151703968505
0.055363888888888886 883.2151703968505
0.0579 882.7116058556687
0.0579 882.7116058556687
0.05795277777777778 882.7116058556687
0.05816944444444445 882.7116058556687
0.06059722222222222 882.7116058556687
0.060741666666666666 882.7116058556687
0.060741666666666666 882.7116058556687
0.06348055555555555 882.7116058556687
0.06348055555555555 882.7116058556687
0.06348055555555555 882.7116058556687
0.06630833333333333 882.7116058556687
0.06630833333333333 882.7116058556687
0.06630833333333333 882.7116058556687
0.06630833333333333 882.7116058556687
0.06675277777777777 882.7116058556687
0.0691361111111111 882.7116058556687
0.07199444444444444 882.7116058556687
0.07199444444444444 882.7116058556687
0.07235555555555556 882.7116058556687
0.07469166666666667 880.6493862899162
0.07469166666666667 880.6493862899162
0.07477222222222223 880.6493862899162
0.0748888888888889 880.6493862899162
0.075 880.6493862899162
0.07748333333333333 880.6493862899162
0.07748333333333333 880.6493862899162
0.08041111111111111 880.6493862899162
0.08053333333333333 880.6493862899162
0.08075833333333333 880.6493862899162
0.083375 880.6493862899162
0.083375 880.6493862899162
0.083375 880.6493862899162
0.083375 880.6493862899162
0.08359722222222223 880.6493862899162
0.08593055555555555 880.6493862899162
0.08593055555555555 880.6493862899162
0.08621111111111111 880.6493862899162
0.08638611111111111 880.6493862899162
0.08876944444444444 880.6493862899162
0.0889 880.6493862899162
0.08908611111111112 880.6493862899162
0.08908611111111112 880.6493862899162
0.09155833333333334 878.5196621493878
0.09155833333333334 878.5196621493878
0.09171666666666667 878.5196621493878
0.09435 878.5196621493878
0.09471111111111111 878.5196621493878
0.09729444444444445 878.5196621493878
0.0975 878.5196621493878
0.0975 878.5196621493878
0.09758611111111111 878.5196621493878
0.09992222222222222 878.5196621493878
0.10313333330555556 878.5196621493878
0.10313333330555556 878.5196621493878
0.10313333330555556 878.5196621493878
0.10326388888888889 878.5196621493878
0.10553055555555556 878.5196621493878
0.10553055555555556 878.5196621493878
0.10602777777777778 878.5196621493878
0.10602777777777778 878.5196621493878
0.10834444444444444 874.751977070345
0.10834444444444444 874.751977070345
0.10853611111111111 874.751977070345
0.11143055555555556 874.751977070345
0.11160833333333334 874.751977070345
0.11161944444444444 874.751977070345
0.11424166666666667 874.751977070345
0.1143861111111111 874.751977070345
0.11713611111111111 874.751977070345
0.11718333333333333 874.751977070345
0.11729166666666667 874.751977070345
0.11949444444444444 874.751977070345
0.119925 874.751977070345
0.11996111111111112 874.751977070345
0.12009722222222222 874.751977070345
0.12237777777777778 874.751977070345
0.12237777777777778 874.751977070345
0.12273888888888888 874.751977070345
0.12293333333333334 874.751977070345
0.12558611111111112 872.2692438613262
0.1256 872.2692438613262
0.12795833333333334 872.2692438613262
0.1308388888888889 872.2692438613262
0.1308638888888889 872.2692438613262
0.13113055555555556 872.2692438613262
0.13392777777777778 872.2692438613262
0.13395277777777778 872.2692438613262
0.13404722222222223 872.2692438613262
0.13407222222222223 872.2692438613262
0.13641944444444445 872.2692438613262
0.13641944444444445 872.2692438613262
0.13950833333333335 872.2692438613262
0.13962777777777777 872.2692438613262
0.14203055555555555 869.1617814571255
0.14203055555555555 869.1617814571255
0.14252222222222222 869.1617814571255
0.14339722222222223 869.1617814571255
0.14515555552777779 869.1617814571255
0.14530277777777778 869.1617814571255
0.1461888888888889 869.1617814571255
0.14765833333333334 869.1617814571255
0.147975 869.1617814571255
0.14813333333333334 869.1617814571255
0.14898611111111112 869.1617814571255
0.15045555555555556 869.1617814571255
0.15325555555555556 869.1617814571255
0.15354444444444446 869.1617814571255
0.1536888888888889 869.1617814571255
0.1537999999722222 869.1617814571255
0.1545638888611111 869.1617814571255
0.15633611108333334 869.1617814571255
0.1564888888888889 867.8956900899618
0.15659166666666666 867.8956900899618
0.15741111108333333 867.8956900899618
0.159125 867.8956900899618
0.159125 867.8956900899618
0.16206944444444443 867.8956900899618
0.16300555555555554 867.8956900899618
0.16439166663888888 867.8956900899618
0.16445 867.8956900899618
0.16469444444444445 867.8956900899618
0.16509722222222223 867.8956900899618
0.16588611111111112 867.8956900899618
0.16722777777777778 867.8956900899618
0.1674861111111111 867.8956900899618
0.1678888888888889 867.8956900899618
0.168675 867.8956900899618
0.17048333333333332 867.8956900899618
0.17285277777777777 867.8956900899618
0.17285277777777777 867.8956900899618
0.17314166663888889 867.8956900899618
0.176075 864.6742543570472
0.17633888888888888 864.6742543570472
0.17896944444444443 864.6742543570472
0.17896944444444443 864.6742543570472
0.17914722219444446 864.6742543570472
0.18159444444444445 864.6742543570472
0.18175833333333333 864.6742543570472
0.1826 864.6742543570472
0.18539722219444443 864.6742543570472
0.18676944444444443 864.6742543570472
0.18750833333333333 864.6742543570472
0.1882388888888889 864.6742543570472
0.18962222222222222 864.6742543570472
0.18996944444444444 862.088646535441
0.19011111111111112 862.088646535441
0.19032222222222223 862.088646535441
0.19242777777777778 862.088646535441
0.19242777777777778 862.088646535441
0.192875 862.088646535441
0.19666111111111112 862.088646535441
0.19848055555555555 862.088646535441
0.19849166666666668 862.088646535441
0.19955555555555557 862.088646535441
0.20369722219444444 862.088646535441
0.20369722219444444 862.088646535441
0.20405 862.088646535441
0.2065861111111111 862.088646535441
0.2068472222222222 859.2501128246023
0.20707777777777778 859.2501128246023
0.20793055555555556 859.2501128246023
0.2096888888888889 859.2501128246023
0.20988055555555554 859.2501128246023
0.210775 859.2501128246023
0.21241666666666667 859.2501128246023
0.21266944444444444 859.2501128246023
0.21772222222222223 859.2501128246023
0.21772222222222223 859.2501128246023
0.21772222222222223 859.2501128246023
0.21808333333333332 859.2501128246023
0.21834166666666666 859.2501128246023
0.22115833333333335 859.2501128246023
0.22358333333333333 858.5345064940387
0.22366666666666668 858.5345064940387
0.22637222222222222 858.5345064940387
0.227475 858.5345064940387
0.227475 858.5345064940387
0.22885 858.5345064940387
0.2291638888888889 858.5345064940387
0.2293 858.5345064940387
0.22950555555555555 858.5345064940387
0.2303388888888889 858.5345064940387
0.23220277775 858.5345064940387
0.23313055555555556 858.5345064940387
0.23501388888888888 858.5345064940387
0.235975 858.5345064940387
0.23720833333333333 858.5345064940387
0.23754999997222223 858.5345064940387
0.2375611111111111 858.5345064940387
0.2387638888888889 858.5345064940387
0.2387638888888889 858.5345064940387
0.2405861111111111 853.4485746029452
0.24081388888888888 853.4485746029452
0.24155555555555555 853.4485746029452
0.24311944444444444 853.4485746029452
0.24360277777777778 853.4485746029452
0.24567777777777777 853.4485746029452
0.24590833333333334 853.4485746029452
0.2471472222222222 853.4485746029452
0.2487 853.4485746029452
0.24928055555555556 853.4485746029452
0.2499361111111111 853.4485746029452
0.25176944444444443 853.4485746029452
0.25176944444444443 853.4485746029452
0.25208888888888886 853.4485746029452
0.2532138888888889 853.4485746029452
0.25426666666666664 853.4485746029452
0.25438055555555555 853.4485746029452
0.2546083333333333 853.4485746029452
0.25498333333333334 853.4485746029452
0.25498333333333334 853.4485746029452
0.25506666666666666 853.4485746029452
0.25745555555555555 853.4485746029452
0.25784444444444443 853.4485746029452
0.2584222222222222 853.4485746029452
0.2599722222222222 853.4485746029452
0.26031944444444444 853.4485746029452
0.2607388888888889 853.4485746029452
0.2616833333333333 853.4485746029452
0.2644972222222222 853.4485746029452
0.2663916666666667 853.4485746029452
0.2673916666666667 853.4485746029452
0.2673916666666667 853.4485746029452
0.26929444444444445 853.4485746029452
0.2710972222222222 853.4485746029452
0.27215833333333334 853.4485746029452
0.27215833333333334 853.4485746029452
0.27215833333333334 853.4485746029452
0.27241944444444444 853.4485746029452
0.2734916666666667 851.1753104920056
0.27389166666666664 851.1753104920056
0.2767472222222222 851.1753104920056
0.2785722222222222 851.1753104920056
0.27939722222222224 851.1753104920056
0.2796416666666667 851.1753104920056
0.2809055555555556 851.1753104920056
0.2813777777777778 851.1753104920056
0.28336666666666666 851.1753104920056
0.28501944444444444 851.1753104920056
0.2861722222222222 851.1753104920056
0.28657777777777776 851.1753104920056
0.28780833330555555 851.1753104920056
0.28780833330555555 851.1753104920056
0.28801666663888886 851.1753104920056
0.288975 851.1753104920056
0.288975 851.1753104920056
0.2893833333333333 851.1753104920056
0.29059722222222223 847.911986535545
0.29059722222222223 847.911986535545
0.2934888888888889 847.911986535545
0.29361944444444443 847.911986535545
0.2962694444444444 847.911986535545
0.29638333333333333 847.911986535545
0.29641388888888887 847.911986535545
0.29734166666666667 847.911986535545
0.29911666666666664 847.911986535545
0.2991916666666667 847.911986535545
0.29920555555555556 847.911986535545
0.30256666666666665 847.911986535545
0.30298888888888886 847.911986535545
0.3047472222222222 847.911986535545
0.30482499997222223 847.911986535545
0.30580833333333335 847.911986535545
0.30580833333333335 847.911986535545
0.30767222219444446 844.615698666038
0.3086527777777778 844.615698666038
0.3103444444444444 844.615698666038
0.3115472222222222 844.615698666038
0.31317222222222224 844.615698666038
0.31317222222222224 844.615698666038
0.31601388888888887 844.615698666038
0.31659166666666666 844.615698666038
0.31721944444444444 844.615698666038
0.3190277777777778 844.615698666038
0.3194444444444444 844.615698666038
0.3214 844.615698666038
0.3214 844.615698666038
0.3222333333333333 844.615698666038
0.3242027777777778 838.0297889819176
0.32724722222222224 838.0297889819176
0.32781944444444444 838.0297889819176
0.3291138888888889 838.0297889819176
0.3300388888888889 838.0297889819176
0.33119444444444446 838.0297889819176
0.33255833333333334 838.0297889819176
0.3329361111111111 838.0297889819176
0.33339444444444444 838.0297889819176
0.33619444444444446 838.0297889819176
0.33682222222222225 838.0297889819176
0.3381277777777778 838.0297889819176
0.3386138888888889 838.0297889819176
0.33873055555555553 838.0297889819176
0.3396138888611111 838.0297889819176
0.3415888888888889 834.7332412620888
0.3444277777777778 834.7332412620888
0.3472222222222222 834.7332412620888
0.3488805555555556 834.7332412620888
0.35009444444444443 834.7332412620888
0.35256666666666664 834.7332412620888
0.35256666666666664 834.7332412620888
0.35256666666666664 834.7332412620888
0.3528861111111111 834.7332412620888
0.35341666666666666 834.7332412620888
0.3549361111111111 834.7332412620888
0.35535555555555554 834.7332412620888
0.35620555555555555 834.7332412620888
0.35808055555555557 831.2816909584891
0.3606083333333333 831.2816909584891
0.36089444444444446 831.2816909584891
0.36099722222222225 831.2816909584891
0.36141388888888887 831.2816909584891
0.3637888888888889 831.2816909584891
0.3637888888888889 831.2816909584891
0.3642138888888889 831.2816909584891
0.3645777777777778 831.2816909584891
0.3662916666666667 831.2816909584891
0.36646666666666666 831.2816909584891
0.3671083333333333 831.2816909584891
0.3691861111111111 831.2816909584891
0.3693611111111111 831.2816909584891
0.3700027777777778 831.2816909584891
0.3721555555555556 831.2816909584891
0.37235555555555555 831.2816909584891
0.37282777777777776 831.2816909584891
0.3768666666666667 831.2816909584891
0.37699166666666667 831.2816909584891
0.3780277777777778 831.2816909584891
0.3798861111111111 831.2816909584891
0.3808916666666667 831.2816909584891
0.3808916666666667 831.2816909584891
0.38103888888888887 831.2816909584891
0.3824888888888889 831.2816909584891
0.38276666666666664 831.2816909584891
0.3852583333333333 831.2816909584891
0.38529722222222224 831.2816909584891
0.3864944444444444 831.2816909584891
0.3879638888888889 831.2816909584891
0.388075 831.2816909584891
0.3907555555555556 831.2816909584891
0.3907555555555556 831.2816909584891
0.3920666666666667 831.2816909584891
0.39294999997222224 831.2816909584891
0.39481666666666665 831.2816909584891
0.395775 831.2816909584891
0.396575 831.2816909584891
0.39950833333333335 831.2816909584891
0.4015638888888889 831.2816909584891
0.40225277775 831.2816909584891
0.4043555555555556 831.2816909584891
0.4043555555555556 831.2816909584891
0.4050972222222222 831.2816909584891
0.4050972222222222 831.2816909584891
0.4050972222222222 831.2816909584891
0.4071472222222222 831.2816909584891
0.40796666666666664 831.2816909584891
0.40796666666666664 831.2816909584891
0.408825 831.2816909584891
0.4107527777777778 831.2816909584891
0.4107722222222222 831.2816909584891
0.4116166666666667 831.2816909584891
0.4116166666666667 831.2816909584891
0.41355 831.2816909584891
0.41355 831.2816909584891
0.41554444444444444 831.2816909584891
0.4163277777777778 831.2816909584891
0.41841388888888886 831.2816909584891
0.4191361111111111 831.2816909584891
0.42008055555555557 831.2816909584891
0.42120277777777776 831.2816909584891
0.4220305555555556 831.2816909584891
0.4220305555555556 831.2816909584891
0.42467777777777777 831.2816909584891
0.4260361111111111 831.2816909584891
0.4274722222222222 831.2816909584891
0.4274722222222222 831.2816909584891
0.42764444444444444 831.2816909584891
0.42885833333333334 831.2816909584891
0.4303666666666667 831.2816909584891
0.4303666666666667 831.2816909584891
0.4344388888888889 831.2816909584891
0.4360805555555556 831.2816909584891
0.43876944444444443 831.2816909584891
0.4388861111111111 831.2816909584891
0.4404722222222222 830.3097554439439
0.4405027777777778 830.3097554439439
0.4415722222222222 830.3097554439439
0.4416861111111111 830.3097554439439
0.4428916666666667 830.3097554439439
0.4432833333333333 830.3097554439439
0.44333333333333336 830.3097554439439
0.44438333333333335 830.3097554439439
0.4473138888888889 830.3097554439439
0.4499638888611111 830.3097554439439
0.45166666666666666 830.3097554439439
0.45166666666666666 830.3097554439439
0.45166666666666666 830.3097554439439
0.4544694444444444 830.3097554439439
0.4573583333333333 830.3097554439439
0.4590444444444444 830.3097554439439
0.45914166666666667 830.3097554439439
0.460075 830.3097554439439
0.4629666666666667 830.3097554439439
0.4644638888888889 830.3097554439439
0.4644638888888889 830.3097554439439
0.4647472222222222 830.3097554439439
0.4647472222222222 830.3097554439439
0.46575833333333333 830.3097554439439
0.46575833333333333 830.3097554439439
0.46731944444444445 830.3097554439439
0.4676444444444444 830.3097554439439
0.46765555555555555 830.3097554439439
0.46865277777777775 830.3097554439439
0.47310833333333335 830.3097554439439
0.4736361111111111 830.3097554439439
0.47599166666666665 830.3097554439439
0.47878055555555554 830.3097554439439
0.47880555555555554 830.3097554439439
0.479175 830.3097554439439
0.4815833333333333 830.3097554439439
0.48159722222222223 830.3097554439439
0.48345 830.3097554439439
0.48345 830.3097554439439
0.486 830.3097554439439
0.48634444444444447 830.3097554439439
0.48716944444444443 830.3097554439439
0.4887888888888889 830.3097554439439
0.48993611111111113 830.3097554439439
0.48993611111111113 830.3097554439439
0.4915777777777778 830.3097554439439
0.49470555555555557 830.3097554439439
0.49551388888888886 830.3097554439439
0.49723055555555556 830.3097554439439
0.4982916666666667 830.3097554439439
0.4982916666666667 830.3097554439439
0.49953333333333333 830.3097554439439
0.500125 808.0323084075534
0.5003388888888889 808.0323084075534
0.5010833333333333 808.0323084075534
0.5010833333333333 808.0323084075534
0.5031694444444444 808.0323084075534
0.5031694444444444 808.0323084075534
0.5085972222222223 808.0323084075534
0.5085972222222223 808.0323084075534
0.50945 808.0323084075534
0.5114055555555556 806.7182125076384
0.5115138888888889 806.7182125076384
0.5117861111111112 806.7182125076384
0.51225 806.2757478796881
0.5146805555555556 805.383237745421
0.5151277777777777 805.383237745421
0.5170888888888889 804.9382985649744
0.5176694444444444 804.9382985649744
0.5203777777777778 804.0486914128176
0.5203777777777778 804.0486914128176
0.5203777777777778 804.0486914128176
0.5226027777777777 802.7023248381496
0.5232222222222223 802.7023248381496
0.5232361111111111 802.7023248381496
0.5250111111111111 800.1845103227139
0.5253916666666667 800.1845103227139
0.5254333333333333 800.1845103227139
0.5278444444444444 799.7252141386614
0.5297194444444444 798.8121139983261
0.5306666666666666 797.4405694961878
0.5310055555555555 797.4405694961878
0.5310055555555555 797.4405694961878
0.5325194444444444 797.4405694961878
0.5337944444444445 796.0455403289354
0.5337944444444445 796.0455403289354
0.5365722222222222 795.1036001749167
0.5365861111111111 795.1036001749167
0.5373027777777778 795.1036001749167
0.5377361111111111 795.1036001749167
0.538275 793.6808352221592
0.5393638888888889 793.2019980744623
0.5394222222222222 793.2019980744623
0.5401472222222222 793.2019980744623
0.5406222222222222 793.2019980744623
0.5421833333333334 792.7168348464238
0.5434861111111111 792.7168348464238
0.544975 790.2830900799684
0.5478805555555556 788.3132768912986
0.5491388888888888 788.3132768912986
0.5502166666666667 787.3337548905254
0.5505611111111111 787.3337548905254
0.5505722222222222 787.3337548905254
0.5506805555555555 787.3337548905254
0.5519444444444445 787.3337548905254
0.5539083333333333 786.3346727144676
0.5561916666666666 783.8237223615994
0.5730805555555556 773.953675868217
0.5730805555555556 773.953675868217
0.5730805555555556 773.953675868217
0.5730805555555556 773.953675868217
0.5897194444166667 762.1231762777779
0.5897194444166667 762.1231762777779
0.5897194444166667 762.1231762777779
0.5897194444166667 762.1231762777779
0.6064111111111111 752.9203658297082
0.6064111111111111 752.9203658297082
0.6064111111111111 752.9203658297082
0.6064111111111111 752.9203658297082
0.6064111111111111 752.9203658297082
0.6064111111111111 752.9203658297082
0.6064111111111111 752.9203658297082
0.6230777777777777 741.7142727682798
0.6230777777777777 741.7142727682798
0.6230777777777777 741.7142727682798
0.6230777777777777 741.7142727682798
0.6397527777777777 734.5632990670485
0.6397527777777777 734.5632990670485
0.6397527777777777 734.5632990670485
0.6397527777777777 734.5632990670485
0.6397527777777777 734.5632990670485
0.6564444444444445 725.4277128330958
0.6564444444444445 725.4277128330958
0.6732166666666667 715.3793483655243
0.6732166666666667 715.3793483655243
0.6732166666666667 715.3793483655243
0.6732166666666667 715.3793483655243
0.6732166666666667 715.3793483655243
0.6899055555555555 708.833269631689
0.6899055555555555 708.833269631689
0.6899055555555555 708.833269631689
0.6899055555555555 708.833269631689
0.7066055555555556 700.2733153348115
0.7066055555555556 700.2733153348115
0.7066055555555556 700.2733153348115
0.7066055555555556 700.2733153348115
0.7233305555277778 693.3596178606888
0.7400472222222222 684.1296777135925
0.7400472222222222 684.1296777135925
0.7400472222222222 684.1296777135925
0.7400472222222222 684.1296777135925
0.7400472222222222 684.1296777135925
0.7400472222222222 684.1296777135925
0.7400472222222222 684.1296777135925
0.7734527777777778 663.7249930886964
0.7734527777777778 663.7249930886964
0.7734527777777778 663.7249930886964
0.7900972222222222 652.2976323062412
0.7900972222222222 652.2976323062412
0.7900972222222222 652.2976323062412
0.7900972222222222 652.2976323062412
0.8068 642.9418021807189
0.8068 642.9418021807189
0.8068 642.9418021807189
0.8068 642.9418021807189
0.8234222222222223 634.9945609646969
0.8234222222222223 634.9945609646969
0.8234222222222223 634.9945609646969
0.8234222222222223 634.9945609646969
0.8234222222222223 634.9945609646969
0.8234222222222223 634.9945609646969
0.8234222222222223 634.9945609646969
0.8234222222222223 634.9945609646969
0.8401166666666666 625.9435643903461
0.8401166666666666 625.9435643903461
0.8401166666666666 625.9435643903461
0.8401166666666666 625.9435643903461
0.856825 615.4911376743213
0.856825 615.4911376743213
0.856825 615.4911376743213
0.856825 615.4911376743213
0.9401583333333333 544.9932564370796
1.0234916666666667 441.92901517549706
1.106825 338.0509683782637
1.1901583333333334 274.6461472401878
1.2734916666666667 215.84342653458626
1.356825 90.53423047093648
1.4401583333333334 31.94233271471365
1.5234916666666667 18.014884120272367
1.606825 9.848629796662282
1.6901583333333334 5.235186997597046
1.7734916666666667 2.18502022690463
1.856825 0.30769230769230776
1.9401583333333334 0
2.0234916666666667 0
2.106825 20.8048301452571
2.190158333333333 45.795590377295795
2.2734916666666667 76.49062651726037
2.356825 112.96422152826082
2.440158333333333 154.00540845804193
2.5234916666666667 197.92320401789664
2.606825 590.1595985026472
2.690158333333333 597.4791126611383
2.7734916666666667 608.0425862062635
2.856825 618.4191302744437
2.940158333333333 627.5655377934223
3.0234916666666667 634.0151425934196
3.052525 635.5916227165802
3.052525 635.5916227165802
3.052525 635.5916227165802
3.052525 635.5916227165802
3.052525 635.5916227165802
3.052525 635.5916227165802
3.052525 635.5916227165802
3.052525 635.5916227165802
3.052525 635.5916227165802
3.052525 635.5916227165802
3.052525 635.5916227165802
3.052525 635.5916227165802
3.052525 635.5916227165802
3.052525 635.5916227165802
3.052525 635.5916227165802
3.052525 635.5916227165802
3.052525 635.5916227165802
3.052525 635.5916227165802
3.052525 635.5916227165802
3.052525 635.5916227165802
3.052525 635.5916227165802
3.052525 635.5916227165802
3.052525 635.5916227165802
3.052525 635.5916227165802
3.052525 635.5916227165802
3.052525 635.5916227165802
3.052525 635.5916227165802
3.052525 635.5916227165802
3.052525 635.5916227165802
3.052525 635.5916227165802
3.052525 635.5916227165802
3.052525 635.5916227165802
3.052525 635.5916227165802
3.052525 635.5916227165802
3.052525 635.5916227165802
3.052525 635.5916227165802
3.052525 635.5916227165802
3.052525 635.5916227165802
3.052525 635.5916227165802
3.052525 635.5916227165802
3.052525 635.5916227165802
3.052525 635.5916227165802
3.052525 635.5916227165802
3.052525 635.5916227165802
3.052525 635.5916227165802
3.052525 635.5916227165802
3.052525 635.5916227165802
3.052525 635.5916227165802
3.052525 635.5916227165802
3.052525 635.5916227165802
3.052525 635.5916227165802
3.052525 635.5916227165802
3.052525 635.5916227165802
3.052525 635.5916227165802
3.052525 635.5916227165802
3.052525 635.5916227165802
3.052525 635.5916227165802
3.052525 635.5916227165802
3.052525 635.5916227165802
3.052525 635.5916227165802
3.052525 635.5916227165802
3.052525 635.5916227165802
3.052525 635.5916227165802
3.052525 635.5916227165802
3.052525 635.5916227165802
3.052525 635.5916227165802
3.052525 635.5916227165802
3.052525 635.5916227165802
3.052525 635.5916227165802
3.052525 635.5916227165802
3.052525 635.5916227165802
3.052525 635.5916227165802
3.052525 635.5916227165802
3.052525 635.5916227165802
3.052525 635.5916227165802
3.052525 635.5916227165802
3.052525 635.5916227165802
3.052525 635.5916227165802
3.052525 635.5916227165802
3.052525 635.5916227165802
3.052525 635.5916227165802
3.052525 635.5916227165802
3.052525 635.5916227165802
3.052525 635.5916227165802
3.052525 635.5916227165802
3.052525 635.5916227165802
3.052525 635.5916227165802
3.052525 635.5916227165802
3.052525 635.5916227165802
3.052525 635.5916227165802
3.052525 635.5916227165802
3.052525 635.5916227165802
3.052525 635.5916227165802
3.052525 635.5916227165802
3.052525 635.5916227165802
3.052525 635.5916227165802
3.052525 635.5916227165802
3.052525 635.5916227165802
3.052525 635.5916227165802
3.052525 635.5916227165802
3.052525 635.5916227165802
3.052525 635.5916227165802
3.052525 635.5916227165802
3.052525 635.5916227165802
3.052525 635.5916227165802
3.052525 635.5916227165802
3.052525 635.5916227165802
3.052525 635.5916227165802
3.052525 635.5916227165802
3.052525 635.5916227165802
3.052525 635.5916227165802
3.052525 635.5916227165802
3.052525 635.5916227165802
3.052525 635.5916227165802
3.052525 635.5916227165802
3.052525 635.5916227165802
3.052525 635.5916227165802
3.052525 635.5916227165802
3.052525 635.5916227165802
3.052525 635.5916227165802
3.052525 635.5916227165802
3.052525 635.5916227165802
3.052525 635.5916227165802
3.052525 635.5916227165802
3.052525 635.5916227165802
3.052525 635.5916227165802
3.052525 635.5916227165802
3.052525 635.5916227165802
3.052525 635.5916227165802
3.052525 635.5916227165802
3.052525 635.5916227165802
3.052525 635.5916227165802
3.052525 635.5916227165802
3.052525 635.5916227165802
3.052525 635.5916227165802
3.052525 635.5916227165802
3.052525 635.5916227165802
3.052525 635.5916227165802
3.052525 635.5916227165802
3.052525 635.5916227165802
3.052525 635.5916227165802
3.052525 635.5916227165802
3.052525 635.5916227165802
3.052525 635.5916227165802
3.052525 635.5916227165802
3.052525 635.5916227165802
3.052525 635.5916227165802
3.052525 635.5916227165802
3.052525 635.5916227165802
3.052525 635.5916227165802
3.052525 635.5916227165802
3.052525 635.5916227165802
3.052525 635.5916227165802
3.052525 635.5916227165802
3.052525 635.5916227165802
3.052525 635.5916227165802
3.052525 635.5916227165802
3.052525 635.5916227165802
3.052525 635.5916227165802
3.052525 635.5916227165802
3.052525 635.5916227165802
3.052525 635.5916227165802
3.052525 635.5916227165802
3.052525 635.5916227165802
3.052525 635.5916227165802
3.052525 635.5916227165802
3.052525 635.5916227165802
3.052525 635.5916227165802
3.052525 635.5916227165802
3.052525 635.5916227165802
3.052525 635.5916227165802
3.052525 635.5916227165802
3.052525 635.5916227165802
3.052525 635.5916227165802
3.052525 635.5916227165802
3.052525 635.5916227165802
3.052525 635.5916227165802
3.052525 635.5916227165802
3.052525 635.5916227165802
3.052525 635.5916227165802
3.052525 635.5916227165802
3.052525 635.5916227165802
3.052525 635.5916227165802
3.052525 635.5916227165802
3.052525 635.5916227165802
3.052525 635.5916227165802
3.052525 635.5916227165802
3.052525 635.5916227165802
3.052525 635.5916227165802
3.052525 635.5916227165802
3.052525 635.5916227165802
3.052525 635.5916227165802
3.052525 635.5916227165802
3.052525 635.5916227165802
3.052525 635.5916227165802
3.052525 635.5916227165802
3.052525 635.5916227165802
3.052525 635.5916227165802
3.052525 635.5916227165802
3.052525 635.5916227165802
3.052583333333333 635.5916227165802
3.052583333333333 635.5916227165802
3.052583333333333 635.5916227165802
3.052583333333333 635.5916227165802
3.052583333333333 635.5916227165802
3.052583333333333 635.5916227165802
3.052583333333333 635.5916227165802
3.052583333333333 635.5916227165802
3.052583333333333 635.5916227165802
3.052583333333333 635.5916227165802
3.052583333333333 635.5916227165802
3.052583333333333 635.5916227165802
3.052583333333333 635.5916227165802
3.052583333333333 635.5916227165802
3.052583333333333 635.5916227165802
3.052583333333333 635.5916227165802
3.052583333333333 635.5916227165802
3.052583333333333 635.5916227165802
3.052583333333333 635.5916227165802
3.052583333333333 635.5916227165802
3.052583333333333 635.5916227165802
3.052583333333333 635.5916227165802
3.052583333333333 635.5916227165802
3.052583333333333 635.5916227165802
3.052583333333333 635.5916227165802
3.052583333333333 635.5916227165802
3.052583333333333 635.5916227165802
3.052583333333333 635.5916227165802
3.052583333333333 635.5916227165802
3.052583333333333 635.5916227165802
3.052583333333333 635.5916227165802
3.052583333333333 635.5916227165802
3.052583333333333 635.5916227165802
3.052583333333333 635.5916227165802
3.052583333333333 635.5916227165802
3.052583333333333 635.5916227165802
3.052583333333333 635.5916227165802
3.052583333333333 635.5916227165802
3.052583333333333 635.5916227165802
3.052583333333333 635.5916227165802
3.052583333333333 635.5916227165802
3.052583333333333 635.5916227165802
3.052583333333333 635.5916227165802
3.052583333333333 635.5916227165802
3.052583333333333 635.5916227165802
3.052583333333333 635.5916227165802
3.052583333333333 635.5916227165802
3.052583333333333 635.5916227165802
3.052583333333333 635.5916227165802
3.052583333333333 635.5916227165802
3.052583333333333 635.5916227165802
3.052583333333333 635.5916227165802
3.052583333333333 635.5916227165802
3.052583333333333 635.5916227165802
3.052583333333333 635.5916227165802
3.070902777777778 634.0615917725759
3.0711666666666666 634.0615917725759
3.0792722221944446 634.0615917725759
3.079597222222222 634.0615917725759
3.0830333333333333 633.1875188292809
3.0852916666666665 633.1875188292809
3.085847222222222 633.1875188292809
3.0881916666666664 633.1875188292809
3.0910972222222224 633.1875188292809
3.094802777777778 633.1875188292809
3.0994944444444443 630.1779220899996
3.1002972222222223 630.1779220899996
3.102297222222222 630.1779220899996
3.103152777777778 630.1779220899996
3.105113888888889 630.1779220899996
3.1079166666666667 630.7886438730245
3.10875 630.7886438730245
3.1101444444444444 630.7886438730245
3.1115916666666665 630.7886438730245
3.113652777777778 629.495989690344
3.1143944444444442 629.495989690344
3.115725 629.495989690344
3.116511111111111 629.495989690344
3.1183666666666667 629.495989690344
3.1193055555555556 629.495989690344
3.121088888888889 629.495989690344
3.1225194444444444 629.495989690344
3.1240444444444444 629.495989690344
3.1240444444444444 629.495989690344
3.1249777777777776 629.495989690344
3.126161111111111 629.495989690344
3.128338888888889 629.495989690344
3.131238888861111 628.1818095497459
3.1346305555555554 628.1818095497459
3.135247222222222 628.1818095497459
3.13615 628.1818095497459
3.1407694444444445 628.1818095497459
3.145252777777778 628.1818095497459
3.145252777777778 628.1818095497459
3.148091666638889 626.4443304993257
3.1509694444444443 626.4443304993257
3.1514444444444445 626.4443304993257
3.153663888888889 626.4443304993257
3.1566694444444443 626.4443304993257
3.1566694444444443 626.4443304993257
3.1566694444444443 626.4443304993257
3.159483333333333 626.4443304993257
3.160997222222222 626.4443304993257
3.161463888888889 626.4443304993257
3.1621805555555556 626.4443304993257
3.162286111111111 626.4443304993257
3.16387777775 623.9945612830852
3.16387777775 623.9945612830852
3.16505 623.9945612830852
3.1651416666666665 623.9945612830852
3.1670861111111113 623.9945612830852
3.1706194444444447 623.9945612830852
3.1707111111111113 623.9945612830852
3.1727861111111113 623.9945612830852
3.1727861111111113 623.9945612830852
3.1769083333333334 623.9945612830852
3.1769083333333334 623.9945612830852
3.1784083333333335 623.9945612830852
3.1789694444444443 623.9945612830852
3.181836111111111 622.0156114711626
3.181836111111111 622.0156114711626
3.184661111111111 622.0156114711626
3.1864305555555554 622.0156114711626
3.18745 622.0156114711626
3.1909805555555555 622.5051266745477
3.191097222222222 622.5051266745477
3.193075 622.5051266745477
3.195025 622.5051266745477
3.1960333333333333 622.5051266745477
3.1960333333333333 622.5051266745477
3.1978333333333335 620.0096066383667
3.1978333333333335 620.0096066383667
3.1978333333333335 620.0096066383667
3.1990666666666665 620.0096066383667
3.201452777777778 620.0096066383667
3.2019611111111113 620.0096066383667
3.2027638888888887 620.0096066383667
3.2037583333333335 620.0096066383667
3.20475 620.0096066383667
3.20475 620.0096066383667
3.20475 620.0096066383667
3.20475 620.0096066383667
3.2083333333333335 620.0096066383667
3.208375 620.0096066383667
3.2093861111111113 620.0096066383667
3.211152777777778 620.0096066383667
3.212177777777778 620.0096066383667
3.213163888888889 620.0096066383667
3.21395 617.442603025704
3.2159555555555555 617.442603025704
3.2187194444444445 617.442603025704
3.2187194444444445 617.442603025704
3.2201694444444446 617.442603025704
3.2215083333333334 617.442603025704
3.2223527777777776 617.442603025704
3.2235222222222224 617.442603025704
3.2258444444444443 617.442603025704
3.2263805555555556 617.442603025704
3.228638888888889 617.442603025704
3.228638888888889 617.442603025704
3.2299694444444444 617.442603025704
3.2300222222222224 617.442603025704
3.231533333333333 616.396827336776
3.2319666666666667 616.396827336776
3.2328027777777777 616.396827336776
3.2328361110833335 616.396827336776
3.235708333333333 616.396827336776
3.2357416666666667 616.396827336776
3.2383805555555556 616.396827336776
3.238636111111111 616.396827336776
3.241563888861111 616.396827336776
3.243097222222222 616.396827336776
3.243097222222222 616.396827336776
3.2464166666666667 616.396827336776
3.24885 616.396827336776
3.2489166666666667 616.396827336776
3.2515805555555555 616.396827336776
3.2515805555555555 616.396827336776
3.255061111111111 616.396827336776
3.2596055555555554 616.396827336776
3.2604555555555557 616.396827336776
3.26085 616.396827336776
3.2620666666666667 616.396827336776
3.2625 616.396827336776
3.263525 616.396827336776
3.263638888888889 616.396827336776
3.265375 613.491759494311
3.2661972222222224 613.491759494311
3.267611111111111 613.491759494311
3.2677194444444444 613.491759494311
3.268263888888889 613.491759494311
3.268988888888889 613.491759494311
3.269788888888889 613.491759494311
3.269788888888889 613.491759494311
3.2705555555555557 613.491759494311
3.2718833333333333 613.491759494311
3.2725805555555554 613.491759494311
3.2726972221944446 613.491759494311
3.2734027777777777 613.491759494311
3.274686111111111 613.8359910989253
3.277477777777778 613.8359910989253
3.2781861111111112 613.8359910989253
3.278311111111111 613.8359910989253
3.279 613.8359910989253
3.2809805555555553 611.4450751003321
3.2809805555555553 611.4450751003321
3.281136111111111 611.4450751003321
3.2815333333333334 611.4450751003321
3.283811111111111 611.4450751003321
3.2843333333333335 611.4450751003321
3.2865416666666665 611.4450751003321
3.2869611111111112 611.4450751003321
3.287227777777778 611.4450751003321
3.292111111111111 611.4450751003321
3.2921833333333335 611.4450751003321
3.2928083333333333 611.4450751003321
3.2941166666666666 611.4450751003321
3.2956138888611113 611.4450751003321
3.296666666666667 611.4450751003321
3.2978555555555555 608.4059725290984
3.2978555555555555 608.4059725290984
3.2995694444444443 608.4059725290984
3.300308333333333 608.4059725290984
3.300377777777778 608.4059725290984
3.3006583333333332 608.4059725290984
3.3012027777777777 608.4059725290984
3.3031555555555556 608.4059725290984
3.3052194444444445 608.4059725290984
3.30605 608.4059725290984
3.306313888888889 608.4059725290984
3.3080194444444446 608.4059725290984
3.3088527777777776 608.4059725290984
3.3088527777777776 608.4059725290984
3.3088527777777776 608.4059725290984
3.3091694444444446 608.4059725290984
3.3116916666666665 608.4059725290984
3.3117833333333335 608.4059725290984
3.312063888888889 608.4059725290984
3.3135916666666665 608.4059725290984
3.3144833333333334 607.0927627515883
3.3145305555555558 607.0927627515883
3.314966666638889 607.0927627515883
3.3157444444444444 607.0927627515883
3.3203305555555556 607.0927627515883
3.3220444444444444 607.0927627515883
3.323036111111111 607.0927627515883
3.3231305555555557 607.0927627515883
3.3258972222222223 607.0927627515883
3.3258972222222223 607.0927627515883
3.3287333333333335 607.0927627515883
3.329816666666667 607.0927627515883
3.3329583333333335 607.0927627515883
3.333075 607.0927627515883
3.3338833333333335 607.0927627515883
3.3338833333333335 607.0927627515883
3.335488888888889 607.0927627515883
3.336675 607.0927627515883
3.3371444444444442 607.0927627515883
3.3383833333333333 607.0927627515883
3.338433333333333 607.0927627515883
3.3423777777777777 607.0927627515883
3.3423777777777777 607.0927627515883
3.3429333333333333 607.0927627515883
3.3435277777777777 607.0927627515883
3.345266666638889 607.0927627515883
3.345736111111111 607.0927627515883
3.345736111111111 607.0927627515883
3.347741666666667 607.0927627515883
3.348088888888889 607.0927627515883
3.348525 607.0927627515883
3.348997222222222 607.0927627515883
3.350547222222222 607.0927627515883
3.3541305555555554 607.0927627515883
3.3564944444166667 607.0927627515883
3.357372222222222 607.3027722738768
3.3602666666388887 607.3027722738768
3.362075 607.3027722738768
3.362075 607.3027722738768
3.3645055555555556 607.3027722738768
3.3652055555555553 607.3027722738768
3.36585 607.3027722738768
3.3673527777777776 607.3027722738768
3.3673527777777776 607.3027722738768
3.370547222222222 607.3027722738768
3.3722861111111113 607.3027722738768
3.3730944444444444 607.3027722738768
3.3730944444444444 607.3027722738768
3.374911111111111 607.3027722738768
3.3759166666666665 607.3027722738768
3.3759166666666665 607.3027722738768
3.376786111111111 607.3027722738768
3.3789805555555557 607.3027722738768
3.381883333333333 607.3027722738768
3.3821833333333333 607.3027722738768
3.384636111111111 607.3027722738768
3.3861416666666666 607.3027722738768
3.3861416666666666 607.3027722738768
3.387438888888889 607.3027722738768
3.3890277777777778 607.3027722738768
3.3890277777777778 607.3027722738768
3.390233333333333 607.3027722738768
3.390233333333333 607.3027722738768
3.3918222222222223 607.3027722738768
3.3930805555555557 607.3027722738768
3.393538888888889 607.3027722738768
3.3950805555555554 607.3027722738768
3.3964333333333334 607.3027722738768
3.39745 606.5405139702144
3.39745 606.5405139702144
3.3998138888888887 606.5405139702144
3.3998138888888887 606.5405139702144
3.400252777777778 606.5405139702144
3.4007 606.5405139702144
3.4018333333333333 606.5405139702144
3.4030944444444446 606.5405139702144
3.404611111111111 606.5405139702144
3.404611111111111 606.5405139702144
3.4062666666666668 606.5405139702144
3.407452777777778 606.5405139702144
3.4075194444444445 606.5405139702144
3.409063888861111 606.5405139702144
3.4102972222222223 606.5405139702144
3.412 606.5405139702144
3.412836111083333 606.5405139702144
3.413 606.5405139702144
3.4297833333333334 606.5405139702144
3.4297833333333334 606.5405139702144
3.4297833333333334 606.5405139702144
3.4631083333333335 606.6558458562856
3.4631083333333335 606.6558458562856
3.4631083333333335 606.6558458562856
3.4631083333333335 606.6558458562856
3.4631083333333335 606.6558458562856
3.4631083333333335 606.6558458562856
3.4631083333333335 606.6558458562856
3.4631083333333335 606.6558458562856
3.4631083333333335 606.6558458562856
3.4631083333333335 606.6558458562856
3.4631083333333335 606.6558458562856
3.4631083333333335 606.6558458562856
3.4631083333333335 606.6558458562856
3.4631083333333335 606.6558458562856
3.4631083333333335 606.6558458562856
3.4631083333333335 606.6558458562856
3.4631083333333335 606.6558458562856
3.4631083333333335 606.6558458562856
3.4631083333333335 606.6558458562856
3.4631083333333335 606.6558458562856
3.4631083333333335 606.6558458562856
3.4797555555555557 606.6558458562856
3.4797555555555557 606.6558458562856
3.4797555555555557 606.6558458562856
3.4797555555555557 606.6558458562856
3.4797555555555557 606.6558458562856
3.4797555555555557 606.6558458562856
3.4797555555555557 606.6558458562856
3.4797555555555557 606.6558458562856
3.4797555555555557 606.6558458562856
3.4965055555555558 605.8159863165614
3.4965055555555558 605.8159863165614
3.4965055555555558 605.8159863165614
3.4965055555555558 605.8159863165614
3.5131027777777777 605.8159863165614
3.5131027777777777 605.8159863165614
3.5131027777777777 605.8159863165614
3.546577777777778 605.871096338739
3.546577777777778 605.871096338739
3.546577777777778 605.871096338739
3.546577777777778 605.871096338739
3.546577777777778 605.871096338739
3.546577777777778 605.871096338739
3.563286111111111 604.7003129856915
3.563286111111111 604.7003129856915
3.563286111111111 604.7003129856915
3.563286111111111 604.7003129856915
3.5799583333333334 603.2771634834464
3.5799583333333334 603.2771634834464
3.5966416666666667 603.4454091641414
3.5966416666666667 603.4454091641414
3.5966416666666667 603.4454091641414
3.5966416666666667 603.4454091641414
3.5966416666666667 603.4454091641414
3.5966416666666667 603.4454091641414
3.5966416666666667 603.4454091641414
3.6134222222222223 603.1786751584096
3.6134222222222223 603.1786751584096
3.6134222222222223 603.1786751584096
3.63015 601.9570042784779
3.63015 601.9570042784779
3.63015 601.9570042784779
3.6469055555555556 601.4277191544248
3.6469055555555556 601.4277191544248
3.6469055555555556 601.4277191544248
3.6469055555555556 601.4277191544248
3.6636444444444445 599.0054692797288
3.6636444444444445 599.0054692797288
3.6636444444444445 599.0054692797288
3.6636444444444445 599.0054692797288
3.6636444444444445 599.0054692797288
3.6802166666666665 598.3345332016354
3.6802166666666665 598.3345332016354
3.6802166666666665 598.3345332016354
3.6802166666666665 598.3345332016354
3.696925 596.8467309069509
3.696925 596.8467309069509
3.696925 596.8467309069509
3.696925 596.8467309069509
3.696925 596.8467309069509
3.713702777777778 592.9854665265567
3.713702777777778 592.9854665265567
3.713702777777778 592.9854665265567
3.713702777777778 592.9854665265567
3.713702777777778 592.9854665265567
3.7303611111111112 589.9600425777072
3.7303611111111112 589.9600425777072
3.763752777777778 582.6013582405685
3.763752777777778 582.6013582405685
3.763752777777778 582.6013582405685
3.763752777777778 582.6013582405685
3.763752777777778 582.6013582405685
3.7804 577.986805521121
3.7804 577.986805521121
3.7804 577.986805521121
3.7804 577.986805521121
3.797172222222222 571.236900024099
3.797172222222222 571.236900024099
3.797172222222222 571.236900024099
3.797172222222222 571.236900024099
3.797172222222222 571.236900024099
3.8138666666666667 558.4968193567423
3.8138666666666667 558.4968193567423
3.8972 486.0546091207694
3.9805333333333333 347.66780722918173
4.063866666666667 274.04161657823994
4.1472 227.48666247803234
4.230533333333334 150.27818892899097
4.313866666666667 49.68122245268018
4.3972 23.946166786211588
4.480533333333334 14.405320036062514
4.563866666638889 8.698789445975112
4.647199999972222 4.320645505371933
4.730533333305556 1.4269057160153324
4.813866666638889 0.15384615384615385
4.897199999972222 0
4.980533333305556 0
5.063866666638889 21.053686901599058
5.147199999972222 46.649169487376675
5.230533333305556 78.04669274266368
5.313866666638889 113.82526569483193
5.397199999972222 154.1647813982458
5.480533333305556 196.36534719264606
5.563866666638889 573.8677755445964
5.647199999972222 581.284064542489
5.730533333305556 591.037282827412
5.813866666638889 598.6526171816639
5.897199999972222 607.2640614741412
5.980533333305556 611.416017673561
6.015075 614.1012684193616
6.015075 614.1012684193616
6.015075 614.1012684193616
6.015075 614.1012684193616
6.015075 614.1012684193616
6.015075 614.1012684193616
6.015075 614.1012684193616
6.015075 614.1012684193616
6.015075 614.1012684193616
6.015075 614.1012684193616
6.015075 614.1012684193616
6.015075 614.1012684193616
6.015075 614.1012684193616
6.015075 614.1012684193616
6.015075 614.1012684193616
6.015075 614.1012684193616
6.015075 614.1012684193616
6.015075 614.1012684193616
6.015075 614.1012684193616
6.015075 614.1012684193616
6.015075 614.1012684193616
6.015075 614.1012684193616
6.015075 614.1012684193616
6.015075 614.1012684193616
6.015075 614.1012684193616
6.015075 614.1012684193616
6.015075 614.1012684193616
6.015075 614.1012684193616
6.015075 614.1012684193616
6.015075 614.1012684193616
6.015075 614.1012684193616
6.015075 614.1012684193616
6.015075 614.1012684193616
6.015075 614.1012684193616
6.015075 614.1012684193616
6.015075 614.1012684193616
6.015075 614.1012684193616
6.015075 614.1012684193616
6.015075 614.1012684193616
6.015075 614.1012684193616
6.015075 614.1012684193616
6.015075 614.1012684193616
6.015075 614.1012684193616
6.015075 614.1012684193616
6.015075 614.1012684193616
6.015075 614.1012684193616
6.015075 614.1012684193616
6.015075 614.1012684193616
6.015075 614.1012684193616
6.015075 614.1012684193616
6.015075 614.1012684193616
6.015075 614.1012684193616
6.015075 614.1012684193616
6.015075 614.1012684193616
6.015075 614.1012684193616
6.015075 614.1012684193616
6.015075 614.1012684193616
6.015075 614.1012684193616
6.015075 614.1012684193616
6.015075 614.1012684193616
6.015075 614.1012684193616
6.015075 614.1012684193616
6.015075 614.1012684193616
6.015075 614.1012684193616
6.015075 614.1012684193616
6.015075 614.1012684193616
6.015075 614.1012684193616
6.015075 614.1012684193616
6.015075 614.1012684193616
6.015075 614.1012684193616
6.015075 614.1012684193616
6.015075 614.1012684193616
6.015075 614.1012684193616
6.015075 614.1012684193616
6.015075 614.1012684193616
6.015075 614.1012684193616
6.015075 614.1012684193616
6.015075 614.1012684193616
6.015075 614.1012684193616
6.015075 614.1012684193616
6.015075 614.1012684193616
6.015075 614.1012684193616
6.015075 614.1012684193616
6.015075 614.1012684193616
6.015075 614.1012684193616
6.015075 614.1012684193616
6.015075 614.1012684193616
6.015075 614.1012684193616
6.015075 614.1012684193616
6.015075 614.1012684193616
6.015075 614.1012684193616
6.015075 614.1012684193616
6.015075 614.1012684193616
6.015075 614.1012684193616
6.015075 614.1012684193616
6.015075 614.1012684193616
6.015075 614.1012684193616
6.015075 614.1012684193616
6.015075 614.1012684193616
6.015075 614.1012684193616
6.015075 614.1012684193616
6.015075 614.1012684193616
6.015075 614.1012684193616
6.015075 614.1012684193616
6.015075 614.1012684193616
6.015075 614.1012684193616
6.015075 614.1012684193616
6.015075 614.1012684193616
6.015075 614.1012684193616
6.015075 614.1012684193616
6.015075 614.1012684193616
6.015075 614.1012684193616
6.015075 614.1012684193616
6.015075 614.1012684193616
6.015075 614.1012684193616
6.015075 614.1012684193616
6.015075 614.1012684193616
6.015075 614.1012684193616
6.015075 614.1012684193616
6.015075 614.1012684193616
6.015075 614.1012684193616
6.015075 614.1012684193616
6.015075 614.1012684193616
6.015075 614.1012684193616
6.015075 614.1012684193616
6.015075 614.1012684193616
6.015075 614.1012684193616
6.015075 614.1012684193616
6.015075 614.1012684193616
6.015075 614.1012684193616
6.015075 614.1012684193616
6.015075 614.1012684193616
6.015075 614.1012684193616
6.015075 614.1012684193616
6.015075 614.1012684193616
6.015075 614.1012684193616
6.015075 614.1012684193616
6.015075 614.1012684193616
6.015075 614.1012684193616
6.015075 614.1012684193616
6.015075 614.1012684193616
6.015075 614.1012684193616
6.015075 614.1012684193616
6.015075 614.1012684193616
6.015075 614.1012684193616
6.015075 614.1012684193616
6.015075 614.1012684193616
6.015075 614.1012684193616
6.015075 614.1012684193616
6.015075 614.1012684193616
6.015075 614.1012684193616
6.015075 614.1012684193616
6.015075 614.1012684193616
6.015075 614.1012684193616
6.015075 614.1012684193616
6.015075 614.1012684193616
6.015075 614.1012684193616
6.015075 614.1012684193616
6.015075 614.1012684193616
6.015075 614.1012684193616
6.015075 614.1012684193616
6.015075 614.1012684193616
6.015075 614.1012684193616
6.015075 614.1012684193616
6.015075 614.1012684193616
6.015075 614.1012684193616
6.015075 614.1012684193616
6.015075 614.1012684193616
6.015075 614.1012684193616
6.015075 614.1012684193616
6.015075 614.1012684193616
6.015075 614.1012684193616
6.015075 614.1012684193616
6.015075 614.1012684193616
6.015075 614.1012684193616
6.015075 614.1012684193616
6.015075 614.1012684193616
6.015075 614.1012684193616
6.015075 614.1012684193616
6.015075 614.1012684193616
6.015075 614.1012684193616
6.015075 614.1012684193616
6.015075 614.1012684193616
6.015075 614.1012684193616
6.015075 614.1012684193616
6.015075 614.1012684193616
6.015075 614.1012684193616
6.015075 614.1012684193616
6.015075 614.1012684193616
6.015075 614.1012684193616
6.015075 614.1012684193616
6.015075 614.1012684193616
6.015075 614.1012684193616
6.015075 614.1012684193616
6.015075 614.1012684193616
6.015075 614.1012684193616
6.015075 614.1012684193616
6.015075 614.1012684193616
6.015075 614.1012684193616
6.015075 614.1012684193616
6.015122222222222 614.1012684193616
6.015122222222222 614.1012684193616
6.015122222222222 614.1012684193616
6.015122222222222 614.1012684193616
6.015122222222222 614.1012684193616
6.015122222222222 614.1012684193616
6.015122222222222 614.1012684193616
6.015122222222222 614.1012684193616
6.015122222222222 614.1012684193616
6.015122222222222 614.1012684193616
6.015122222222222 614.1012684193616
6.015122222222222 614.1012684193616
6.015122222222222 614.1012684193616
6.015122222222222 614.1012684193616
6.015122222222222 614.1012684193616
6.015122222222222 614.1012684193616
6.015122222222222 614.1012684193616
6.015122222222222 614.1012684193616
6.015122222222222 614.1012684193616
6.015122222222222 614.1012684193616
6.015122222222222 614.1012684193616
6.015122222222222 614.1012684193616
6.015122222222222 614.1012684193616
6.015122222222222 614.1012684193616
6.015122222222222 614.1012684193616
6.015122222222222 614.1012684193616
6.015122222222222 614.1012684193616
6.015122222222222 614.1012684193616
6.015122222222222 614.1012684193616
6.015122222222222 614.1012684193616
6.015122222222222 614.1012684193616
6.015122222222222 614.1012684193616
6.015122222222222 614.1012684193616
6.015122222222222 614.1012684193616
6.015122222222222 614.1012684193616
6.015122222222222 614.1012684193616
6.015122222222222 614.1012684193616
6.015122222222222 614.1012684193616
6.015122222222222 614.1012684193616
6.015122222222222 614.1012684193616
6.015122222222222 614.1012684193616
6.015122222222222 614.1012684193616
6.015122222222222 614.1012684193616
6.015122222222222 614.1012684193616
6.015122222222222 614.1012684193616
6.015122222222222 614.1012684193616
6.015122222222222 614.1012684193616
6.015122222222222 614.1012684193616
6.015122222222222 614.1012684193616
6.015122222222222 614.1012684193616
6.015122222222222 614.1012684193616
6.015122222222222 614.1012684193616
6.015122222222222 614.1012684193616
6.015122222222222 614.1012684193616
6.015122222222222 614.1012684193616
6.030327777777778 613.3912971938165
6.034827777777778 610.9283552406995
6.037625 610.9283552406995
6.038697222222222 610.9283552406995
6.038780555555555 610.9283552406995
6.043025 610.9283552406995
6.044411111111111 610.9283552406995
6.045972222222222 610.9283552406995
6.047205555555555 610.9283552406995
6.047205555555555 610.9283552406995
6.0515888888888885 609.7020505875778
6.052891666666667 609.7020505875778
6.055686111111111 609.7020505875778
6.056966666666667 609.7020505875778
6.057966666666666 609.7020505875778
6.058511111111111 609.7020505875778
6.059369444444444 609.7020505875778
6.0613166666666665 609.7020505875778
6.064152777777778 610.2925674959553
6.067733333333333 607.8360702025851
6.0696972222222225 607.8360702025851
6.075277777777778 607.8360702025851
6.075927777777777 607.8360702025851
6.077413888888889 607.8360702025851
6.077413888888889 607.8360702025851
6.077413888888889 607.8360702025851
6.080875 607.8360702025851
6.083141666666666 607.8360702025851
6.083141666666666 607.8360702025851
6.083152777777777 607.8360702025851
6.085933333333333 606.195707476005
6.089325 606.195707476005
6.091283333333333 606.195707476005
6.093352777777778 606.195707476005
6.094897222222222 606.195707476005
6.096855555555556 606.195707476005
6.096855555555556 606.195707476005
6.097375 606.195707476005
6.0976888888888885 606.195707476005
6.098369444444445 606.195707476005
6.1001666666666665 606.195707476005
6.103066666666667 604.5429304953435
6.103066666666667 604.5429304953435
6.103066666666667 604.5429304953435
6.103255555555555 604.5429304953435
6.104841666666666 604.5429304953435
6.105858333333333 604.5429304953435
6.106819444444445 604.5429304953435
6.108647222222222 604.5429304953435
6.109047222222222 604.5429304953435
6.109608333333333 604.5429304953435
6.110433333333333 604.5429304953435
6.111436111083333 604.5429304953435
6.111941666666667 604.5429304953435
6.113236111111111 604.5429304953435
6.11555 604.5429304953435
6.117527777777778 602.6343394165087
6.117622222222222 602.6343394165087
6.120377777777778 602.6343394165087
6.120413888888889 602.6343394165087
6.120791666666666 602.6343394165087
6.123280555555556 602.6343394165087
6.123280555555556 602.6343394165087
6.123686111111111 602.6343394165087
6.125925 602.6343394165087
6.129441666666667 602.6343394165087
6.129441666666667 602.6343394165087
6.131805555555555 602.6343394165087
6.13225 602.6343394165087
6.132583333333334 602.6343394165087
6.1350388888888885 601.6605150653238
6.140075 601.6605150653238
6.140075 601.6605150653238
6.140261111111111 601.6605150653238
6.142969444444445 601.6605150653238
6.143394444444445 601.6605150653238
6.144972222222222 601.6605150653238
6.148641666666666 602.1178607140487
6.148641666666666 602.1178607140487
6.148919444444444 602.1178607140487
6.151513888888889 599.6614694014787
6.151797222222222 599.6614694014787
6.151797222222222 599.6614694014787
6.154305555555555 599.6614694014787
6.154575 599.6614694014787
6.155138888888889 599.6614694014787
6.157122222222222 599.6614694014787
6.157122222222222 599.6614694014787
6.157122222222222 599.6614694014787
6.157958333333333 599.6614694014787
6.159311111111111 599.6614694014787
6.159911111111111 599.6614694014787
6.162836111111111 599.6614694014787
6.165113888888889 599.6614694014787
6.165958333333333 599.6614694014787
6.167933333333333 599.6614694014787
6.168333333333333 599.6614694014787
6.170816666666667 599.6614694014787
6.171191666666667 599.6614694014787
6.1712388888888885 599.6614694014787
6.174002777777778 599.6614694014787
6.174030555527778 599.6614694014787
6.17560277775 599.6614694014787
6.17560277775 599.6614694014787
6.1767972222222225 599.6614694014787
6.177475 599.6614694014787
6.179166666666666 599.6614694014787
6.184511111111111 597.0933420544799
6.185113888888889 597.0933420544799
6.185936111111111 597.0933420544799
6.185936111111111 597.0933420544799
6.187311111111111 597.0933420544799
6.187311111111111 597.0933420544799
6.187311111111111 597.0933420544799
6.187630555555556 597.0933420544799
6.1904361111111115 597.0933420544799
6.1904361111111115 597.0933420544799
6.1915861111111115 597.0933420544799
6.192036111111111 597.0933420544799
6.192813888888889 597.0933420544799
6.192891666666666 597.0933420544799
6.194866666666667 597.0933420544799
6.194880555555556 597.0933420544799
6.196069444444444 597.0933420544799
6.197658333333333 597.0933420544799
6.1984 597.0933420544799
6.198911111111111 597.0933420544799
6.201244444444445 594.2346987999207
6.204080555555556 594.2346987999207
6.204080555555556 594.2346987999207
6.2064111111111115 594.2346987999207
6.2064111111111115 594.2346987999207
6.206541666666666 594.2346987999207
6.207333333333334 594.2346987999207
6.209066666666667 594.2346987999207
6.209066666666667 594.2346987999207
6.210163888888889 594.2346987999207
6.212955555555555 594.2346987999207
6.214713888888889 594.2346987999207
6.214772222222222 594.2346987999207
6.215777777777777 594.2346987999207
6.217561111111111 591.9143092178696
6.220452777777778 591.9143092178696
6.220452777777778 591.9143092178696
6.221369444444444 591.9143092178696
6.223136111111111 591.9143092178696
6.223252777777778 591.9143092178696
6.225930555555555 591.9143092178696
6.227255555555556 591.9143092178696
6.227308333333333 591.9143092178696
6.228180555555555 591.9143092178696
6.228738888888889 591.9143092178696
6.230122222222223 591.9143092178696
6.231 592.217521275459
6.232605555555556 592.217521275459
6.233847222222222 591.6233104625971
6.235816666666667 591.6233104625971
6.23665 591.6233104625971
6.238844444444444 591.6233104625971
6.2394944444444445 591.6233104625971
6.242902777777778 591.6233104625971
6.245705555555555 591.6233104625971
6.246966666666666 591.6233104625971
6.249894444444444 591.6233104625971
6.249894444444444 591.6233104625971
6.25135 588.0363429271147
6.251941666666666 588.0363429271147
6.252616666638889 588.0363429271147
6.254002777777778 588.0363429271147
6.254244444444445 588.0363429271147
6.254733333333333 588.0363429271147
6.261038888888889 588.0363429271147
6.261491666666666 588.0363429271147
6.262369444444444 588.0363429271147
6.262369444444444 588.0363429271147
6.262597222222222 588.0363429271147
6.264358333333333 588.0363429271147
6.264922222222222 588.0363429271147
6.267816666666667 586.2196692826554
6.270094444444444 586.2196692826554
6.270169444444444 586.2196692826554
6.272136111111111 586.2196692826554
6.272936111111111 586.2196692826554
6.272936111111111 586.2196692826554
6.273063888888889 586.2196692826554
6.275730555555556 586.2196692826554
6.275936111111111 586.2196692826554
6.278230555555556 586.2196692826554
6.279061111111111 586.2196692826554
6.282247222222222 586.2196692826554
6.287425 584.2934922526865
6.287930555555556 584.2934922526865
6.288708333333333 584.2934922526865
6.2930166666666665 584.2934922526865
6.2930166666666665 584.2934922526865
6.294994444444445 584.2934922526865
6.297863888888889 584.2934922526865
6.2985 584.2934922526865
6.2990916666666665 584.2934922526865
6.299986111111111 584.2934922526865
6.300663888888889 582.3484729639281
6.300711111111111 582.3484729639281
6.3055666666666665 582.3484729639281
6.3055666666666665 582.3484729639281
6.306180555555556 582.3484729639281
6.307827777777778 582.3484729639281
6.3108 582.3484729639281
6.3108 582.3484729639281
6.312008333333333 582.3484729639281
6.313605555555555 582.3484729639281
6.314869444444445 582.5372443400726
6.318583333333334 579.9152551528803
6.318638888888889 579.9152551528803
6.321961111111111 579.9152551528803
6.321961111111111 579.9152551528803
6.321961111111111 579.9152551528803
6.323675 579.9152551528803
6.323675 579.9152551528803
6.328086111111111 579.9152551528803
6.328291666666667 579.9152551528803
6.329969444444444 579.9152551528803
6.3311166666666665 579.9152551528803
6.332402777777777 579.9152551528803
6.333708333333333 579.9152551528803
6.335577777777778 577.9190951389467
6.339519444444444 577.9190951389467
6.339519444444444 577.9190951389467
6.340461111111111 577.9190951389467
6.34115 577.9190951389467
6.342066666666667 577.9190951389467
6.3421555555277775 577.9190951389467
6.344888888888889 577.9190951389467
6.347294444416667 577.9190951389467
6.347863888888889 577.9190951389467
6.3479 577.9190951389467
6.350961111111111 575.1476793332359
6.350961111111111 575.1476793332359
6.354386111111111 575.1476793332359
6.355047222194444 575.1476793332359
6.356816666666667 575.1476793332359
6.357177777777777 575.1476793332359
6.357811111111111 575.1476793332359
6.357811111111111 575.1476793332359
6.357941666666667 575.1476793332359
6.359530555555556 575.1476793332359
6.3624 575.1476793332359
6.365216666666667 575.1476793332359
6.366163888888889 575.1476793332359
6.366436111083333 575.1476793332359
6.3680055555555555 575.1476793332359
6.3680055555555555 575.1476793332359
6.369283333305556 575.1476793332359
6.369758333333333 575.1476793332359
6.372072222222222 575.1476793332359
6.372769444444445 575.1476793332359
6.376377777777778 575.1476793332359
6.378075 575.1476793332359
6.378244444444444 575.1476793332359
6.381163888888889 575.1476793332359
6.383697222222223 575.1476793332359
6.383905555555556 575.1476793332359
6.383905555555556 575.1476793332359
6.384025 575.1476793332359
6.385008333333333 575.1476793332359
6.3906 575.1476793332359
6.3925 575.1476793332359
6.394291666666667 575.1476793332359
6.396269444444444 575.1476793332359
6.396411111111111 575.1476793332359
6.397575 575.2280818295732
6.398933333333333 575.2280818295732
6.398933333333333 575.2280818295732
6.416574999972222 575.2280818295732
6.416574999972222 575.2280818295732
6.416574999972222 575.2280818295732
6.416574999972222 575.2280818295732
6.43325 575.2280818295732
6.43325 575.2280818295732
6.43325 575.2280818295732
6.43325 575.2280818295732
6.43325 575.2280818295732
6.45 574.4690570329795
6.45 574.4690570329795
6.45 574.4690570329795
6.45 574.4690570329795
6.466666666666667 574.4690570329795
6.483377777777778 574.5100422971726
6.483377777777778 574.5100422971726
6.483377777777778 574.5100422971726
6.483377777777778 574.5100422971726
6.483377777777778 574.5100422971726
6.483377777777778 574.5100422971726
6.5 574.5100422971726
6.5 574.5100422971726
6.5 574.5100422971726
6.5 574.5100422971726
6.5 574.5100422971726
6.5 574.5100422971726
6.516741666666666 563.5112858222794
6.516741666666666 563.5112858222794
6.5335 562.1649596004892
6.5335 562.1649596004892
6.5335 562.1649596004892
6.5335 562.1649596004892
6.5335 562.1649596004892
6.5335 562.1649596004892
6.550225 561.7626753197251
6.550225 561.7626753197251
6.550225 561.7626753197251
6.566913888888889 561.3629383867097
6.566913888888889 561.3629383867097
6.566913888888889 561.3629383867097
6.566913888888889 561.3629383867097
6.566913888888889 561.3629383867097
6.566913888888889 561.3629383867097
6.583586111111111 559.5117994957857
6.583586111111111 559.5117994957857
6.583586111111111 559.5117994957857
6.583586111111111 559.5117994957857
6.600236111111111 557.7608615302013
6.600236111111111 557.7608615302013
6.600236111111111 557.7608615302013
6.600236111111111 557.7608615302013
6.616997222222222 553.9231946154464
6.616997222222222 553.9231946154464
6.616997222222222 553.9231946154464
6.616997222222222 553.9231946154464
6.633622222222222 551.8230918352524
6.633622222222222 551.8230918352524
6.650311111111111 549.9236038325978
6.650311111111111 549.9236038325978
6.650311111111111 549.9236038325978
6.650311111111111 549.9236038325978
6.650311111111111 549.9236038325978
6.683763888888889 540.9121329789888
6.683763888888889 540.9121329789888
6.683763888888889 540.9121329789888
6.683763888888889 540.9121329789888
6.683763888888889 540.9121329789888
6.700466666666666 532.3845521467239
6.700466666666666 532.3845521467239
6.700466666666666 532.3845521467239
6.700466666666666 532.3845521467239
6.700466666666666 532.3845521467239
6.717136111111111 527.3737482878889
6.717136111111111 527.3737482878889
6.717136111111111 527.3737482878889
6.717136111111111 527.3737482878889
6.7338 521.6318911562445
6.750430555555556 515.3264039851744
6.750430555555556 515.3264039851744
6.750430555555556 515.3264039851744
6.750430555555556 515.3264039851744
6.750430555555556 515.3264039851744
6.750430555555556 515.3264039851744
6.767205555555556 506.5309910885569
6.767205555555556 506.5309910885569
6.767205555555556 506.5309910885569
6.783891666638889 495.3367145094747
6.783891666638889 495.3367145094747
6.783891666638889 495.3367145094747
6.800572222222222 487.57568867635223
6.800572222222222 487.57568867635223
6.800572222222222 487.57568867635223
6.817269444416667 478.13616699253856
6.817269444416667 478.13616699253856
6.817269444416667 478.13616699253856
6.817269444416667 478.13616699253856
6.833952777777778 461.5539474318434
6.833952777777778 461.5539474318434
6.833952777777778 461.5539474318434
6.850708333333333 442.8458231008208
6.850708333333333 442.8458231008208
6.850708333333333 442.8458231008208
6.850708333333333 442.8458231008208
6.934041666666666 331.71460208525247
7.017375 254.7354866736735
7.100708333333333 205.46453624819551
7.184041666666666 164.94142103762678
7.267375 111.7728512812569
7.350708333333333 52.665182397125044
7.434041666666666 21.730871308253782
7.517375 14.382839740380568
7.600708333333333 9.228976736913575
7.684041666666666 5.262424828171694
7.767375 2.128549882221356
7.850708333333333 0.4444444444444444
7.934041666666666 0
8 0
