# SectorTime Extract Insert None ParkPod RepositionPod Rest
0 12.638959462818756 4.240545186868763 0.45715425324257014 2.66334109706991 0 0
0.016591666666666668 12.638959462818756 4.240545186868763 0.45715425324257014 2.66334109706991 0 0
0.033325 12.590587326226077 4.29521853113318 0.42944793486423255 2.6811937338850536 0 0.0035524738914569426
0.049994444444444446 12.590587326226077 4.29521853113318 0.42944793486423255 2.6811937338850536 0 0.0035524738914569426
0.06658888888888889 12.555079855846877 4.328692495903773 0.41681711325057863 2.689099800535493 0 0.010310734463276836
0.08332777777777778 12.472860786745489 4.398576914012336 0.39366060695887983 2.7008696051809107 0 0.0340320871023844
0.09998611111111111 12.429450134851466 4.433750510930921 0.3830211310951263 2.706251507743589 0 0.047526715378896536
0.11665555555555555 12.375439583416634 4.472379164439642 0.37294162764525457 2.7096676673758764 0 0.06957195712259252
0.13329166666666667 12.375439583416634 4.472379164439642 0.37294162764525457 2.7096676673758764 0 0.06957195712259252
0.14999722222222223 12.250089735393344 4.557428239004546 0.35429454626299184 2.713863245755716 0 0.1243242335834028
0.16655277777777777 12.250089735393344 4.557428239004546 0.35429454626299184 2.713863245755716 0 0.1243242335834028
0.18333333333333332 12.111196573390485 4.647550703813852 0.33742337739332556 2.7163776943705233 0 0.18745165103181222
0.19993611111111112 12.111196573390485 4.647550703813852 0.33742337739332556 2.7163776943705233 0 0.18745165103181222
0.21664166666666668 11.958414910963644 4.743116580913223 0.3220859511481744 2.7148756779597423 0 0.2615068790152147
0.23330277777777778 11.880820505534823 4.790676953189225 0.31492848556710384 2.713063625856933 0 0.30051042985191356
0.24999722222222223 11.800440349617398 4.839068033916996 0.30808221414173204 2.71024340210642 0 0.3421660002174517
0.26666666666666666 11.718161476930502 4.887527579294648 0.3015272734153122 2.7064793580899713 0 0.38630431226956263
0.2833 11.632503058182975 4.935635782048414 0.29524545521915985 2.701323879659818 0 0.4352918248896298
0.29990555555555554 11.632503058182975 4.935635782048414 0.29524545521915985 2.701323879659818 0 0.4352918248896298
0.31659166666666666 11.54660970625188 4.982262377987239 0.28922003776570765 2.6977340806629555 0 0.4841737973322143
0.3333138888888889 11.375251576639254 5.070944012881725 0.27787807550038574 2.6898191737664576 0 0.586107161212174
0.34996666666666665 11.375251576639254 5.070944012881725 0.27787807550038574 2.6898191737664576 0 0.586107161212174
0.3665833333333333 11.286624943755166 5.113810474172461 0.2725342663561476 2.6845662409376154 0 0.6424640747786066
0.38332222222222223 11.113046242134605 5.196015024511752 0.2624404046392532 2.672792182631284 0 0.7557061460831027
0.3999916666666667 11.027657522580641 5.235481418005477 0.2576687609185395 2.6666202035531397 0 0.8125720949421977
0.41665555555555556 10.93963436424416 5.274601919616036 0.2530675330449942 2.6599855921899254 0 0.872710590904881
0.43330277777777776 10.93963436424416 5.274601919616036 0.2530675330449942 2.6599855921899254 0 0.872710590904881
0.44997777777777775 10.765259674497187 5.3506140879830655 0.24434106638827024 2.6459260851146054 0 0.9938590860168695
0.46663055552777777 10.765259674497187 5.3506140879830655 0.24434106638827024 2.6459260851146054 0 0.9938590860168695
0.4832194444444444 10.676865442726049 5.3878918153053865 0.2401996923816894 2.635825642994019 0 1.0592174065928548
0.49995833333333334 10.590160623200388 5.424082318948602 0.23619636417532788 2.625793520695531 0 1.1237671729801488
0.51665 10.39280960041155 5.536291113492472 0.21832981813346633 2.621337314649365 0 1.2312321533131458
0.5332444444444444 10.304596107071356 5.5706862616009305 0.21469098783124188 2.6093150260718754 0 1.3007116174245934
0.5499972222222222 10.021111258586512 5.710433736348406 0.19448896762922177 2.5871433089001585 0 1.4868227285357043
0.5666583333333334 9.87828446120089 5.778832429158864 0.1846850460605943 2.5752642239328383 0 1.5829338396468156
0.5832972222222222 9.792301655826012 5.80978053141309 0.1816574223546829 2.561735302229021 0 1.6545250881771956
0.59992777775 9.73652520194163 5.844573169899605 0.17542578680133505 2.5613753350439485 0 1.6821005063134822
0.616625 9.50290324101776 5.9398400991775775 0.16368863389409113 2.5319391125967647 0 1.8616289133138075
0.6333249999722222 9.293137133113527 6.038521069481673 0.14887291814320316 2.51697675181879 0 2.002492127442808
0.6499916666388889 9.204214433538164 6.067451522252869 0.1464323785015113 2.500976864191554 0 2.080924801515904
0.6666583333055556 8.99019997464358 6.165843473853258 0.13220625147653647 2.479749975862506 0 2.2320003241641198
0.6832805555555556 8.99019997464358 6.165843473853258 0.13220625147653647 2.479749975862506 0 2.2320003241641198
0.6999972221944445 8.68139045083406 6.291319664329448 0.11633323560352059 2.436178547291077 0 2.4747781019418977
0.7165527777777778 8.68139045083406 6.291319664329448 0.11633323560352059 2.436178547291077 0 2.4747781019418977
0.7332472222222223 8.523486410430017 6.352430775440559 0.10875747802776302 2.413047234159764 0 2.6022781019418977
0.7499833333333333 8.363764188207794 6.4128011458109295 0.10135007062035561 2.3892509378634674 0 2.732833657497453
0.7666416666666667 8.200901869367216 6.472475058854408 0.09410369380876143 2.366074609361052 0 2.866444768608565
0.7832944444444444 7.945870226118666 6.5550213926181 0.08558507727265686 2.3252169742116626 0 3.0883063297789155
0.7999527777777777 7.792905375026645 6.625389349430013 0.07436197254743619 2.314348623054996 0 3.192994679940913
0.8166472222222222 7.6195397575932295 6.6844750175955845 0.06744395110156973 2.2900663677800046 0 3.3384749059296137
0.8333 7.525880761633343 6.707233767302325 0.06631988524987689 2.2716208172058936 0 3.428944768608565
0.85 7.174573572090859 6.823638996060495 0.053247989825040296 2.22126134008171 0 3.7272781019418977
0.8666583333055555 6.9980992131165 6.882228739650238 0.04683773341478388 2.19333398965436 0 3.8795003241641197
0.8832333333333333 6.9980992131165 6.882228739650238 0.04683773341478388 2.19333398965436 0 3.8795003241641197
0.8999194444444445 6.8180683489189695 6.941086764341596 0.04066489390861104 2.1617907797778164 0 4.038389213053009
0.9166555555555556 6.548782043663057 7.01974966336947 0.03403700444066063 2.106677633519428 0 4.290753655007387
0.9333194444444445 6.362784340542677 7.096085003047853 0.023084263671094646 2.081843461290062 0 4.436202931448315
0.9498972222222222 6.2725712682002985 7.115594697441499 0.02269952594324307 2.0588127369352276 0 4.5303217714797315
0.9666611111111111 5.900743493563028 7.2301341421999945 0.011205273069679849 1.9851727331666202 0 4.872744358000678
0.983325 5.799089907271795 7.269943942369427 0.005649717514124294 1.969983187420234 0 4.955333245424419
0.9999833333333333 5.519938408817264 7.344055987774381 0 1.9088168009632303 0 5.227188802445123
1.0166583333333334 5.326911101849277 7.397911919977772 0 1.8688309252570157 0 5.406346052915933
1.033311111111111 5.1344111018492775 7.451245253311105 0 1.8274420363681267 0 5.586901608471489
1.0499333333333334 5.1344111018492775 7.451245253311105 0 1.8274420363681267 0 5.586901608471489
1.0665638888888889 4.9452444351826115 7.500689697755549 0 1.7854975919236824 0 5.768568275138155
1.08325 4.7591333240715 7.548024914328053 0 1.743383655953814 0 5.949458105646629
1.0999833333333333 4.394962103670772 7.639695285727516 0 1.6592886913031397 0 6.306053919298571
1.1165611111111111 4.394962103670772 7.639695285727516 0 1.6592886913031397 0 6.306053919298571
1.1333027777777778 4.152797984260957 7.692023133323312 0 1.5981626650997476 0 6.557016217315982
1.1499416666666666 3.9896832301625964 7.7280887070938045 0 1.5585451787609497 0 6.723682883982648
1.1666555555555556 3.829242488426504 7.763025552027961 0 1.5201146493333761 0 6.887617310212156
1.183325 3.5819520854558338 7.816020422339538 0 1.4604498934889323 0 7.141577598715693
1.1999583333333332 3.5819520854558338 7.816020422339538 0 1.4604498934889323 0 7.141577598715693
1.2166388888888888 3.2902854187891677 7.867327344015313 0 1.3864335000463095 0 7.4559537371492075
1.2333305555555556 3.149174307678057 7.891129711957026 0 1.3501948843814644 0 7.609501095983452
1.249986111111111 3.0127854187891683 7.912983081720231 0 1.3147896020499523 0 7.759441897440647
1.2666583333333334 2.8805631965669463 7.933443008860487 0 1.2802176530517742 0 7.905776141520793
1.2832694444444444 2.8805631965669463 7.933443008860487 0 1.2802176530517742 0 7.905776141520793
1.299975 2.630058426723472 7.971396375536416 0 1.2114696983730053 0 8.187075499367108
1.3166555555555555 2.5094369577969187 7.98994157327653 0 1.1766062332129301 0 8.324015235713624
1.3333111111111111 2.390825846685807 8.008274906609865 0 1.1418840109907076 0 8.459015235713625
1.3499305555555556 2.390825846685807 8.008274906609865 0 1.1418840109907076 0 8.459015235713625
1.3666361111111112 2.2780480689080296 8.025497128832086 0 1.1085506776573741 0 8.587904124602513
1.383325 2.0580480689080303 8.058188385662687 0 1.044261060171035 0 8.839502485258253
1.3999666666666666 1.9841731774205957 8.069909092764314 0 1.0224123775750638 0 8.92350535224003
1.4166 1.9191183191445107 8.076906608848546 0 1.0041912067256082 0 8.99978386528134
1.43332777775 1.7505942237041152 8.101153098082806 0 0.9527467506406099 0 9.195505927572475
1.4499444444444445 1.6533720014818931 8.114486431416138 0 0.9235800839739432 0 9.30856148312803
1.4666444444444444 1.6262675424412063 8.117447013970187 0 0.9162330307295437 0 9.340052412859068
1.483325 1.4696290636287859 8.139167129758269 0 0.8713621067580497 0 9.5198416998549
1.4999805555555557 1.4696290636287859 8.139167129758269 0 0.8713621067580497 0 9.5198416998549
1.5166277777777777 1.382129063628786 8.151111574202714 0 0.8463621067580499 0 9.620397255410456
1.5332305555555557 1.2971290636287862 8.162862986632094 0 0.8220400728597448 0 9.717967876879381
1.5499888888888889 1.1321290636287862 8.185558797196755 0 0.7744216757741343 0 9.907890463400328
1.5666305555555555 1.0702442454982006 8.194918550821559 0 0.7567565064369729 0 9.97808069724327
1.583325 0.9917131720518728 8.20545192245806 0 0.7342773337854362 0 10.068557571704632
1.5999027777777777 0.9751846191843416 8.206472168194871 0 0.7295393782223456 0 10.088803834398444
1.6165972222222222 0.8324068414065638 8.22376501188602 0 0.6893887190886355 0 10.254439427618783
1.6332305555555555 0.8324068414065638 8.22376501188602 0 0.6893887190886355 0 10.254439427618783
1.6498861111111112 0.7654669506961812 8.231544950757929 0 0.6705316291562472 0 10.332456469389644
1.666625 0.6894945013566308 8.23896240151712 0 0.6508096511326006 0 10.42073344599365
1.683286111111111 0.6392374424994597 8.24567734864623 0 0.637066314717051 0 10.478018894137259
1.699961111111111 0.5242374424994597 8.258455126424009 0 0.6070663147170511 0 10.61024111635948
1.7166305555555557 0.5156433860650422 8.258862965881539 0 0.6047646811424547 0 10.620728966910965
1.7333305555555556 0.46455048989017894 8.264873894843289 0 0.5905570308692306 0 10.680018584397304
1.7499722222222223 0.416189834152474 8.27061159976132 0 0.5766226046397223 0 10.736575961446485
1.7666416666666667 0.3711078669393593 8.276076080635638 0 0.5626881784102141 0 10.790127874014791
1.7833027777777777 0.2917374424994597 8.286510681979566 0 0.537066314717051 0 10.884685560803925
1.7999277777777778 0.2869548614748784 8.286185370253124 0 0.5356389980823453 0 10.891220770189653
1.8165555555555555 0.2550707758327931 8.29067734864623 0 0.5245663147170511 0 10.929685560803927
1.8332694444444444 0.22173744249945973 8.294010681979564 0 0.5128996480503842 0 10.971352227470591
1.8499694444444446 0.1606263313883486 8.298521039795009 0 0.4922028495569756 0 11.04864977925967
1.8666444444444446 0.13229299805501527 8.299632150906119 0 0.4838695162236422 0 11.084205334815225
1.8832638888888888 0.13012426038198224 8.29854528504427 0 0.4844071744276262 0 11.086923280146122
1.8999972222222221 0.08805100182149363 8.299844015312898 0 0.47337045784322795 0 11.138734525022382
1.916588888888889 0.08805100182149363 8.299844015312898 0 0.47337045784322795 0 11.138734525022382
1.933325 0.06645167069784108 8.298816383421627 0 0.4682887778481271 0 11.166443168032405
1.9499 0.05172586520947176 8.29935221203421 0 0.4644269241455959 0 11.184494998610722
1.9666166666666667 0.03776314610767715 8.29751509602698 0 0.4610367633996692 0 11.203684994465673
1.9832833333333333 0.02486338797814208 8.296771568301459 0 0.4576640141387179 0 11.220701029581683
2 0.009722222222222222 8.295051094439817 0 0.453347303263252 0 11.241879380074714
2.0166333333333335 0.004519774011299435 8.294119757057441 0 0.4517091219626292 0 11.249651346968635
2.033313888888889 0.0005555555555555556 8.289775169028438 0 0.4522314068722792 0 11.257437868543734
2.049988888888889 0.000546448087431694 8.288030220902288 0 0.45301449856289755 0 11.258408832447389
2.066638888888889 0 8.284119725661402 0 0.45441899272082786 0 11.261461281617777
2.0833305555555555 0.0061111111111111106 8.278160291438986 0 0.45840843135438847 0 11.257320166095523
2.0999333333333334 0.006214689265536723 8.276095211632867 0 0.45996337651858715 0 11.257726722583017
2.1165583333333333 0.014444444444444446 8.274826958105653 0 0.4620195424654996 0 11.248709054984412
2.1332666666666666 0.02598870056497175 8.270727979994447 0 0.46674303753553636 0 11.236540281905052
2.1499333333333333 0.03926553672316384 8.268468092988797 0 0.4706978397954233 0 11.221568530492622
2.166611111111111 0.05416666666666667 8.267604735883427 0 0.47368620913216625 0 11.204542388317746
2.1833027777777776 0.09027777777777776 8.264084699453555 0 0.4821379395511098 0 11.163499583217567
2.1999444444444443 0.09027777777777776 8.264084699453555 0 0.4821379395511098 0 11.163499583217567
2.2166083333333333 0.11118173258003766 8.262752307739808 0 0.4865070544286993 0 11.139558905251466
2.2332833333333335 0.13757062146892657 8.259778719397366 0 0.4927456700935444 0 11.10990498904017
2.2499277777777777 0.167015065913371 8.255698573677876 0 0.4998176190917229 0 11.077468741317038
2.2665694444444444 0.19895951035781545 8.250511870581336 0 0.5082784569787903 0 11.042250162082064
2.2832444444444446 0.2334039548022599 8.244218610107746 0 0.5181281837547466 0 11.004249251335251
2.299913888888889 0.2684322033898305 8.237820305023 0 0.5287025717020158 0 10.965044919885157
2.3166611111111113 0.3457250470809793 8.224290698033405 0 0.5530253002377203 0 10.8769589546479
2.333283333333333 0.3515847936416739 8.222160031898378 0 0.5556189493942919 0 10.870636225065661
2.3499333333333334 0.3910028248587571 8.216790698033403 0 0.567191966904387 0 10.825014510203456
2.366561111111111 0.4387806026365349 8.209290698033403 0 0.5819141891266091 0 10.770014510203456
2.383227777777778 0.4873681732580038 8.202035519125682 0 0.5964433793337655 0 10.714152928282552
2.3999277777777777 0.5390630885122412 8.19458437528943 0 0.6111002284585223 0 10.655252307739808
2.416663888888889 0.6523964218455744 8.17958437528943 0 0.6411002284585224 0 10.526918974406474
2.433236111111111 0.6523964218455744 8.17958437528943 0 0.6411002284585224 0 10.526918974406474
2.4499583333333335 0.727578282102844 8.169147581798455 0 0.659727749233544 0 10.443546386865153
2.4666083333333333 0.7810075329566855 8.161884010990702 0 0.6737322867463184 0 10.38337616930629
2.483236111111111 0.8493408662900188 8.15168820042604 0 0.69191990058967 0 10.307051032694266
2.499919444416667 0.9201741996233521 8.14093683430582 0 0.7114964033219103 0 10.227392562748914
2.51665 1.0090251843340037 8.127037171342316 0 0.7368995311001328 0 10.127038113223543
2.5332944444444445 1.127854959711031 8.110303712172623 0 0.768476595654227 0 9.993364732462116
2.5499833333333335 1.1466525423728815 8.1071421073755 0 0.7743400944706863 0 9.971865255780926
2.566647222222222 1.3163383347226083 8.083373545120551 0 0.8171959803649163 0 9.783092139791915
2.58325 1.3163383347226083 8.083373545120551 0 0.8171959803649163 0 9.783092139791915
2.599972222222222 1.494200858263098 8.059847179772152 0 0.8608871291408108 0 9.58506483282393
2.6166638888888887 1.5879167052576333 8.047757015837727 0 0.8834372202154921 0 9.480889058689138
2.6333305555555557 1.6843647926893273 8.03533226822265 0 0.9063926708036184 0 9.373910268284396
2.649958333333333 1.782420348244883 8.022766354851651 0 0.9293069834213209 0 9.265506313482136
2.666638888888889 1.8838092371337718 8.009155243740542 0 0.9529180945324319 0 9.15411742459325
2.6832833333333332 1.8838092371337718 8.009155243740542 0 0.9529180945324319 0 9.15411742459325
2.6999944444444446 2.0247777552772823 7.989536406063829 0 0.986865858846541 0 8.998819979812346
2.7166361111111113 2.211031459355994 7.962766354851653 0 1.0315292056435432 0 8.794672980148807
2.733299999972222 2.3255123336729335 7.946568722793367 0 1.058728659195456 0 8.66919028433824
2.7499972222222224 2.4419012225618224 7.930179833904478 0 1.0867842147510112 0 8.541134728782684
2.766661111111111 2.561067889228489 7.913513167237812 0 1.1153953258621223 0 8.410023617671575
2.7833055555555557 2.6044758195543958 7.907245028829413 0 1.1269556986168476 0 8.361323452999342
2.7999638888888887 2.731311977746486 7.890013390411334 0 1.1568992014417065 0 8.221775430400472
2.8165833333333334 2.8126262696428013 7.879134636164366 0 1.174905683677565 0 8.133333410515267
2.833327777777778 3.0734348275755603 7.84463083881325 0 1.2347625111913805 0 7.847171822419809
2.8499444444444446 3.2073146089963256 7.826807523694853 0 1.265500216109413 0 7.700377651199407
2.866563888861111 3.261675873555585 7.820199741610586 0 1.278192310167765 0 7.639932074666063
2.883311111111111 3.4024400217888515 7.801306703211659 0 1.3102281236313291 0 7.4860251513681595
2.8999805555555556 3.630732688092371 7.769618258158131 0 1.361446543793029 0 7.238202509956468
2.9166166666666666 3.630732688092371 7.769618258158131 0 1.361446543793029 0 7.238202509956468
2.9332861111111113 3.926528356642277 7.729627674353988 0 1.4302083140378499 0 6.913635654965886
2.9499833333333334 4.076528356642276 7.709283983205212 0 1.4667478620604493 0 6.747439798092063
2.9666638888888888 4.228167700904572 7.6887284276496555 0 1.504056605229848 0 6.579047266215924
2.9832972222222223 4.3823343675712385 7.667895094316322 0 1.541834383007626 0 6.407936155104813
2.9999666666388887 4.456611221258887 7.6583113953499335 0 1.5603400505162295 0 6.324737332874951
3.0166666666666666 4.696947300175975 7.627005263807849 0 1.617062301256522 0 6.058985134759656
3.03325 4.696947300175975 7.627005263807849 0 1.617062301256522 0 6.058985134759656
3.0499944444444442 5.015280633509309 7.586782130838815 0 1.6927544688339353 0 5.705182766817943
3.066647222222222 5.089620295255058 7.57688952760102 0 1.7103595868311932 0 5.623130590312731
3.0832777777777776 5.255935107523591 7.556897082208966 0 1.750258781865019 0 5.436909028402429
3.099913888888889 5.323985906578988 7.546768006545031 0 1.7679804575345002 0 5.361265629341484
3.1166638888888887 5.525314484746067 7.5170210456152855 0 1.8190767168172095 0 5.138587752821443
3.1333166666666665 5.660013938297979 7.496529242336596 0 1.854049394412838 0 4.98940742495259
3.1499305555555557 5.741291948380723 7.484526951931094 0 1.8743946620974965 0 4.899786437590689
3.1665555555555556 5.86934750393628 7.464249174153317 0 1.907172439875274 0 4.759230882035133
3.1833055555555556 6.1178503287950345 7.423411132722054 0 1.9706752647340309 0 4.488063273748881
3.199997222222222 6.235557485103887 7.403632413324691 0 2.0001950387453307 0 4.360615062826095
3.216552777777778 6.235557485103887 7.403632413324691 0 2.0001950387453307 0 4.360615062826095
3.2332916666666667 6.368653709211879 7.381433367192162 0 2.0321762875844382 0 4.217736636011522
3.2499444444444445 6.4453534932542995 7.370012812200921 0 2.05132367015529 0 4.133310024389491
3.2666555555277776 6.540631271032077 7.355568367756475 0 2.0732681145997343 0 4.030532246611713
3.283325 6.720603022444506 7.329466672841221 0 2.1118603933191316 0 3.8380699113951406
3.299977777777778 6.796304136585335 7.318963522510176 0 2.1284072945560837 0 3.7563250463484046
3.316602777777778 6.879436378278335 7.306591598733484 0 2.1451170522885357 0 3.6688549706996447
3.333327777777778 6.883389283908554 7.304736136479927 0 2.1430913565850864 0 3.668783223026432
3.349938888888889 6.950875622706367 7.294626846862441 0 2.155932886639732 0 3.5985646437914593
3.3666222222222224 7.088499865781926 7.27470421005207 0 2.184861378631541 0 3.4519345455344617
3.3833277777777777 7.1335539964805035 7.267563289185268 0 2.190329335309191 0 3.408553379025037
3.3999 7.1335539964805035 7.267563289185268 0 2.190329335309191 0 3.408553379025037
3.416655555527778 7.243444742183563 7.250346847759029 0 2.212481809918951 0 3.2937266001384558
3.4332194444444446 7.221887329813836 7.252841066963044 0 2.206440446420302 0 3.318831156802815
3.4499472222222223 7.2565718872526315 7.247125436077922 0 2.2133378098854615 0 3.2829648667839826
3.466655555527778 7.2557743726627155 7.246496218591379 0 2.2096389100190246 0 3.288090498726877
3.4832555555555555 7.308370612207095 7.239215600012345 0 2.2203551140748967 0 3.2320586737056582
3.4999694444444445 7.342170047235344 7.235425581179954 0 2.219333456824425 0 3.203070914760273
3.51665 7.304042561913829 7.240972219059024 0 2.209287947319913 0 3.245697271707229
3.5333222221944443 7.351933253064122 7.234542156771939 0 2.215672254638634 0 3.1978523355252997
3.5499916666666667 7.351933253064122 7.234542156771939 0 2.215672254638634 0 3.1978523355252997
3.56655 7.342766586397456 7.235375490105273 0 2.21372781019419 0 3.2081301133030777
3.583302777777778 7.365026145052847 7.231076350461441 0 2.2189138382758546 0 3.184983666209854
3.599988888861111 7.346171409823508 7.232957993667416 0 2.2139679415028968 0 3.2069026550061768
3.616661111111111 7.234843922947632 7.2478095008176195 0 2.1887988770408286 0 3.3285476991939165
3.6333055555555553 7.261708808002223 7.2431964897656735 0 2.194950989472384 0 3.300143712759717
3.649938888888889 7.189427387237196 7.251388657343088 0 2.177414559599889 0 3.3817693958198265
3.666625 7.208174744083024 7.248304849275457 0 2.181834015412316 0 3.361686391229202
3.683288888888889 7.14276072057053 7.257499768454199 0 2.167136781822111 0 3.43260272915316
3.699936111111111 7.08836335710537 7.264947979376987 0 2.154712111388966 0 3.4919765521286776
3.7165555555555554 7.034776295361393 7.2722634818523035 0 2.1420801132769145 0 3.5508801095093894
3.73325 6.895055927800225 7.291437208574939 0 2.1120767456655383 0 3.7014301179592994
3.7499694444444445 6.821881541168845 7.301103238553919 0 2.097023015652496 0 3.779992204624741
3.766661111111111 6.742714874502178 7.311936571887253 0 2.0800785712080514 0 3.865269982402519
3.7832805555555558 6.742714874502178 7.311936571887253 0 2.0800785712080514 0 3.865269982402519
3.7999833333333335 6.636798043398747 7.325339116484021 0 2.0576543547093276 0 3.9802084854079047
3.8166527777777777 6.460393782223457 7.349017551171623 0 2.0185625636750952 0 4.172026102929825
3.8332333333333333 6.460393782223457 7.349017551171623 0 2.0185625636750952 0 4.172026102929825
3.8499083333333335 6.355517427680529 7.362970501065111 0 1.995565434843012 0 4.2859466364113485
3.8666444444444443 6.12895271834769 7.393798200117318 0 1.9453067210027477 0 4.531942360532246
3.883322222222222 6.048150214768219 7.40537527880392 0 1.927077649073741 0 4.619396857354122
3.899947222222222 5.8806193850143575 7.428798200117317 0 1.891140054336081 0 4.799442360532246
3.916661111111111 5.746768160908895 7.4473998950325715 0 1.8618227285357045 0 4.94400921552283
3.9332555555555557 5.693606039342379 7.454417972349508 0 1.8501587069854621 0 5.001817281322653
3.949975 5.467045938686673 7.487122117254793 0 1.796267172980149 0 5.249564771078386
3.9666555555555556 5.384140858799577 7.499292380852604 0 1.7759574988194962 0 5.340609261528324
3.983327777777778 5.172988561637493 7.528656725633664 0 1.7244866629619342 0 5.5738680497669115
3.9999333333333333 5.172988561637493 7.528656725633664 0 1.7244866629619342 0 5.5738680497669115
4.016647222222222 4.934888865607782 7.561179866295586 0 1.6679354617326918 0 5.835995806363941
4.033313888888889 4.780898002936456 7.581671669574274 0 1.6317892644738903 0 6.005641063015381
4.049994444444445 4.542246302985396 7.61268678027847 0 1.574687027260659 0 6.270379889475472
4.066591666666667 4.457369121680064 7.623353787853811 0 1.5544839825249641 0 6.364793107941159
4.0833055555555555 4.299081273360616 7.645402049847492 0 1.5147061409085703 0 6.540810535883322
4.0999944444444445 4.0740400882961305 7.677444274644189 0 1.4586839708561026 0 6.789831666203576
4.116588888888889 4.007252545865046 7.686557210032536 0 1.4426946161426144 0 6.863495627959802
4.133327777777778 3.77762387700287 7.719110941310857 0 1.3847085610200371 0 7.1185566206662365
4.149911111111111 3.77762387700287 7.719110941310857 0 1.3847085610200371 0 7.1185566206662365
4.166661111111111 3.4905099410330016 7.759889784199314 0 1.3135736778734841 0 7.4360265968942
4.1833277777777775 3.406168301615481 7.772769272067099 0 1.2923348136566506 0 7.528727612660768
4.199958333333333 3.2107877188107787 7.80016756197709 0 1.245240344540151 0 7.743804374671979
4.216652777777778 3.12789098666767 7.81258062895688 0 1.225265963709318 0 7.834262420666132
4.233216666666666 3.075759470223209 7.819315396252042 0 1.213178197647496 0 7.8917469358772525
4.249891666666667 2.9451583773270342 7.8379538297675255 0 1.1821672686857467 0 8.034720524219692
4.266644444444444 2.817936155104812 7.855731607545303 0 1.1524450464635243 0 8.17388719088636
4.283313888888889 2.612025468468171 7.884642312757935 0 1.1053113466860698 0 8.398020872087825
4.299991666666667 2.488497746549183 7.901816496421632 0 1.0773021539253687 0 8.532383603103817
4.3165611111111115 2.447022784106697 7.907063999259049 0 1.0676804513599458 0 8.57823276527431
4.333241666666667 2.2512096109559634 7.934359826882226 0 1.02377347442714 0 8.79065708773467
4.349947222222222 2.0998005618844746 7.954620496434188 0 0.9894883609644656 0 8.95609058071687
4.366575 2.0653776018535814 7.958643111246742 0 0.9814639616043924 0 8.99451532529528
4.383288888888889 1.9914672285511412 7.968787163100855 0 0.9655994720755767 0 9.074146136272423
4.399905555555556 1.8849098515019607 7.982498456361329 0 0.9422388163378718 0 9.190352875798835
4.416633333333333 1.7824098515019606 7.995883578771876 0 0.9198800592757249 0 9.301826510450436
4.433277777777778 1.5855030718409437 8.021549118582318 0 0.8747905282331512 0 9.518157281343585
4.449922222222222 1.5855030718409437 8.021549118582318 0 0.8747905282331512 0 9.518157281343585
4.466638888888889 1.4674347154719665 8.035949952703918 0 0.8476081698468154 0 9.649007161977302
4.483269444444445 1.376867663604189 8.047555255937814 0 0.8270447012451849 0 9.748532379212811
4.4999666666666664 1.2231487913309254 8.06690886357321 0 0.7945810564663024 0 9.915361288629564
4.516611111111111 1.2030971718009102 8.068817461438128 0 0.789478634775598 0 9.938606731985365
4.533255555555556 1.1395422339538759 8.077068244265375 0 0.7758606557377049 0 10.007528866043042
4.549927777777778 1.0415814502206897 8.087487644564284 0 0.7538744824381999 0 10.117056422776827
4.566605555555555 0.9104948133740852 8.104044642030187 0 0.7223948010249759 0 10.263065743570754
4.583308333333333 0.8538212121069411 8.111553585977267 0 0.7093586887757583 0 10.325266513140036
4.599961111111111 0.8258270740050742 8.11390702031681 0 0.7024944694716351 0 10.357771436206486
4.616574999972222 0.7732019696829365 8.1210832484332 0 0.6900360439628291 0 10.415678737921036
4.633311111083334 0.7079014232348493 8.129330060819356 0 0.6740478836713901 0 10.488720632274408
4.649986111111111 0.5856792010126269 8.144330060819359 0 0.6451589947825014 0 10.624831743385519
4.666655555555556 0.5760779026353707 8.1449201888199 0 0.6426449666498132 0 10.63635694189492
4.683330555555556 0.47813212003334254 8.156781667747207 0 0.6186993300608193 0 10.746386882158633
4.699905555555556 0.47813212003334254 8.156781667747207 0 0.6186993300608193 0 10.746386882158633
4.716658333333333 0.3823552838751505 8.168162838442774 0 0.5937745824457412 0 10.855707295236337
4.733313888888889 0.33652195054181716 8.173162838442774 0 0.5818301380012968 0 10.908485073014116
4.749997222222222 0.2937441727640394 8.177329505109443 0 0.5707190268901857 0 10.95820729523634
4.766647222222222 0.2537441727640394 8.180940616220553 0 0.5604412491124079 0 11.004873961903005
4.783322222222222 0.2187159241764688 8.183964604365409 0 0.5513970701738139 0 11.045922401284315
4.799994444444445 0.18651253434596032 8.186747090241115 0 0.5433415146182583 0 11.083398860794672
4.816599999972222 0.15747037391114604 8.190194781036164 0 0.5358840261654604 0 11.116450818887236
4.833302777777778 0.12857468123861565 8.191502269148836 0 0.5285062980457534 0 11.151416751566797
4.849913888888889 0.12857468123861565 8.191502269148836 0 0.5285062980457534 0 11.151416751566797
4.8665722222222225 0.1055191256830601 8.192933530919083 0 0.5219714581210831 0 11.179575885276781
4.883311111083334 0.06284153005464482 8.19521634095891 0 0.509289077212806 0 11.232653051773644
4.899916666666667 0.046957488191164215 8.196265205494935 0 0.5040792875610458 0 11.252698018752858
4.916655555555556 0.03228597449908926 8.19545313513013 0 0.4983236855916767 0 11.273937204779108
4.933263888888889 0.03175669622861239 8.194434777723625 0 0.49807794211203177 0 11.275730583935733
4.949991666666667 0.01395264116575592 8.192638927479855 0 0.4934648513475965 0 11.299943580006792
4.9666194444444445 0.01395264116575592 8.192638927479855 0 0.4934648513475965 0 11.299943580006792
4.983244444444445 0.007122040072859745 8.191313790867834 0 0.492508567194591 0 11.309055601864715
4.9999416666666665 0.0021678760189913107 8.1896108056731 0 0.4919595151658702 0 11.316261803142037
5.016566666666667 0.001092896174863388 8.188604319100985 0 0.49182550708530137 0 11.318477277638847
5.0333194444444445 0 8.186268627663365 0 0.49140439199212577 0 11.322326980344505
5.049905555555555 0.0061111111111111106 8.18594192831342 0 0.4909920965700348 0 11.31695486400543
5.066566666666667 0.012325800376647832 8.184668426414746 0 0.49069571794634304 0 11.31231005526226
5.083311111083333 0.03764911549504492 8.181501265783705 0 0.4926405483004537 0 11.288209070420793
5.099894444444445 0.03764911549504492 8.181501265783705 0 0.4926405483004537 0 11.288209070420793
5.1166583333333335 0.07209355993948936 8.17740290512797 0 0.4955503843660274 0 11.254953150566509
5.1333166666666665 0.09209355993948937 8.174625127350192 0 0.49805038436602733 0 11.235230928344288
5.149972222222222 0.09209355993948937 8.174625127350192 0 0.49805038436602733 0 11.235230928344288
5.166647222222222 0.1408570534923939 8.168210507776143 0 0.5065522906332509 0 11.184380148098208
5.183330555555556 0.1714939790500397 8.164179333360664 0 0.5119271898538905 0 11.152399497735404
5.199986111111111 0.2060188787008737 8.159137877805563 0 0.5179593096847886 0 11.11688393380877
5.216644444416667 0.23624807741069545 8.155709388005471 0 0.5239490477773877 0 11.084093486806442
5.2333083333333335 0.24018554536754036 8.15469343336112 0 0.5243481985736776 0 11.08077282269766
5.249908333305555 0.27775616683646687 8.149952378747184 0 0.5312691025284799 0 11.041022351887866
5.2666305555555555 0.31786916118674935 8.14492883825754 0 0.5390374641104008 0 10.998164536445305
5.2833194444444445 0.40287139566698094 8.134669770139551 0 0.5569543452416196 0 10.905504488951847
5.2998916666666664 0.40958591892809726 8.133303155197432 0 0.5579035843289799 0 10.89920734154549
5.316625 0.46794048252574866 8.125335584429449 0 0.569475827403406 0 10.837248105641397
5.333263888888889 0.5115539038621839 8.119856827513818 0 0.5791936031613718 0 10.789395665462626
5.349972222222222 0.5753808732180785 8.110234559819661 0 0.5927450029276807 0 10.72163956403458
5.366644444416667 0.635267878867796 8.101759983548476 0 0.6065868108372853 0 10.656385326746445
5.383286111111111 0.6866245253311105 8.09478620604489 0 0.6189770306566639 0 10.599612237967337
5.399969444444444 0.8155134142199995 8.077512194745456 0 0.6493913432743662 0 10.45758304776018
5.416588888888889 0.8682645604349721 8.070503798110284 0 0.6627892993955514 0 10.398442342059193
5.433255555555555 0.8827356364422216 8.068623305856567 0 0.6657802321632552 0 10.382860825537955
5.449988888888889 1.011433959342076 8.051973833047128 0 0.6976231254279801 0 10.238969082182814
5.466652777777778 1.1056135963693619 8.039898351393907 0 0.7196417986477724 0 10.134846253588957
5.483311111083333 1.1862146892655367 8.02973897070174 0 0.7380889753326539 0 10.045957364700069
5.499936111111111 1.1862146892655367 8.02973897070174 0 0.7380889753326539 0 10.045957364700069
5.516588888888889 1.2927607009480033 8.016169667343254 0 0.7617548345978086 0 9.929314797110937
5.533333333333333 1.4454331450094162 7.997114862153069 0 0.7960410299157169 0 9.761410962921799
5.549944444444445 1.4699320118739825 7.994241102754533 0 0.8010586744905598 0 9.734768210880926
5.566661111111111 1.6308568738229754 7.971677009045722 0 0.8393131579759809 0 9.55815295915532
5.583269444444444 1.6989302584051125 7.962032030755355 0 0.8558817947304731 0 9.483155916109059
5.599980555555556 1.8266902071563087 7.944732564601278 0 0.8848687135315365 0 9.343708514710874
5.616625 1.8266902071563087 7.944732564601278 0 0.8848687135315365 0 9.343708514710874
5.633244444444444 1.9316902071563087 7.930565897934611 0 0.9098687135315365 0 9.227875181377543
5.649991666666667 2.1465254237288134 7.901766462906362 0 0.960424269087092 0 8.991283844277733
5.666616666666667 2.1465254237288134 7.901766462906362 0 0.960424269087092 0 8.991283844277733
5.683311111083333 2.3348138599519905 7.876925967595734 0 1.0043592102845813 0 8.783900962167694
5.699891666666667 2.3737274242845237 7.871869269241456 0 1.0129018091445154 0 8.741501497329505
5.716586111111111 2.4917829798400795 7.856313713685899 0 1.0415129202556266 0 8.610390386218397
5.733327777777777 2.6561079427273433 7.835069769851324 0 1.07998832067288 0 8.428833966748453
5.749952777777778 2.7818141574166084 7.8186855890603635 0 1.110214309373445 0 8.289285944149583
5.7666444444166665 2.9887839214596648 7.790318607020469 0 1.1614329597727762 0 8.059464511747091
5.7832944444444445 3.0665634200149707 7.779275132588439 0 1.182283785568851 0 7.971877661827739
5.799994444444445 3.2487839214596645 7.755637368404804 0 1.2268519033064742 0 7.768726806829057
5.816655555555555 3.303848055721693 7.748910164939101 0 1.2390277902053772 0 7.708213989133831
5.833325 3.4414186771906197 7.730548583018196 0 1.2763159257985974 0 7.551716813992587
5.849991666666667 3.66072836590411 7.70083040041987 0 1.3382455002932914 0 7.300195733382731
5.866661111111111 3.801561699237443 7.682176916427403 0 1.3767247846624064 0 7.13953659967275
5.883325 3.9446172547929987 7.663288027538514 0 1.4167247846624065 0 6.975369933006084
5.899969444444444 3.9446172547929987 7.663288027538514 0 1.4167247846624065 0 6.975369933006084
5.916561111111111 4.093783921459665 7.643843583094069 0 1.4572803402179622 0 6.805092155228307
5.9333277777777775 4.396006143681888 7.604162344478405 0 1.5413012873946468 0 6.458530224445065
5.949916666666667 4.396006143681888 7.604162344478405 0 1.5413012873946468 0 6.458530224445065
5.966644444416667 4.63419308945867 7.57111014443903 0 1.6085002361007994 0 6.1861965300015065
5.983305555555556 4.792483871506506 7.549301490851284 0 1.6510963124243683 0 6.007118325217846
5.999952777777778 5.035969713809392 7.5159565156988055 0 1.7144479176314413 0 5.733625852860365
6.016616666666667 5.121325132687517 7.5048796511271965 0 1.7351754175280958 0 5.638619798657193
6.033241666638889 5.201788922848939 7.492227702139484 0 1.7607756012472604 0 5.545207773764319
6.049980555555556 5.443521819463347 7.45673735485218 0 1.8303204907829076 0 5.269420334901567
6.066599999972222 5.514740900250069 7.444958398937977 0 1.8550929270476368 0 5.1852077737643185
6.083269444444444 5.663629789138958 7.421347287826866 0 1.9017595937143035 0 5.013263329319874
6.099955555555556 5.80719536290945 7.398332715877869 0 1.947187644716125 0 4.84728427649656
6.116638888888889 6.081639807353894 7.35444382698898 0 2.0355209780494588 0 4.528395387607669
6.1332611111111115 6.164379465105655 7.342372253435121 0 2.0592868703327825 0 4.4339614111264405
6.1499 6.210250918465006 7.33444382698898 0 2.077187644716125 0 4.378117609829888
6.166658333333333 6.412119578100005 7.304236660214781 0 2.139230373157641 0 4.144413388527572
6.183311111083333 6.481000186754971 7.291547363642299 0 2.1688139692719743 0 4.058638480330752
6.199994444444444 6.666202648883948 7.263064045568214 0 2.2285173350622083 0 3.8422159704856274
6.216647222222222 6.744443371746387 7.251421063289708 0 2.251317063905071 0 3.7528185010588304
6.233330555555556 6.863909805192798 7.231693989071037 0 2.2957630977740724 0 3.608633107962087
6.249997222222222 6.956019033064737 7.2169953073384585 0 2.3271614028588186 0 3.4998242567379814
6.266599999972223 6.956019033064737 7.2169953073384585 0 2.3271614028588186 0 3.4998242567379814
6.283272222222222 7.040392856040255 7.2031205427433544 0 2.355989086474638 0 3.400497514741749
6.299986111111111 7.117287209410018 7.190579559136797 0 2.382678521811614 0 3.309454709641566
6.316663888888889 7.255556018647153 7.16837285048316 0 2.431361103392918 0 3.1447100274767674
6.3333305555555555 7.319652063844893 7.158721249729864 0 2.4537998981198483 0 3.0678267883053922
6.349941666666667 7.319652063844893 7.158721249729864 0 2.4537998981198483 0 3.0678267883053922
6.366630555555555 7.373540952733782 7.150665694174308 0 2.4732443425642927 0 3.0025490105276154
6.383294444444444 7.423178429193293 7.1429491216696 0 2.492269766293106 0 2.941602682843999
6.399986111111111 7.506976243400943 7.129538374857215 0 2.5249428081874594 0 2.838542573554383
6.416658333333333 7.5424862616158785 7.123896298354482 0 2.5392961779506655 0 2.7943212620789732
6.43325 7.5424862616158785 7.123896298354482 0 2.5392961779506655 0 2.7943212620789732
6.449963888888889 7.593087354512053 7.115458229137724 0 2.562565759007131 0 2.72888865734309
6.466641666666667 7.561058779229808 7.120015350347774 0 2.556837054008627 0 2.7620888164137893
6.483272222222222 7.576534009902566 7.116897908799804 0 2.566561142515301 0 2.7400069387823285
6.499938888888889 7.6222084838381 7.1092833657497465 0 2.5828344293167853 0 2.685673721095367
6.516622222222222 7.665187599191863 7.1008177098786085 0 2.6069378185716996 0 2.6270568723578274
6.533330555555556 7.6160592448519635 7.107056358247663 0 2.6040307492822077 0 2.672853647618166
6.549988888888889 7.603750270136765 7.108737380753914 0 2.607703065666388 0 2.6798092834429315
6.566655555555555 7.5887502701367655 7.1112373807539155 0 2.6102030656663886 0 2.6898092834429317
6.583333333333333 7.567639159025654 7.11429293630947 0 2.611869732333055 0 2.70619817233182
6.599975 7.53923296594733 7.118017890772129 0 2.6124480565589203 0 2.730301086721619
6.616638888888889 7.53923296594733 7.118017890772129 0 2.6124480565589203 0 2.730301086721619
6.633305555555555 7.4596937420888505 7.128579620882345 0 2.607220369855824 0 2.8045062671729806
6.649997222222222 7.415249297644407 7.134412954215678 0 2.6041648143002685 0 2.846172933839647
6.6666638888888885 7.361817788891975 7.141086104164738 0 2.599501481893119 0 2.897594625050168
6.6833 7.298509300549484 7.150248627047283 0 2.5847555559604443 0 2.966486516442788
6.699969444444444 7.3059434719520855 7.148107962088235 0 2.5928621376308234 0 2.9530864283288567
6.716658333333333 7.174174770769658 7.164503797351116 0 2.5704329906455494 0 3.0908884412336755
6.733230555555555 7.174174770769658 7.164503797351116 0 2.5704329906455494 0 3.0908884412336755
6.7499472222222225 7.098619215214102 7.174781575128893 0 2.555988546201105 0 3.170610663455898
6.766608333333333 7.007070388353325 7.18734849448136 0 2.543378182577395 0 3.2622029345879184
6.783330555555556 6.846976320582878 7.210613519187428 0 2.5048805223673236 0 3.437529637862369
6.799994444444445 6.7557559198542805 7.223427726837701 0 2.4839743292889995 0 3.536842024019017
6.816658333333334 6.682710740840276 7.234245851534351 0 2.4629255697924584 0 3.6201178378329133
6.833272222222222 6.658811475409837 7.237038837948812 0 2.4589743292889996 0 3.645175357352351
6.84995 6.448265027322404 7.2673257231947135 0 2.40312733475348 0 3.8812819147293998
6.866647222222222 6.41433731592109 7.271291695904229 0 2.3966831652860248 0 3.9176878228886554
6.883327777777778 6.221598360655737 7.299825723194714 0 2.3395162236423683 0 4.139059692507178
6.899947222222222 6.144741556929141 7.311577214071304 0 2.315644372981564 0 4.22803685601799
6.916625 6.020151392994714 7.328790328825402 0 2.282037815604515 0 4.369020462575366
6.9332722222222225 5.838820582877959 7.353714612083603 0 2.2322940014201467 0 4.575170803618289
6.949955555555555 5.760588551464659 7.3659487987707575 0 2.206627979538942 0 4.66683467022564
6.966633333333333 5.619604944907284 7.38671382609316 0 2.16728371724386 0 4.826397511755695
6.983236111111111 5.555341530054645 7.395618072921491 0 2.1523122163563952 0 4.89672818066747
6.999983333333334 5.2467805100182145 7.441629001883238 0 2.06883316353308 0 5.242757324565466
7.016666666666667 5.086516856534222 7.465866290018832 0 2.023757833966225 0 5.4238590194807195
7.033330555555556 5.007577013651333 7.4782346948226355 0 1.9994728347431057 0 5.514715456782925
7.049966666666666 4.849182440446133 7.502400890413364 0 1.954682934611204 0 5.6937337345292995
7.066594444444444 4.768057703342458 7.514940905253587 0 1.9319832057436133 0 5.785018185660343
7.083225 4.60777992556468 7.539643286205968 0 1.8844236819340894 0 5.968153106295263
7.099955555555556 4.377324516948866 7.575158324236372 0 1.8142865823296062 0 6.233230576485156
7.116641666666666 4.14139103667579 7.612089975319324 0 1.7447098772202847 0 6.501809110784601
7.133275 4.073499380336843 7.6224701891479905 0 1.7232222114322628 0 6.580808219082904
7.149897222222222 3.9927799255646788 7.635066914522679 0 1.6997203594005785 0 6.672432800512064
7.16665 3.783608669954329 7.66771287638682 0 1.634810125286329 0 6.913868328372522
7.18325 3.703613258898012 7.680508090993268 0 1.6109458495966567 0 7.004932800512064
7.199972222222223 3.422902876384351 7.724208696918697 0 1.5237225121742566 0 7.329165914522695
7.216569444444445 3.3667897144764107 7.732486696422763 0 1.5055740556905257 0 7.395149533410302
7.233327777777777 3.153458431939907 7.764907573987256 0 1.440536932978039 0 7.641097061094799
7.249988888888889 3.021236209717684 7.784279554663585 0 1.400283309789633 0 7.794200925829098
7.26665 2.9411594893423163 7.796710607155728 0 1.3769040266174382 0 7.885225876884518
7.283311111083333 2.844728030675355 7.810082241496374 0 1.3466627619593403 0 7.998526965868929
7.299991666666667 2.7228701071780868 7.828267525522299 0 1.3102985479550193 0 8.138563819344593
7.316633333333334 2.6471401645199437 7.8398497620587815 0 1.2885257459764918 0 8.224484327444781
7.333275 2.4096811481265012 7.875263374391628 0 1.2180257237631549 0 8.497029753718715
7.349925 2.3701781784850833 7.880996761696684 0 1.2054351381276933 0 8.54338992169054
7.366661111111111 2.185321449444769 7.908909434075824 0 1.1498763684104099 0 8.755892748068998
7.383269444444444 2.185321449444769 7.908909434075824 0 1.1498763684104099 0 8.755892748068998
7.3999083333055555 2.0780992272225465 7.9254634881298776 0 1.1163553473893884 0 8.880081937258186
7.416569444444445 1.9726347463482297 7.941189049757079 0 1.083682305495035 0 9.002493898399655
7.433233333333333 1.869902505911071 7.955997792926478 0 1.0520273484302418 0 9.122072352732209
7.449888888888889 1.7710136170221822 7.9697723027304 0 1.0216025118289347 0 9.237611568418483
7.466555555555556 1.673745857459341 7.982680068916854 0 0.992019799459337 0 9.351554274164467
7.483327777777777 1.486701230865534 8.007997691867672 0 0.9343706646688087 0 9.570930412597983
7.499930555555555 1.4623290795398696 8.010510685813786 0 0.9269854237355812 0 9.60017481091076
7.516583333333333 1.4000345641988676 8.01985253057735 0 0.9071574030200632 0 9.672955502203719
7.533322222222222 1.3384532291287918 8.02894607629335 0 0.8875047036362224 0 9.745095990941634
7.549916666666666 1.2761710490770268 8.038207159010675 0 0.8674758135632461 0 9.818145978349051
7.566638888888889 1.1523399214386776 8.056096876047942 0 0.827623759285743 0 9.963939443227636
7.583288888888889 1.0911703442527143 8.064995607127601 0 0.8072169185454837 0 10.0366171300742
7.599922222222222 1.0911703442527143 8.064995607127601 0 0.8072169185454837 0 10.0366171300742
7.6165972222222225 1.032445812072816 8.0737887862517 0 0.7866462543169698 0 10.107119147358514
7.633266666638889 0.9764542236213596 8.082099266495444 0 0.7665829760965351 0 10.174863533786661
7.649952777777778 0.8627643324658274 8.098605034366154 0 0.725344292849062 0 10.313286340318955
7.666619444444445 0.8627643324658274 8.098605034366154 0 0.725344292849062 0 10.313286340318955
7.683258333333334 0.7536165400806921 8.115108819643059 0 0.6844583790744169 0 10.44681626120183
7.699955555555555 0.7536165400806921 8.115108819643059 0 0.6844583790744169 0 10.44681626120183
7.716569444444445 0.7023029957768178 8.123062475607842 0 0.6664262619718004 0 10.508208266643535
7.733258333333334 0.6499278589586752 8.131261572577523 0 0.6481674555470637 0 10.570643112916732
7.749927777777778 0.601375566037487 8.138462911111818 0 0.6310986321169274 0 10.629062890733763
7.766663888888889 0.5080251487772496 8.152011430697538 0 0.5975353187848 0 10.742428101740408
7.78325 0.5080251487772496 8.152011430697538 0 0.5975353187848 0 10.742428101740408
7.799969444444445 0.46112828795964067 8.158977765913914 0 0.5805508180016788 0 10.799343128124764
7.816663888888889 0.36914814047106653 8.172777027852403 0 0.5488143924903652 0 10.909260439186163
7.8332194444444445 0.36914814047106653 8.172777027852403 0 0.5488143924903652 0 10.909260439186163
7.849911111111111 0.3283768439828432 8.178346453548713 0 0.5358680856359579 0 10.957408616832483
7.866586111111111 0.2863554011425546 8.18376012890242 0 0.5227062332710117 0 11.007178236684009
7.883308333333333 0.20904127868179187 8.193693108843092 0 0.5014110747090844 0 11.09585453776603
7.899916666666667 0.1722553882748046 8.198610510014658 0 0.4908021230806331 0 11.138331978629902
7.916627777777777 0.1386055422255133 8.203332715062697 0 0.4805393265972226 0 11.177522416114567
7.933263888888889 0.10640766601645976 8.207352304721404 0 0.47310420875204295 0 11.213135820510093
7.949983333333333 0.07730890842099895 8.210605404864479 0 0.46723867972432714 0 11.244847006990197
7.966569444444445 0.053162311809155156 8.213020157099827 0 0.461006555132379 0 11.27281097595864
7.98325 0.053162311809155156 8.213020157099827 0 0.461006555132379 0 11.27281097595864
7.999922222222223 0.03928582724385909 8.213977796576165 0 0.45598526121191807 0 11.290751114968057
