# SectorTime OrderTurnoverTimeAvg
0.010575 493.1036511156188
0.010597222222222221 493.1036511156188
0.012055555555555555 492.31463709677433
0.01275277775 495.0344466800806
0.015644444444444443 494.0429659318639
0.018430555555555554 493.84032000000013
0.018711111111111112 493.84032000000013
0.021244444444444444 493.51215568862284
0.02171388888888889 493.51215568862284
0.024047222194444443 497.36190476190484
0.02413888888888889 496.67990099009916
0.024183333333333334 496.67990099009916
0.026905555555555554 499.00980314960646
0.027341666666666667 499.00980314960646
0.029655555555555557 502.80305283757355
0.029805555555555554 502.24998046875015
0.02981666666666667 502.24998046875015
0.03018888888888889 502.24998046875015
0.03259444444444445 503.1952131782947
0.03259444444444445 503.1952131782947
0.03270555555555556 503.1952131782947
0.035347222222222224 502.1980115830117
0.03535833333333333 502.1980115830117
0.03546944444444444 502.1980115830117
0.03571388888888889 502.1980115830117
0.03823611111111111 509.93233269598477
0.03829444444444444 509.93233269598477
0.03853611111111111 509.93233269598477
0.041025 514.1490702087287
0.041091666666666665 514.1490702087287
0.04370277777777778 514.8633081285445
0.04370277777777778 514.8633081285445
0.043852777777777775 514.8633081285445
0.04386388888888889 514.8633081285445
0.04656944444444444 515.8640943396229
0.046655555555555554 515.8640943396229
0.04674166666666667 515.8640943396229
0.046941666666666666 515.8640943396229
0.049383333333333335 516.6412593984965
0.04940555555555556 516.6412593984965
0.052125 522.1802420856613
0.05226111108333333 522.1802420856613
0.05228611111111111 522.1802420856613
0.052519444444444445 522.1802420856613
0.05485 522.1802420856613
0.055025 522.1802420856613
0.0551 522.1802420856613
0.055330555555555556 522.1802420856613
0.05771388888888889 525.3995361781078
0.05788611108333333 525.3995361781078
0.05788611108333333 525.3995361781078
0.0579 525.3995361781078
0.05812777777777778 525.3995361781078
0.060519444444444445 526.4789667896682
0.060727777777777776 526.4789667896682
0.060727777777777776 526.4789667896682
0.06343055555555556 526.4789667896682
0.06626388888888889 529.9420955882356
0.06626388888888889 529.9420955882356
0.06626388888888889 529.9420955882356
0.06673055555555556 529.9420955882356
0.06909166666666666 534.5180109489055
0.06909166666666666 534.5180109489055
0.06955277777777778 533.8328597449913
0.07196666666666666 533.8641379310349
0.07212222222222223 533.8641379310349
0.07229722222222222 533.4336413043482
0.07464722222222223 532.458630630631
0.07473611111111111 532.458630630631
0.07481944444444444 532.458630630631
0.07494444444444444 532.458630630631
0.07511666666666666 532.458630630631
0.07747222222222222 535.4773070017957
0.07748333333333333 535.4773070017957
0.07764444444444445 535.4773070017957
0.08036388888888889 535.9094633273708
0.08045555555555556 535.9094633273708
0.0807 535.9094633273708
0.08336111111111111 539.385373665481
0.08336111111111111 539.385373665481
0.08354722222222222 539.385373665481
0.08590833333333334 541.7124645390077
0.08599166666666666 541.7124645390077
0.08616388888888889 541.7124645390077
0.08616388888888889 541.7124645390077
0.08631388888888888 541.7124645390077
0.088725 550.0429276895948
0.08888888888888889 550.0429276895948
0.089075 550.0429276895948
0.089075 550.0429276895948
0.09149722222222222 552.8204225352117
0.09170555555555555 552.8204225352117
0.09186666666666667 552.8204225352117
0.09194444444444444 552.8204225352117
0.09431666666666666 552.8204225352117
0.0946638888888889 552.8204225352117
0.09728333333333333 554.6296672504383
0.09745555552777778 554.6296672504383
0.09745555552777778 554.6296672504383
0.097575 554.6296672504383
0.09991111111111112 555.75543554007
0.10305555555555555 555.5579861111114
0.10305555555555555 555.5579861111114
0.10325 555.5579861111114
0.1055 555.5515771230506
0.10571666666666667 555.5515771230506
0.10593888888888889 555.5515771230506
0.10593888888888889 555.5515771230506
0.10833055555555555 557.958431034483
0.10850555555555555 557.958431034483
0.10880555555555556 557.958431034483
0.11141666666666666 561.2421232876717
0.11150555555555555 561.2421232876717
0.11160833333333334 561.2421232876717
0.1141888888888889 562.8064163822529
0.11435833333333334 562.8064163822529
0.11666666666666667 566.2747028862483
0.11704166666666667 566.2747028862483
0.11717222222222222 566.2747028862483
0.11727222222222222 566.2747028862483
0.119475 571.9404721753798
0.11986944444444445 571.9404721753798
0.119925 571.9404721753798
0.12004444444444444 571.9404721753798
0.1223 572.4508389261748
0.12272777777777778 572.4508389261748
0.12285833333333333 572.4508389261748
0.125575 572.9869063545153
0.12558611111111112 572.9869063545153
0.1279 571.9697009966781
0.13080277777777777 572.0370743801657
0.13103055555555557 572.0370743801657
0.131175 572.0370743801657
0.13126944444444444 572.0370743801657
0.13388055555555556 573.3532454695226
0.13392777777777778 573.3532454695226
0.1340111111111111 573.3532454695226
0.13404722222222223 573.3532454695226
0.1363361111111111 578.732144026187
0.13922222222222222 578.732144026187
0.1394388888888889 578.732144026187
0.1396111111111111 578.732144026187
0.14201944444444445 580.0907352941181
0.1424138888888889 580.0907352941181
0.14336666666666667 580.0907352941181
0.14512222222222224 585.2322149837138
0.14529166666666668 585.2322149837138
0.146175 585.2322149837138
0.147625 587.4314146341467
0.1479111111111111 587.4314146341467
0.14810277777777778 587.4084253246757
0.14811944444444444 587.4084253246757
0.14897499997222222 587.4084253246757
0.15038888888888888 588.3363209076178
0.15316388888888888 588.3363209076178
0.15348333333333333 588.3363209076178
0.153675 588.3363209076178
0.15371944444444444 588.3363209076178
0.1545527777777778 591.6407269789987
0.1563027777777778 591.6407269789987
0.15647777777777777 591.1704354838713
0.15654444441666668 591.1704354838713
0.15738888888888888 591.1704354838713
0.1590111111111111 591.1704354838713
0.16203333333333333 592.7628502415463
0.16223055555555554 595.063794212219
0.16299444444444444 597.9390850722315
0.16438055555555556 597.9390850722315
0.16462222222222223 597.9390850722315
0.16508611108333332 597.9390850722315
0.16584999997222222 600.8207371794875
0.16720277775 600.8207371794875
0.16747222222222222 600.8207371794875
0.1676 600.8207371794875
0.1678388888888889 600.4043840000004
0.1686361111111111 604.7306210191086
0.17046944444444445 606.6560254372022
0.17283888888888888 608.4413809523812
0.17312777777777777 608.4413809523812
0.17423611111111112 610.0950315457416
0.1760611111111111 610.0950315457416
0.17629999997222223 610.0950315457416
0.1789 613.0879120879124
0.1791361111111111 613.0879120879124
0.18158333333333335 616.0922500000004
0.18171944444444443 616.0922500000004
0.18258611108333334 616.6905295950158
0.18395277777777777 616.6905295950158
0.18538333333333334 616.5407919254661
0.18675833333333333 616.5407919254661
0.18749444444444444 616.129643410853
0.18822777777777777 615.535263157895
0.18961111111111112 615.535263157895
0.18989166666666665 615.535263157895
0.1901 618.1796290571873
0.19027222222222223 618.1796290571873
0.19241666666666668 617.9235901386751
0.1928638888611111 620.8101846153849
0.19664722219444444 622.0299694189605
0.19793333330555554 622.0299694189605
0.19843333333333332 622.0299694189605
0.19848055555555555 622.0299694189605
0.19954166666666667 624.3829725609759
0.20367222222222223 629.2522575757579
0.20403888888888888 632.1341754916796
0.20406388888888888 632.1341754916796
0.206575 635.1860633484165
0.20683333333333334 635.1860633484165
0.20701944444444445 635.1860633484165
0.20791666666666667 636.7615662650605
0.209675 640.0390690690693
0.20986666666666667 640.0390690690693
0.2107638888888889 640.6683808095954
0.21235277777777778 640.6683808095954
0.21265833333333334 640.6683808095954
0.2176611111111111 650.9290341753347
0.21806944444444445 650.9290341753347
0.2183277777777778 650.9290341753347
0.21906944444444446 650.9290341753347
0.2208638888888889 650.9290341753347
0.22114722222222222 650.9290341753347
0.22356944444444443 655.2750960118171
0.22359444444444446 655.2750960118171
0.22629999997222222 659.0203088235297
0.22746111111111111 660.5196475770929
0.22881666666666667 661.3762316715546
0.22913611111111112 661.3762316715546
0.22921111111111112 661.3762316715546
0.22942777777777779 661.3762316715546
0.2302611111111111 661.3762316715546
0.23219166666666666 663.5764035087724
0.23311666666666667 666.0336350364968
0.23491944444444443 667.730742358079
0.23587222222222223 671.6412917271412
0.2371611111111111 672.9686396526778
0.23753611111111111 672.9686396526778
0.23789166666666667 672.9686396526778
0.23865277777777777 675.1383092485554
0.240575 678.0061038961044
0.24078055555555555 678.116974063401
0.24149722222222222 678.116974063401
0.24275 678.713482014389
0.2430027777777778 679.1763793103454
0.24349166666666666 679.1763793103454
0.24563333333333334 679.3432998565286
0.24589444444444444 679.3432998565286
0.24705833333333332 680.1244921316171
0.24860833333333332 680.1244921316171
0.24920277777777777 680.1244921316171
0.24989166666666668 680.2466142857148
0.2517138888888889 680.2466142857148
0.25201111111111113 680.2466142857148
0.25269444444444444 680.8918518518524
0.2531861111111111 680.8918518518524
0.25424444444444444 683.7812944523475
0.2545222222222222 683.7812944523475
0.25495 685.2061363636368
0.2556027777777778 685.2061363636368
0.2559722222222222 685.2061363636368
0.25713888888888886 685.2061363636368
0.2574416666666667 685.2061363636368
0.25781944444444443 686.3160567375892
0.2583944444444444 686.3160567375892
0.2599194444444444 686.3160567375892
0.260275 686.3160567375892
0.2607055555555556 689.4354096045203
0.26166388888888886 692.5092535211272
0.26356111111111113 692.824838255978
0.26445833333333335 692.9864606741579
0.26638055555555556 693.7156783216789
0.26736666666666664 694.3741620111737
0.2692833333333333 695.3263509749308
0.27021388888888886 698.211279554938
0.27108611111111114 698.211279554938
0.2721027777777778 699.1410526315794
0.2724083333333333 699.1410526315794
0.27388055555555557 699.1410526315794
0.27493055555555557 699.1228038674038
0.27521944444444446 699.1228038674038
0.27673333333333333 699.4580965517247
0.2785416666666667 702.7689683631368
0.27931388888888886 703.2892032967039
0.2796194444444444 703.8807270233202
0.2808611111111111 706.4909165526682
0.28129444444444446 706.4909165526682
0.28220555555555554 706.4909165526682
0.2833555555555556 706.4909165526682
0.28500555555555557 706.4909165526682
0.2861611111111111 706.4909165526682
0.28654444444444443 709.3931557377056
0.2877472222222222 709.3931557377056
0.2879499999722222 709.3931557377056
0.2889611111111111 709.3931557377056
0.28935555555555553 709.4051841746254
0.29055 709.4051841746254
0.29055 709.4051841746254
0.29079166666666667 709.4051841746254
0.2917638888888889 714.1614149659871
0.2934527777777778 717.4624423337864
0.29360555555555556 717.4624423337864
0.29625555555555555 718.0860569105697
0.2963499999722222 718.0860569105697
0.29638333333333333 718.0860569105697
0.2990083333333333 718.5260675675682
0.29911666666666664 718.5260675675682
0.2991916666666667 718.5260675675682
0.2995777777777778 718.5260675675682
0.3024861111111111 718.9313360323893
0.3029222222222222 719.2806199460922
0.30464444444444444 719.2806199460922
0.3048138888888889 719.2806199460922
0.30579444441666664 719.1259811827962
0.30579444441666664 719.1259811827962
0.3076138888888889 720.9112080536917
0.3086361111111111 720.5171045576412
0.31028055555555556 720.2126104417677
0.31145 719.3739786381849
0.3131305555555556 718.4447066666673
0.3137361111111111 719.9940213049274
0.31600277775 719.108034528553
0.31656944444444446 719.108034528553
0.31714166666666666 718.1740000000007
0.3190138888888889 717.9161772486779
0.31935555555555556 717.9161772486779
0.3213083333333333 717.9161772486779
0.32222222222222224 720.0341501976293
0.32345833333333335 720.0341501976293
0.3241888888888889 719.6405526315798
0.327175 720.3971879106447
0.3277777777777778 723.060275590552
0.3291027777777778 723.060275590552
0.3299722222222222 722.6909043250336
0.3311527777777778 723.9299738219903
0.3325194444444444 723.5736732026152
0.332925 723.5736732026152
0.33334444444444444 724.9519321148832
0.33618333333333333 724.8112369791673
0.33679722222222225 724.8112369791673
0.33808333333333335 724.9485435630696
0.3386 724.9485435630696
0.3395416666666667 724.2351948051955
0.341575 724.2351948051955
0.34439444444444445 727.9561498708017
0.34718611108333336 728.1274580645168
0.35008333333333336 730.7924710424717
0.3519888888888889 731.5158023106552
0.35247222222222224 731.32817948718
0.3528722222222222 731.32817948718
0.3534027777777778 731.32817948718
0.354925 734.8148721227627
0.35516944441666665 734.8148721227627
0.3553 734.8148721227627
0.3557194444444444 734.8148721227627
0.3561916666666667 737.8116730523634
0.35806666666666664 738.2445222929944
0.35813055555555556 738.2445222929944
0.3605583333333333 738.2445222929944
0.36088055555555554 738.2445222929944
0.36090555555555554 738.2445222929944
0.36138055555555554 738.2445222929944
0.36375555555555555 738.2445222929944
0.3641638888888889 738.2445222929944
0.36454722219444446 738.2445222929944
0.36627777777777776 738.4910814249371
0.36645 738.4910814249371
0.36704166666666665 738.4910814249371
0.3691 740.4340050697093
0.3693416666666667 740.4340050697093
0.36943611111111113 740.4340050697093
0.36994444444444446 740.4340050697093
0.37214166666666665 740.4579393173206
0.3723166666666667 740.4579393173206
0.3728166666666667 739.7467297979806
0.3768472222222222 739.9644723618098
0.37697777775 739.9644723618098
0.3779777777777778 739.9644723618098
0.37985833333333335 738.6913283208028
0.38087777777777776 738.6913283208028
0.38100277775 738.6913283208028
0.382475 740.9996250000008
0.3827527777777778 740.9996250000008
0.38366944444444445 741.6436828963804
0.38524444444444444 740.8457481296766
0.3852583333333333 740.2003362391041
0.38648333333333335 740.2003362391041
0.38797777777777775 739.4189179104484
0.39205277777777775 738.3353473945416
0.3929 738.3353473945416
0.39366666666666666 738.3353473945416
0.3957638888888889 738.3239232673272
0.3965472222222222 737.3707777777784
0.39670555555555553 738.1349507389168
0.3986388888888889 738.1349507389168
0.39946944444444443 736.843034398035
0.4014611111111111 737.7074110429454
0.40224166666666666 739.6328763769897
0.40428888888888886 740.3119926650373
0.4050638888888889 744.2427682926835
0.4050638888888889 744.2427682926835
0.4050638888888889 744.2427682926835
0.40708055555555556 744.2427682926835
0.40791666666666665 744.2427682926835
0.40791666666666665 744.2427682926835
0.40881388888888887 744.2427682926835
0.4107388888888889 744.2427682926835
0.4107527777777778 744.2427682926835
0.41160555555555556 744.2427682926835
0.4126166666666667 744.2427682926835
0.4135 744.2427682926835
0.41439444444444445 744.2427682926835
0.4155111111111111 745.986326034064
0.4162388888888889 745.986326034064
0.4163277777777778 745.986326034064
0.4163277777777778 745.986326034064
0.41831111111111113 745.633863912516
0.41912222222222223 746.3423422330105
0.42006944444444444 746.2231636363645
0.42116944444444443 746.2231636363645
0.4219833333333333 746.2231636363645
0.4246333333333333 745.6797941888628
0.4260055555277778 748.7070410628027
0.42745833333333333 749.6192168674706
0.42745833333333333 749.6192168674706
0.4276333333333333 749.6192168674706
0.4288111111111111 749.6192168674706
0.4302611111111111 750.4145728038517
0.4304472221944444 751.1559014423085
0.4331638888888889 751.1559014423085
0.43435833333333335 751.1559014423085
0.4360361111111111 751.1559014423085
0.43874444444444444 751.1559014423085
0.438875 751.1559014423085
0.44046111111111114 751.1559014423085
0.4404722222222222 751.4091476590644
0.44156111108333335 751.4091476590644
0.44167222222222224 751.4091476590644
0.4428361111111111 751.4091476590644
0.44327222222222223 754.5787889688257
0.4432833333333333 754.5787889688257
0.44435 754.5787889688257
0.4472 761.991708482677
0.4499444444444444 765.2006555423129
0.4516472222222222 765.2006555423129
0.45443055555555556 766.6082500000006
0.4544694444444444 766.6082500000006
0.45626666666666665 766.6082500000006
0.45729722222222224 766.6082500000006
0.4589416666666667 766.6082500000006
0.45905555555555555 766.6082500000006
0.4600638888888889 766.6082500000006
0.4628583333333333 767.9006532066514
0.4643805555555556 767.9006532066514
0.4646722222222222 767.9006532066514
0.46571388888888887 767.9006532066514
0.46724444444444446 767.9006532066514
0.46763055555555555 771.1207829181501
0.4676444444444444 771.1207829181501
0.46800555555555556 774.3360545023704
0.4686388888888889 774.3360545023704
0.470175 774.3360545023704
0.4730916666666667 777.1055976331368
0.473625 777.1055976331368
0.4759611111111111 776.831784869977
0.47599166666666665 776.831784869977
0.4787388888888889 776.831784869977
0.47878055555555554 776.831784869977
0.4791611111111111 776.831784869977
0.48157222222222223 776.831784869977
0.4815833333333333 776.831784869977
0.48343055555555553 776.831784869977
0.4859861111111111 780.1017709563171
0.48628333333333335 780.1017709563171
0.48715833333333336 780.1017709563171
0.4887 780.1017709563171
0.48991388888888887 780.1017709563171
0.4914861111111111 782.0872287735856
0.49435833333333334 784.9786470588242
0.49469444444444444 784.9786470588242
0.49545555555555554 784.9786470588242
0.49546944444444446 784.9786470588242
0.49721944444444444 788.2733019976505
0.49819444444444444 788.2733019976505
0.5001055555555556 788.2733019976505
0.5002805555555555 788.2733019976505
0.5010444444444444 788.2733019976505
0.5029416666666666 789.4356690140851
0.5031055555555556 789.4356690140851
0.5038555555555555 789.4356690140851
0.506075 794.9896135831389
0.5067444444444444 794.9896135831389
0.5085805555555556 794.9896135831389
0.5087833333333334 794.9896135831389
0.5094388888888889 794.9896135831389
0.5113916666666667 800.0986518171168
0.5114055555555556 800.0986518171168
0.511775 800.0986518171168
0.5122388888888889 800.9867957746486
0.5146361111111111 804.1559154929583
0.5150416666666666 804.1559154929583
0.5170583333333333 805.0346886016458
0.5203638888888888 811.1869917743837
0.52215 812.9157597173152
0.5225444444444445 812.9157597173152
0.5231777777777777 812.9157597173152
0.5240694444444445 813.7722995283026
0.5249972222222222 815.4904846335705
0.5253666666666666 815.4904846335705
0.5253916666666667 815.4904846335705
0.5277861111111111 820.596792899409
0.5281583333333333 820.596792899409
0.5287472222222223 820.596792899409
0.5296611111111111 821.4425710900481
0.5305777777777778 824.0337217598104
0.5309111111111111 824.0337217598104
0.5309111111111111 824.0337217598104
0.5325055555555556 824.0337217598104
0.5336861111111111 830.012800953517
0.5344277777777777 832.3145476190484
0.5365277777777778 835.765346889953
0.5365722222222222 835.765346889953
0.5372555555555556 835.765346889953
0.5377222222222222 835.765346889953
0.5382138888888889 835.765346889953
0.5392861111111111 838.254880095924
0.5394083333333334 838.254880095924
0.5400388888888888 838.254880095924
0.5405972222222222 838.254880095924
0.5421694444444445 843.4080792316935
0.543475 846.8974820143892
0.5449638888888889 850.219349397591
0.5478527777777777 853.522021791768
0.5491277777777778 853.522021791768
0.5501833333333334 855.162075242719
0.5505472222222222 855.162075242719
0.5505611111111111 855.162075242719
0.5506472222222222 855.162075242719
0.5519305555555556 855.162075242719
0.5561472222222222 863.3420318237459
0.5563333333333333 863.3420318237459
0.5585083333333334 868.8712300123007
0.5589388888888889 868.8712300123007
0.5602722222222222 868.8712300123007
0.5642361111111112 872.245426452411
0.5647416666666667 872.245426452411
0.5669666666666666 875.3921366459635
0.5671555555555555 875.3921366459635
0.5672833333333334 875.3921366459635
0.5688083333333334 875.3921366459635
0.569425 876.95293897883
0.5698083333333334 877.8674314214471
0.5700416666666667 877.8674314214471
0.5722222222222222 881.9053807740332
0.5726222222222223 882.6824250000008
0.57285 882.6824250000008
0.5743777777777778 882.7051810237211
0.576425 886.6279773869356
0.5771944444444445 886.6279773869356
0.5784388888888888 888.9262421185381
0.5792166666666667 888.9262421185381
0.5812722222222222 891.5903670886084
0.5820694444444444 891.5903670886084
0.5827972222222222 891.5903670886084
0.5841166666666666 894.0446124523514
0.5856444444444444 894.0446124523514
0.5869194444444444 898.3590664961644
0.5881916666388889 898.3590664961644
0.5883638888888889 898.3590664961644
0.5910166666666666 902.0063753213375
0.5947083333333333 906.9245854922287
0.5956277777777778 906.9245854922287
0.5965916666666666 906.9245854922287
0.5980277777777778 910.5618098958339
0.5984194444444444 910.5618098958339
0.5989527777777778 910.5618098958339
0.6008833333333333 911.5530638852679
0.6022305555555556 911.5530638852679
0.6049611111111111 913.6747382198959
0.6068472222222222 917.0273815789479
0.6073666666666667 917.0273815789479
0.6078583333333333 917.0273815789479
0.6092027777777778 919.6256671070016
0.6097 919.6256671070016
0.6102666666666666 919.6256671070016
0.6105611111111111 919.6256671070016
0.6126694444444445 921.6874270557033
0.6129944444444444 921.6874270557033
0.6144222222222222 923.0446143617025
0.6148138888888889 923.0446143617025
0.6159333333333333 923.0446143617025
0.61815 925.7275401069521
0.6186972222222222 925.7275401069521
0.6187361111111112 925.7275401069521
0.6189444444444444 925.7275401069521
0.6203694444444444 929.2601612903229
0.6215833333333334 929.2601612903229
0.6217361111111112 929.2601612903229
0.6242194444444444 931.2350472334687
0.6244083333333333 931.2350472334687
0.6259583333333333 932.5317861975645
0.6271722222222222 932.5317861975645
0.6271861111111111 932.5317861975645
0.6272638888888888 932.5317861975645
0.6286833333333334 933.17147696477
0.6300333333333333 933.17147696477
0.6300583333333334 933.17147696477
0.6326638888888889 936.2600000000004
0.632825 936.2600000000004
0.6343194444444444 939.4169726027401
0.6354861111111111 939.4169726027401
0.6356694444444444 939.4169726027401
0.6356694444444444 939.4169726027401
0.641 942.6963085399452
0.6438888888888888 945.2930428769021
0.6440611111111111 945.2930428769021
0.6467944444444444 947.4656944444448
0.6480305555555556 949.2196796657385
0.64945 951.84234965035
0.6537805555555556 955.8131549295778
0.654425 955.8131549295778
0.6564305555555555 957.5483615819212
0.6600666666388889 960.679772727273
0.6621305555555556 961.828477951636
0.6628805555555556 962.3666524216526
0.6655805555555555 965.1301862464185
0.6676888888888889 968.8108645533146
0.66805 969.3369696969702
0.6684194444444445 969.3369696969702
0.6684888888888889 969.3369696969702
0.6702777777777778 969.8604479768791
0.671275 971.174327062229
0.6732166666666667 973.5671117561686
0.67360277775 973.5671117561686
0.67405 973.5671117561686
0.6740777777777778 973.5671117561686
0.6764027777777778 976.2294023323618
0.6768555555555555 976.2294023323618
0.6786611111111112 976.2294023323618
0.6791555555555555 978.0646929824564
0.6794583333333334 978.0646929824564
0.6815083333333334 978.0646929824564
0.6817361111111111 979.7868621700883
0.6820166666666667 979.7868621700883
0.6843166666666667 982.0709411764709
0.6848055555555556 982.0709411764709
0.6873194444444445 983.8126401179944
0.6875694444444445 984.5618168389959
0.6900361111111111 986.5153412462911
0.6904722222222223 987.6295535714288
0.6907166666666666 987.6295535714288
0.6928361111111111 988.86131147541
0.6932555555277777 989.3009402985078
0.6956055555555556 989.3009402985078
0.6957277777777777 989.3009402985078
0.6960361111111111 989.3009402985078
0.69855 992.3962912912915
0.6988694444444444 992.3962912912915
0.7000611110833334 992.8083909774438
0.7011472222222223 992.8083909774438
0.701425 992.8083909774438
0.7028083333333334 992.8083909774438
0.7039444444444445 994.1696536144581
0.7044277777777778 995.2934138972811
0.7056694444444445 995.2934138972811
0.7078472222222222 997.9885280728378
0.708475 998.367689969605
0.7089777777777778 998.367689969605
0.7107138888888889 1000.7339024390245
0.7140361111111111 1003.0985604900461
0.7144861111111112 1003.0985604900461
0.7155888888888889 1003.0985604900461
0.71695 1003.0985604900461
0.7173222222222222 1003.0985604900461
0.7174305555555556 1003.0985604900461
0.721875 1006.5174652241112
0.7224416666666666 1006.5174652241112
0.7228722222222222 1006.5174652241112
0.7230555555555556 1006.5174652241112
0.7252861111111111 1008.712031007752
0.7256888888888889 1008.712031007752
0.7258416666666667 1008.712031007752
0.7266555555555556 1009.6839285714285
0.7285194444444445 1009.980699844479
0.7314388888888889 1014.3606426332287
0.7315416666666666 1014.3606426332287
0.7322916666666667 1015.4292464678182
0.733925 1016.9100943396229
0.7344027777777777 1016.9100943396229
0.7351138888888888 1017.1797007874019
0.7355111111111111 1017.1797007874019
0.7367583333333333 1017.4447476340697
0.7370611111111111 1017.4447476340697
0.7379472222222222 1019.0616798732176
0.7395888888888889 1019.3155079365083
0.7407138888888889 1020.6365023847383
0.7424111111111111 1021.8126156299843
0.7427722222222222 1023.4150000000002
0.7435777777777778 1026.1820032051285
0.7464833333333334 1026.7606591639874
0.7467722222222222 1026.7606591639874
0.7492416666666667 1029.2848142164785
0.7520916666666667 1032.569431818182
0.7526 1032.569431818182
0.7533805555555556 1034.1859120521176
0.7547472222222222 1035.7909640522878
0.7577888888888888 1038.9900329489292
0.7604027777777778 1041.1587893864014
0.7606666666666667 1041.1587893864014
0.7606916666388889 1041.1587893864014
0.7607333333333334 1041.8448006644517
0.7610361111111111 1041.8448006644517
0.7632888888888889 1043.3906821963394
0.7637805555555556 1044.4034333333332
0.7661972222222222 1044.557612687813
0.7662111111111111 1044.557612687813
0.7663805555277777 1044.557612687813
0.7665555555555555 1045.8618561872909
0.769125 1046.0014572864322
0.7691722222222223 1046.0014572864322
0.7693305555555555 1046.1299496644294
0.771775 1049.0832491582491
0.7718861111111112 1049.0832491582491
0.77195 1049.0832491582491
0.7746472222222223 1051.5915228426395
0.7748555555555555 1051.5915228426395
0.7764055555555556 1051.7997453310697
0.7768111111111111 1053.4073639455783
0.7776222222222222 1053.4073639455783
0.7791972222222222 1054.5062010221466
0.7796027777777778 1056.117627986348
0.7803833333333333 1057.1995555555554
0.7804277777777778 1057.1995555555554
0.7863694444444445 1061.9666493955094
0.7892222222222223 1065.0815826086957
0.7911361111111112 1069.1883012259195
0.7914833333333333 1069.1883012259195
0.7920277777777778 1069.817245614035
0.7927749999722222 1069.817245614035
0.7947777777777778 1070.7834154929576
0.7970805555277778 1074.9308141592921
0.7978138888888889 1074.9308141592921
0.8006777777777778 1077.2231729055259
0.8026999999722222 1078.315285714286
0.8053083333333333 1081.7232136445243
0.80555 1081.7232136445243
0.8064083333333333 1082.1950450450452
0.8084944444444444 1083.8225270758123
0.8101777777777778 1083.7732188065102
0.8108694444444444 1083.7130072463772
0.8113111110833333 1083.7130072463772
0.8130277777777778 1083.6449364791292
0.8133722222222223 1084.5959454545457
0.8137916666666667 1084.514244080146
0.8141472222222222 1084.514244080146
0.8166361111111111 1087.590895795247
0.8169333333333333 1087.590895795247
0.8185638888888889 1087.4917765567768
0.8214861111111111 1088.8240331491713
0.8215 1088.8240331491713
0.8216777777777777 1088.8240331491713
0.8235222222222223 1090.8912754158966
0.8243083333333333 1091.7755185185185
0.8272805555555556 1092.812393320965
0.8291694444444444 1095.0822346368716
0.8301722222222222 1096.2771828358211
0.8319833333333333 1098.0424672897195
0.8329861111111111 1101.5518011257036
0.8342916666666667 1103.176090225564
0.8347583333333334 1103.176090225564
0.8370749999722222 1104.3243962264153
0.8388944444444445 1105.793087121212
0.8417944444444444 1107.1046768060837
0.8426805555555555 1107.1046768060837
0.8428055555555556 1107.1046768060837
0.8435083333333333 1107.1046768060837
0.8454972222222222 1107.615980952381
0.8473583333055555 1107.344503816794
0.8495583333333333 1107.344503816794
0.8512138888888889 1108.7288527724666
0.8512388888888889 1108.7288527724666
0.8524527777777777 1108.4253448275865
0.8540166666666666 1112.5564739884396
0.8546416666666666 1112.5564739884396
0.8559194444444445 1117.1114757281555
0.8567833333333333 1118.9092607003893
0.85785 1118.9092607003893
0.8653083333333333 1128.0802970297034
0.8670666666666667 1133.648924302789
0.8680055555555556 1133.648924302789
0.8682138888888888 1133.648924302789
0.8707527777777778 1139.0613654618478
0.8712555555555556 1139.0613654618478
0.8726388888888889 1139.4463911290325
0.8734222222222222 1139.0369090909094
0.8736083333055555 1139.0369090909094
0.8739555555277778 1139.0369090909094
0.8754527777777777 1139.0369090909094
0.8794583333333333 1142.4885772357727
0.8796305555555556 1142.4885772357727
0.8811944444444444 1144.285112474438
0.8822638888888888 1144.285112474438
0.8829305555555556 1145.6893223819307
0.885075 1146.9526748971196
0.88525 1148.9581030927839
0.8879194444444445 1150.5967701863356
0.8908138888888889 1152.9095850622407
0.8909444444444444 1152.9095850622407
0.8936888888888889 1158.1989979123175
0.8938138888888889 1158.1989979123175
0.8960666666666667 1158.1407531380753
0.8965277777777778 1158.1407531380753
0.8965805555555556 1160.3403773584905
0.8965916666666667 1160.3403773584905
0.8988361111111111 1164.1988421052633
0.8993694444444444 1164.1988421052633
0.9004888888888889 1166.2369198312238
0.9020666666666667 1168.6310147991546
0.9020805555277778 1168.6310147991546
0.9032527777777778 1170.472245762712
0.9045527777777778 1172.7796390658175
0.9048888888888889 1172.7796390658175
0.9146499999722222 1181.969344978166
0.9149333333333334 1181.969344978166
0.9167388888888889 1186.2348678414094
0.9184222222222223 1187.8180353200883
0.9200527777777778 1188.3541814159291
0.9227305555555556 1191.6543652561245
0.925025 1194.0078571428571
0.9255555555555556 1194.0078571428571
0.9267138888888888 1196.2279865771814
0.9267583333333334 1196.2279865771814
0.9295583333333334 1199.6451015801356
0.9303388888611112 1201.7264027149322
0.9404694444444445 1210.9549425287357
0.943025 1216.8763341067283
0.9454722222222223 1214.9814485981308
0.9458472222222222 1214.9814485981308
0.947 1214.9814485981308
0.9498638888888888 1216.0695550351286
0.9498833333333333 1216.0695550351286
0.9517666666666666 1217.6109411764705
0.9609861111111111 1230.9146889952153
0.9620611111111111 1230.9146889952153
0.9673527777777777 1240.0965375302662
0.9680027777777778 1242.1948905109487
0.9711944444444445 1248.9699019607842
0.9749388888888889 1252.6089162561575
0.9851416666666667 1257.1472864321606
0.9901861111111111 1258.49524173028
0.9915805555555556 1257.9336989795918
0.9943277777777778 1257.9336989795918
0.9968694444444445 1260.5431958762888
1.0026555555555556 1260.7935770234988
1.0055222222222222 1258.909052631579
1.0055555555555555 1258.909052631579
1.0109 1263.7133333333334
1.0145472222222223 1269.43525606469
1.0174222222222222 1277.3707608695652
1.0181944444444444 1277.3707608695652
1.026286111111111 1287.4878333333331
1.0335555555555556 1299.2723579545452
1.0340277777777778 1301.6933618233616
1.0388333333333333 1305.211565217391
1.0416611111111111 1308.0235777126095
1.0426583333333332 1308.7958823529407
1.053488888888889 1318.9782779456193
1.0577277777777778 1318.5478723404256
1.070838888888889 1333.8594952681387
1.073675 1343.3292993630573
3.0711472221944445 694.402608695652
3.0767527777777777 708.2650629722922
3.079575 712.7500751879699
3.082361111111111 715.9043142144637
3.08295277775 715.8584825870645
3.085263888888889 718.8224565756823
3.085802777777778 718.8589603960395
3.0881805555555557 718.8387654320986
3.091086111111111 718.5860687960686
3.0947833333333334 718.4476456310678
3.099475 718.6138164251206
3.1022527777777777 724.0578124999998
3.103083333333333 724.0578124999998
3.105097222222222 725.8338663484484
3.105938888861111 725.8338663484484
3.1078333333333332 724.3594312796207
3.108722222222222 724.3594312796207
3.110802777777778 725.9308490566036
3.1115805555555553 725.9308490566036
3.113583333333333 729.2823419203747
3.1143805555555555 729.2823419203747
3.116433333333333 729.3377622377623
3.118352777777778 732.3743953488373
3.1192944444166666 732.6156380510441
3.12107777775 735.5022453703705
3.1211305555555557 735.5022453703705
3.1227222222222224 736.6699769053118
3.1240305555555556 738.6445287356323
3.1249583333333333 739.4644724770644
3.1261277777777776 739.4644724770644
3.128325 739.4644724770644
3.1312277777777777 743.0181278538815
3.1317083333333335 743.0181278538815
3.1345194444444444 744.9827500000002
3.1351972221944444 744.9827500000002
3.136127777777778 744.9827500000002
3.1451583333333333 759.4349440715886
3.145738888888889 759.4349440715886
3.148041666666667 760.3561607142859
3.1508944444444444 762.1830888888892
3.1514333333333333 762.1830888888892
3.15365 767.4655849889626
3.153763888888889 767.4655849889626
3.1566305555555556 768.596740088106
3.158097222222222 768.596740088106
3.1592416666666665 771.1336923076925
3.159472222222222 771.1336923076925
3.160938888861111 771.1336923076925
3.161452777777778 771.1336923076925
3.1621555555555556 771.4725877192984
3.162272222222222 771.4725877192984
3.1638444444444445 771.3558205689279
3.1649583333333333 771.8575163398693
3.1651083333333334 771.8575163398693
3.1670194444444446 771.8575163398693
3.1698194444444443 774.707380952381
3.170561111111111 774.707380952381
3.1706305555555554 774.707380952381
3.1726944444444443 774.707380952381
3.1751444444444443 774.0309503239741
3.1768944444444442 775.3995689655173
3.1783972222222223 778.1251391862955
3.1789416666666668 778.1251391862955
3.181722222222222 778.8062820512821
3.181722222222222 778.8062820512821
3.184625 783.7861358811041
3.1847416666666666 783.7861358811041
3.186375 784.8135593220339
3.1873833333333335 784.8135593220339
3.1930277777777776 791.2138185654007
3.1932027777777776 791.2138185654007
3.1949972222222223 792.1990756302521
3.1960166666666665 793.6254088050315
3.1962277777777777 793.6254088050315
3.197747222222222 794.2421041666668
3.198636111111111 795.5710187110187
3.199047222222222 795.5710187110187
3.1998361111111113 795.3126970954357
3.199925 795.3126970954357
3.2013527777777777 795.3126970954357
3.2018833333333334 795.1935403726709
3.20275 796.2576652892562
3.2037222222222224 797.0374639175259
3.204641666638889 797.0374639175259
3.2054694444444443 797.0374639175259
3.2055555555555557 800.2341563786009
3.207525 800.2341563786009
3.208283333333333 799.1680082135525
3.2083333333333335 799.1680082135525
3.2093666666666665 799.1680082135525
3.2111111111111112 799.0801022494888
3.2121194444166665 799.0801022494888
3.213138888888889 799.0801022494888
3.213911111111111 797.836605691057
3.2159305555555555 797.836605691057
3.220072222222222 797.9191348088532
3.2205555555555554 797.9191348088532
3.222272222222222 796.0452104208418
3.2230527777777778 796.84936
3.223511111111111 796.84936
3.2242972222222224 797.1327345309383
3.2258138888888888 795.7446613545818
3.226358333333333 795.7446613545818
3.2285916666666665 796.0517063492065
3.2285916666666665 796.0517063492065
3.2298666666666667 796.3741584158417
3.23145 800.445996055227
3.231925 800.445996055227
3.232788888888889 800.445996055227
3.232813888861111 800.445996055227
3.2329333333333334 800.445996055227
3.235697222222222 799.8368110236222
3.2357222222222224 799.8368110236222
3.238366666666667 803.978274509804
3.238563888888889 803.978274509804
3.24145 803.2874168297457
3.243086111111111 805.3653710937501
3.245963888888889 805.7690643274856
3.2464055555555555 805.7690643274856
3.248797222222222 806.584571984436
3.24885 806.584571984436
3.2515694444444443 809.1605802707932
3.2595916666666667 814.2504990403072
3.260425 815.5643295019158
3.2607416666666666 815.5643295019158
3.2620555555555555 815.5643295019158
3.2624138888888887 815.5643295019158
3.2632916666666665 815.5643295019158
3.263513888888889 815.5643295019158
3.263525 815.5643295019158
3.2648916666666667 815.5643295019158
3.265325 815.5643295019158
3.2661805555555556 815.5643295019158
3.26765 816.5634541984734
3.2682055555555554 816.5634541984734
3.268972222222222 816.9887047619048
3.2697527777777777 816.9887047619048
3.2705444444166667 816.2805513307986
3.2718166666666666 816.0208522727274
3.2725 816.0208522727274
3.272663888888889 816.0208522727274
3.2733694444166668 815.4515879017015
3.2746583333333334 815.3512429378533
3.2753694444444443 815.3512429378533
3.2754194444444447 815.3512429378533
3.2774555555555556 816.6844756554309
3.278125 816.6844756554309
3.2782805555555554 816.6844756554309
3.278963888888889 816.6844756554309
3.2808722222222224 816.695065176909
3.2810444444444444 816.695065176909
3.2815194444444447 816.695065176909
3.2837638888888887 817.9727829313545
3.2843222222222224 817.9727829313545
3.2865166666388888 820.8625693160815
3.286911111083333 820.8625693160815
3.287138888888889 820.8625693160815
3.2921 833.5619780219781
3.292111111111111 833.5619780219781
3.292797222222222 833.5619780219781
3.2949166666666665 833.5619780219781
3.295575 833.5619780219781
3.2966527777777777 837.7768795620439
3.297813888861111 840.1141347905283
3.299558333333333 840.1141347905283
3.3002694444444445 840.1141347905283
3.300638888888889 840.1141347905283
3.301169444416667 838.720290909091
3.3023611111111113 839.4090018148821
3.3030916666388888 839.4090018148821
3.303286111111111 839.4090018148821
3.303447222222222 839.4090018148821
3.3052 839.4090018148821
3.306013888888889 839.4090018148821
3.306302777777778 842.8028442028987
3.3079638888888887 844.0691516245488
3.308752777777778 844.0691516245488
3.30887777775 844.0691516245488
3.3091583333333334 844.0691516245488
3.3116583333333334 843.7653141831239
3.3117638888888887 843.7653141831239
3.3120499999722224 843.7653141831239
3.313547222222222 843.8628136200717
3.3143833333333332 843.8628136200717
3.314677777777778 843.8628136200717
3.3149555555555557 843.8628136200717
3.3157083333333333 842.5862678571428
3.317363888888889 842.5862678571428
3.3203194444444444 841.3564056939501
3.3230055555555555 842.4582477876107
3.3231194444444445 842.4582477876107
3.325875 841.9913604240284
3.3281666666666667 842.8710211267606
3.3287222222222224 842.8710211267606
3.3297666666666665 842.8710211267606
3.3329444444444443 847.1452714535902
3.3338722222222223 847.1452714535902
3.335472222222222 846.4269055944056
3.336625 847.4994066317626
3.3371333333333335 847.4994066317626
3.33775 847.4994066317626
3.3382722222222223 849.9323130434782
3.3395194444444445 850.5937673611111
3.3400305555555554 850.5937673611111
3.342361111111111 851.4655958549222
3.3429166666666665 851.4655958549222
3.343347222222222 851.4655958549222
3.3434694444444446 851.4655958549222
3.3449333333333335 850.7003965517241
3.34515 850.7003965517241
3.3457194444444442 850.7003965517241
3.3461583333333333 850.7003965517241
3.3476666666666666 850.7003965517241
3.3480416666666666 851.516247848537
3.348497222222222 851.516247848537
3.3489 851.516247848537
3.3504416666666668 851.516247848537
3.3563833333333335 854.9922852233677
3.357352777777778 853.4178253424658
3.3602194444444446 853.4178253424658
3.361658333333333 853.7125426621161
3.362041666666667 853.7125426621161
3.364447222222222 852.5186757215621
3.3648861111111112 852.5186757215621
3.3651944444444446 856.0305254237289
3.3658361111111113 856.0305254237289
3.3673416666666665 856.0305254237289
3.3702722222222223 854.0061993243244
3.3704472222222224 854.0061993243244
3.37305 854.0061993243244
3.3748916666666666 854.0061993243244
3.375861111111111 852.6907070707072
3.3761527777777776 852.6907070707072
3.3766944444444444 852.6907070707072
3.3782972222222223 852.6907070707072
3.3789694444444445 851.9520336134455
3.3821694444444446 851.9520336134455
3.383338888888889 851.9520336134455
3.3846083333333334 851.9520336134455
3.3860888888888887 851.9520336134455
3.3874194444166665 851.0643959731543
3.3877444444166667 851.0643959731543
3.388913888888889 851.0643959731543
3.3895 851.0643959731543
3.390222222222222 851.0643959731543
3.390597222222222 851.0643959731543
3.3917166666666665 854.3726086956522
3.3930666666666665 854.3726086956522
3.393486111111111 854.3726086956522
3.394641666638889 855.7343405676127
3.3950555555555555 855.7343405676127
3.39637777775 855.7343405676127
3.3974277777777777 855.7343405676127
3.397886111111111 855.7343405676127
3.4002416666666666 859.0097166666667
3.4006694444444445 859.0097166666667
3.4017444444444442 859.0097166666667
3.4018055555555557 859.0097166666667
3.4029861111111113 858.1113643926789
3.404516666666667 861.772292358804
3.404611111111111 861.772292358804
3.4062277777777776 864.067943615257
3.407436111111111 864.067943615257
3.407452777777778 864.067943615257
3.409047222222222 866.2710264900661
3.410225 866.2710264900661
3.4102972222222223 866.2710264900661
3.4119888888888887 869.9504132231405
3.4127472222222224 869.9504132231405
3.412988888888889 869.9504132231405
3.413175 869.9504132231405
3.415913888888889 871.1948514851484
3.417561111111111 871.1948514851484
3.4204305555555554 871.1948514851484
3.4215027777777776 871.1948514851484
3.4216083333333334 871.1948514851484
3.4240333333333335 871.1948514851484
3.424122222222222 871.1948514851484
3.4261138888888887 871.0101976935749
3.426947222222222 871.0101976935749
3.4289416666666668 871.0101976935749
3.4296694444444444 871.0101976935749
3.431841666638889 873.423645320197
3.4325555555555556 872.8889344262295
3.434658333333333 877.456928104575
3.4353861111111113 877.456928104575
3.4381166666666667 881.2170636215334
3.4392416666666668 881.2170636215334
3.4403805555555556 881.2170636215334
3.441072222222222 881.2170636215334
3.441813888888889 881.2170636215334
3.4430805555555555 884.9996579804559
3.444733333333333 884.9996579804559
3.444813888888889 884.9996579804559
3.4459611110833333 888.7897560975609
3.4466472222222224 888.7897560975609
3.4474944444444446 888.7897560975609
3.4477166666666665 888.7897560975609
3.4498194444444445 888.7897560975609
3.450363888888889 888.7897560975609
3.4506055555555557 888.7897560975609
3.4535722222222223 888.7897560975609
3.4554833333333335 888.7897560975609
3.4560333333333335 888.7897560975609
3.45670277775 888.7897560975609
3.458286111111111 888.3811038961039
3.4589305555555554 888.3811038961039
3.461527777777778 896.0929773462783
3.4622444444444445 896.0929773462783
3.4670638888888887 901.7427903225805
3.469908333333333 901.7427903225805
3.4723194444444445 901.7427903225805
3.4727333333333332 901.7427903225805
3.473047222222222 901.7427903225805
3.4752388888888888 905.6339774557165
3.4754972222222222 905.6339774557165
3.4780583333333333 905.6339774557165
3.4783444444444442 905.6339774557165
3.4787 909.5372508038585
3.480730555527778 909.5372508038585
3.480836111111111 909.5372508038585
3.481227777777778 909.5372508038585
3.4834944444444442 909.5372508038585
3.4837555555555557 909.5372508038585
3.4840583333333335 909.5372508038585
3.4863138888888887 909.5372508038585
3.4865666666666666 909.5372508038585
3.489325 911.1170626003209
3.4898499999722223 911.1170626003209
3.4920388888888887 913.6087980769229
3.492586111111111 915.6383999999998
3.494883333333333 915.6383999999998
3.4985055555555555 915.6383999999998
3.5012777777777777 917.8198881789135
3.5018333333333334 917.8198881789135
3.5028805555555556 917.8198881789135
3.5041444444444445 920.1891387559806
3.505802777777778 922.9418471337577
3.5069666666666666 922.9418471337577
3.5073333333333334 922.9418471337577
3.50755 922.9418471337577
3.51015 922.9418471337577
3.510236111111111 922.9418471337577
3.512513888888889 922.9418471337577
3.51365 922.9418471337577
3.5157305555277776 922.9418471337577
3.5158388888888887 922.9418471337577
3.5163361111111113 922.9418471337577
3.518175 922.9418471337577
3.5186166666666665 922.9418471337577
3.520958333333333 930.4322539682537
3.5214416666666666 930.4322539682537
3.521775 930.4322539682537
3.5221583333333335 930.4322539682537
3.5237694444444445 930.4322539682537
3.5249361111111113 930.4322539682537
3.5265472222222223 930.4322539682537
3.5276555555555555 930.4322539682537
3.5304777777777776 930.4322539682537
3.5322138888888888 930.4322539682537
3.533333333333333 934.3942789223452
3.5348888888888887 934.3942789223452
3.5349916666666665 934.3942789223452
3.5360472222222223 934.3942789223452
3.5377222222222224 934.3942789223452
3.5382583333333333 934.3942789223452
3.540497222222222 934.3942789223452
3.5406583333333335 934.3942789223452
3.541038888888889 934.3942789223452
3.5433222221944445 934.3942789223452
3.543416666666667 934.3942789223452
3.543588888888889 934.3942789223452
3.5436666666666667 934.3942789223452
3.543975 934.3942789223452
3.546238888861111 934.3942789223452
3.5463083333055554 934.3942789223452
3.549177777777778 934.3942789223452
3.550911111111111 934.3942789223452
3.5543 934.3942789223452
3.5547916666666666 934.3942789223452
3.5548055555555558 934.3942789223452
3.5548166666666665 934.3942789223452
3.5576416666666666 934.3942789223452
3.5592166666666665 934.3942789223452
3.5593222222222223 934.3942789223452
3.5603805555555557 934.3942789223452
3.5652833333333334 934.3942789223452
3.5686555555555555 934.3942789223452
3.5705555555555555 934.3942789223452
3.570863888888889 934.3942789223452
3.5708777777777776 934.3942789223452
3.5715444444444446 935.7710317460313
3.5734194444444443 935.7710317460313
3.5737111111111113 935.7710317460313
3.5743666666666667 935.7710317460313
3.5748 935.7710317460313
3.5763 935.7710317460313
3.577125 937.1200794912556
3.5791944444444446 937.1200794912556
3.5798916666666667 938.457579617834
3.5820305555555554 938.457579617834
3.5827722222222222 939.7830143540667
3.583175 941.1092811501594
3.585652777777778 942.4268159999997
3.5876444444444444 943.7451282051279
3.5884305555555556 945.0539325842692
3.588988888888889 945.0539325842692
3.5911333333333335 946.350128617363
3.5912194444444445 946.350128617363
3.593486111111111 946.350128617363
3.593522222222222 946.350128617363
3.5939638888888887 946.350128617363
3.5967722221944443 947.629066022544
3.599111111111111 947.629066022544
3.601424999972222 948.8852258064513
3.6019361111111112 948.8852258064513
3.6035083333055558 951.3718608414237
3.6044111110833335 951.3718608414237
3.604738888888889 951.3718608414237
3.606963888888889 953.8416720779219
3.6073416666666667 953.8416720779219
3.607702777777778 953.8416720779219
3.609783333333333 956.2955537459281
3.6102 956.2955537459281
3.61232777775 958.7311928104573
3.6126805555555555 958.7311928104573
3.612972222222222 958.7311928104573
3.6154805555555556 961.1495245901637
3.6155583333333334 961.1495245901637
3.617886111111111 962.3499835796385
3.618461111083333 963.5430263157893
3.6207999999722222 964.7344151565073
3.6222333333333334 967.1074710743798
3.6232277777777777 968.2902483443705
3.623727777777778 968.2902483443705
3.624813888888889 969.4694859038141
3.6298305555555554 972.9861666666662
3.6311333333333335 972.9861666666662
3.634341666638889 975.4020401337788
3.634377777777778 975.4020401337788
3.637063888888889 978.8182521008399
3.637611111111111 978.8182521008399
3.6382055555555555 978.8182521008399
3.639577777777778 978.8182521008399
3.6403083333333335 978.8182521008399
3.641652777777778 978.8182521008399
3.643186111111111 978.8182521008399
3.6476361111111113 980.9912478920739
3.649525 982.0674831081078
3.650427777777778 982.0674831081078
3.6526083333333332 984.6731186440675
3.653188888888889 984.6731186440675
3.653513888888889 984.6731186440675
3.6554055555277776 986.7833843537411
3.6581833333055553 989.3082423208187
3.6617416666666665 993.7980240549825
3.6625833333333335 996.2472758620686
3.6640305555555557 997.2757685664936
3.6646666666666667 997.2757685664936
3.667288888888889 1000.3479687499997
3.6694694444444442 1000.3479687499997
3.6697083333333333 1000.3479687499997
3.6747805555277777 1004.3626748251745
3.6752194444444446 1005.3485464098072
3.6776722222222222 1006.3268245614032
3.677827777777778 1006.3268245614032
3.678366666666667 1006.3268245614032
3.6806111111111113 1008.2712323943659
3.683411111111111 1011.5816254416958
3.6840166666388887 1011.5816254416958
3.684083333333333 1011.5816254416958
3.6863083333055555 1014.1464184397161
3.691902777777778 1016.353042704626
3.6919166666666667 1016.353042704626
3.693788888888889 1018.1756607142853
3.6945055555555557 1018.1756607142853
3.695586111111111 1019.0795527728081
3.696616666666667 1021.7773967684018
3.6972277777777776 1021.7773967684018
3.6973416666666665 1021.7773967684018
3.698488888888889 1022.6748561151074
3.6995055555555556 1025.1701083032488
3.7014388888888887 1027.8539019963698
3.702386111111111 1029.2413454545451
3.703025 1030.1314025500906
3.705477777777778 1034.9557692307685
3.708211111111111 1036.9583455882348
3.7103083333333333 1039.5920147874303
3.710802777777778 1039.5920147874303
3.7131944444444445 1044.1105576208174
3.713213888888889 1044.1105576208174
3.713661111111111 1044.1105576208174
3.7163805555555554 1047.4037126865665
3.718275 1047.4037126865665
3.718852777777778 1047.4037126865665
3.719222222222222 1047.4037126865665
3.7194777777777777 1047.4037126865665
3.7216916666666666 1049.9984456928833
3.722025 1049.9984456928833
3.723044444416667 1050.8219136960597
3.723891666666667 1052.8209981167606
3.7247916666666665 1053.6410943396222
3.72665 1056.32240530303
3.7273416666666668 1056.32240530303
3.7294666666666667 1058.2752851711023
3.7301944444444444 1059.0749904761901
3.731352777777778 1059.0749904761901
3.7330277777777776 1063.0333846153842
3.736511111111111 1064.5915830115825
3.737711111111111 1064.5915830115825
3.738686111111111 1066.8696124031003
3.742188888861111 1067.6209514563102
3.7443472222222223 1068.3633657587545
3.747713888888889 1069.8133203124996
3.7498444444444443 1072.5511176470584
3.749938888888889 1072.5511176470584
3.7504805555555554 1072.5511176470584
3.7534472222222224 1074.0864243614926
3.7545916666666668 1074.0864243614926
3.7562944444444444 1074.0864243614926
3.759186111111111 1074.0864243614926
3.7596166666666666 1076.1246259842517
3.7674861111111113 1083.7547188755016
3.7675 1083.7547188755016
3.7685944444444446 1086.5437701612898
3.7703777777777776 1088.9458097165987
3.770827777777778 1089.5630223123726
3.771325 1089.5630223123726
3.773172222222222 1092.897734693877
3.7739944444166666 1094.6746625766866
3.7741611111111113 1094.6746625766866
3.7760805555555557 1097.7157818930036
3.776475 1097.7157818930036
3.7769166666666667 1097.7157818930036
3.7793 1101.195435684647
3.7795916666666667 1101.195435684647
3.779825 1101.195435684647
3.7815805555555557 1104.8824425887262
3.782147222222222 1104.8824425887262
3.785502777777778 1107.196373165618
3.7864722222222222 1107.196373165618
3.7876916666666665 1110.4474261603373
3.7882944444444444 1110.4474261603373
3.7892083333333333 1110.4474261603373
3.7905305555555557 1110.4474261603373
3.7910833333333334 1110.4474261603373
3.795775 1115.456332622601
3.796177777777778 1115.456332622601
3.7975222222222222 1117.3268376068372
3.8008166666666665 1120.962112068965
3.8014972222222223 1122.7206263498915
3.8060833333333335 1126.455164113785
3.806766666666667 1126.9224122807013
3.8071 1126.9224122807013
3.8095916666666665 1131.333451327433
3.809911111111111 1131.333451327433
3.8102027777777776 1131.333451327433
3.8127805555555554 1136.0657906458794
3.8152055555555555 1142.619662921348
3.8156416666666666 1142.619662921348
3.8180083333333332 1143.4873137697514
3.8186694444444442 1143.4873137697514
3.8208944444444444 1145.5798868778277
3.8212722222222224 1145.5798868778277
3.8216638888888887 1145.5798868778277
3.8242555555555557 1149.716045454545
3.827038888888889 1152.0581093394073
3.8271305555555557 1152.0581093394073
3.8298277777777776 1154.7003899082565
3.83 1154.7003899082565
3.832825 1154.7003899082565
3.834877777777778 1157.606428571428
3.8356083333333335 1157.9279214780597
3.8378444444444444 1162.1439534883718
3.8378555555555556 1162.1439534883718
3.838433333333333 1163.6744055944052
3.840516666666667 1164.2813114754097
3.8406972222222224 1164.2813114754097
3.8413138888888887 1164.2813114754097
3.8435972222222223 1170.5150591016545
3.8477305555555557 1178.137775119617
3.851075 1179.2101207729465
3.856727777777778 1179.4167070217914
3.856952777777778 1179.4167070217914
3.861152777777778 1179.790827250608
3.8612083333333334 1179.790827250608
3.8621333333333334 1183.1652078239606
3.8640194444444442 1183.1652078239606
3.8640444444444446 1183.1652078239606
3.864888888888889 1185.8500982800979
3.8673555555555557 1188.9100990099007
3.869588888888889 1188.9100990099007
3.8756833333333334 1191.2731749999996
3.8758222222222223 1191.2731749999996
3.878525 1196.7709848484847
3.8868722222222223 1202.7441687979535
3.8907694444444445 1210.2354285714282
3.89135 1210.2354285714282
3.893686111111111 1212.3058900523556
3.899325 1214.8418037135275
3.9025055555555554 1218.4749329758708
3.903077777777778 1220.7330107526877
3.9048833333333333 1222.4521081081077
3.9075027777777778 1225.6846594005444
3.911497222222222 1225.1843131868127
3.914241666666667 1228.889583333333
3.9245638888888887 1236.1678470254951
3.930188888888889 1238.054355300859
3.9304805555555555 1238.054355300859
3.932411111111111 1241.0651436781602
3.933 1240.6996253602297
3.9335 1240.6996253602297
3.9365305555555556 1245.5639999999992
3.94245 1252.2589705882347
3.9458333333333333 1252.7075964391686
3.957361111111111 1260.8454601226986
3.9611222222222224 1263.516450617283
3.9614583333333333 1263.516450617283
3.9627833333333333 1263.9128571428564
3.9670111111111113 1263.9128571428564
3.974238888888889 1267.9961198738165
3.9784888888888887 1276.2231948881786
3.989152777777778 1279.4622697368418
3.991041666666667 1282.5778476821188
3.992286111111111 1285.4500664451825
4.001033333333333 1284.506241610738
4.003086111111111 1286.6209152542372
4.005591666666667 1285.4671428571428
4.02035 1300.3235943060497
4.020791666666667 1300.3235943060497
4.032505555555556 1307.9374169741695
6.034780555555556 701.1834501347706
6.035905555527778 700.4761394101873
6.0376055555555554 700.4761394101873
6.038741666666667 699.4540106951869
6.041486111111111 701.7846276595742
6.044355555555556 707.1524010554089
6.045922222222222 707.1524010554089
6.047194444444444 707.1524010554089
6.04875 709.9511518324606
6.050033333333333 709.9511518324606
6.051516666666667 713.1348302872061
6.0528055555555556 712.8592187499999
6.055638888888889 714.9923575129532
6.057922222222222 717.3589948453606
6.058447222222222 720.5409254498712
6.0593 722.7376153846152
6.061286111111111 722.7376153846152
6.064930555555556 725.9290281329921
6.067719444444444 727.268651399491
6.069661111111111 727.4070304568527
6.075208333333333 731.629724310777
6.075827777777778 731.629724310777
6.077341666666666 733.3245
6.0780722222222225 733.3245
6.080186111083333 735.0850995024874
6.080186111083333 735.0850995024874
6.0808583333333335 734.5795285359801
6.083130555555556 735.2656188118812
6.083130555555556 735.2656188118812
6.083141666666666 735.2656188118812
6.085922222222222 737.7785714285714
6.089261111111111 736.8902926829268
6.091205555555556 737.0701694915253
6.094886111111111 737.774066985646
6.096777777777778 736.1853571428571
6.097333333333333 735.7930805687204
6.097666666666667 735.7930805687204
6.098236111111111 736.2552009456265
6.098263888888889 736.2552009456265
6.100116666638889 738.2909411764705
6.103055555555556 740.1508450704224
6.103211111111111 740.1508450704224
6.103913888888889 740.1508450704224
6.1047722222222225 740.1508450704224
6.105741666638889 739.025362997658
6.106041666666667 739.025362997658
6.106763888888889 739.025362997658
6.107536111111111 739.025362997658
6.108555555555555 739.6915617715616
6.109036111111111 739.6915617715616
6.109586111083333 742.9460465116277
6.110388888888889 742.9460465116277
6.111380555555556 742.9460465116277
6.1119055555555555 742.9460465116277
6.11312777775 743.3504408352667
6.117475 744.8066820276496
6.1176 744.8066820276496
6.117905555555556 744.8066820276496
6.120355555555555 748.0923218390802
6.120402777777778 748.0923218390802
6.1207 748.0923218390802
6.123180555555556 751.3925688073392
6.123611111111111 750.8258581235696
6.125855555555556 749.4547945205477
6.126502777777778 748.7816628701593
6.129416666666667 748.1352045454544
6.131625 751.1114058956915
6.131772222222223 751.1114058956915
6.132236111111111 750.4855429864252
6.132572222194445 752.2459142212189
6.135 755.5097085201793
6.140063888888889 757.4451111111109
6.14025 757.4451111111109
6.142941666666666 764.0615486725661
6.143380555527778 763.1126931567326
6.145863888888889 763.1126931567326
6.146625 763.8541850220262
6.148588888861111 763.8541850220262
6.148702777777777 763.8541850220262
6.148827777777778 763.8541850220262
6.151488888888889 763.8541850220262
6.151752777777777 763.8541850220262
6.15225 763.8541850220262
6.154288888888889 763.8541850220262
6.154541666666667 764.3762197802195
6.155111111111111 764.3762197802195
6.157033333333334 764.3762197802195
6.157944444444444 764.3762197802195
6.1593 766.3783588621442
6.159888888888889 766.3783588621442
6.15995 766.3783588621442
6.1622055555555555 766.3783588621442
6.162786111111111 768.3974672489081
6.1651 769.1706318082787
6.167908333333333 774.710974025974
6.168291666666667 774.710974025974
6.168402777777778 774.710974025974
6.1708 773.5847516198704
6.171177777777777 777.0061853448276
6.17122777775 777.0061853448276
6.173991666666667 779.1641290322581
6.174016666666667 779.1641290322581
6.176783333305556 778.0782403433477
6.177386111111111 778.0782403433477
6.1791527777777775 776.8896359743042
6.183088888888889 778.8223829787233
6.184436111111111 778.8223829787233
6.184813888888889 777.8132908704882
6.185091666666667 777.8132908704882
6.1859222222222225 777.8132908704882
6.1873 777.8132908704882
6.187619444444445 777.8132908704882
6.18875 777.0905932203389
6.189222222222222 780.5768287526427
6.190336111111111 780.5768287526427
6.191547222222222 779.8727215189873
6.192025 783.3591368421052
6.1928 786.8352100840335
6.1928527777777775 786.8352100840335
6.1932 786.8352100840335
6.194833333333333 785.1569311064718
6.196041666666667 787.6847291666667
6.197608333333333 786.4857468879668
6.198383333333333 788.8060869565218
6.198861111111111 788.8060869565218
6.201208333333334 793.9574691358025
6.201208333333334 793.9574691358025
6.2040138888888885 801.6946830265849
6.204466666666667 801.6946830265849
6.2064 805.1359387755102
6.206425 805.1359387755102
6.207308333333334 805.1359387755102
6.209019444444444 808.3786178861787
6.210097222222222 808.3786178861787
6.211813888888889 811.8214198782961
6.21195 811.8214198782961
6.211994444444445 811.8214198782961
6.212944444444444 811.8214198782961
6.2146083333333335 815.2745344129553
6.214727777777778 815.2745344129553
6.215744444444445 815.2745344129553
6.217516666666667 815.2745344129553
6.220411111111111 818.6706451612903
6.220411111111111 818.6706451612903
6.221344444444444 822.1372032193158
6.223125 822.2092570281123
6.223177777777778 822.2092570281123
6.225908333333333 823.8135270541081
6.227266666666667 823.8135270541081
6.228169444444444 823.9223599999999
6.228725 823.9223599999999
6.2296999999722225 823.9223599999999
6.230091666666667 823.9223599999999
6.230986111111111 823.9223599999999
6.232561111111111 826.0872854291416
6.233822222194444 826.2315737051791
6.2358 830.7119444444444
6.236638888888889 832.947108910891
6.2387805555555556 832.947108910891
6.2394694444444445 834.6171541501975
6.245694444444444 837.1852662721892
6.246888888888889 837.1852662721892
6.248497222222222 837.1852662721892
6.249838888861111 839.7826719056974
6.251275 839.7826719056974
6.251830555555555 839.7826719056974
6.252602777777778 839.7826719056974
6.253972222222222 839.7826719056974
6.254186111111111 838.5147058823528
6.2547194444444445 837.6088649706456
6.2581694444444445 838.9211867704279
6.261025 839.2428100775194
6.261472222222222 837.3107722007721
6.262336111111111 837.3107722007721
6.262583333333334 836.9387475915221
6.2643305555555555 842.782988505747
6.264491666638889 842.782988505747
6.264908333305556 842.782988505747
6.267755555527778 841.7335946462714
6.270044444444444 842.7668880455408
6.270158333333334 842.7668880455408
6.272833333333334 842.7668880455408
6.273002777777778 842.7668880455408
6.273786111111111 842.7668880455408
6.275708333333333 841.4497537878788
6.275905555527777 841.4497537878788
6.2762 841.4497537878788
6.278211111111111 840.0428733459357
6.2789777777777775 840.0428733459357
6.282199999972222 843.365962264151
6.287366666666666 846.9148592870544
6.287916666666667 846.9148592870544
6.288675 849.3944194756555
6.294933333305556 849.3944194756555
6.294994444444445 849.3944194756555
6.296263888888889 848.1083925233645
6.297847222222222 850.7012453531598
6.298474999972222 850.7012453531598
6.299030555527778 850.7012453531598
6.300625 855.9196666666666
6.300663888888889 855.9196666666666
6.302144444444444 858.3154428044279
6.306069444444445 856.0857904411763
6.306330555555555 856.0857904411763
6.307752777777778 856.0857904411763
6.307936111111111 856.0857904411763
6.310786111111111 860.8123443223442
6.311936111111111 860.8123443223442
6.312938888888889 861.8419012797074
6.3135916666666665 861.8419012797074
6.314788888888889 861.0174817518247
6.318513888888889 865.871818181818
6.318583333333334 865.871818181818
6.32195 868.6113405797099
6.323594444444445 872.3025858951173
6.325147222222222 871.6437184115521
6.3270333333333335 873.3399639639638
6.328044444444444 872.0501798561148
6.328188888888889 872.0501798561148
6.329855555555556 872.0501798561148
6.331102777777778 872.0501798561148
6.332380555555556 872.0501798561148
6.333641666666667 870.9131238779172
6.335566666666667 870.9131238779172
6.337619444444444 869.9067383512541
6.339508333333334 868.8139355992843
6.340397222222222 868.8139355992843
6.3410472222222225 868.8139355992843
6.342030555555556 868.8139355992843
6.342122222222223 868.8139355992843
6.344813888888889 867.0128520499107
6.344936111111111 867.0128520499107
6.347849999972222 865.7603736654803
6.347888888888889 865.7603736654803
6.350902777777778 871.5607446808509
6.351219444444444 871.5607446808509
6.352211111111111 871.5607446808509
6.355033333333333 869.7968551236747
6.3567277777777775 868.9183626760563
6.3567527777777775 868.9183626760563
6.357772222222223 868.9183626760563
6.357905555555556 868.9183626760563
6.359516666638889 871.715799648506
6.360536111111111 871.715799648506
6.362352777777778 869.4375831873904
6.363502777777778 869.4375831873904
6.365202777777778 873.9795113438045
6.366075 873.4937804878048
6.366355555555556 873.4937804878048
6.367955555555556 873.4937804878048
6.369213888861111 872.6112869565217
6.372013888888889 872.6112869565217
6.372738888888889 872.6112869565217
6.375175 872.6112869565217
6.376344444444444 872.7127777777777
6.378033333305556 872.7127777777777
6.378138888888889 872.7127777777777
6.3783 872.7127777777777
6.3811527777777775 871.6963431542459
6.383891666638889 869.4410517241378
6.3840111111111115 869.4410517241378
6.3849833333333335 869.4410517241378
6.386769444444444 867.0009793814431
6.390563888888889 869.6613527397258
6.392486111111111 872.9044786324785
6.393352777777777 872.9044786324785
6.394263888888889 875.7863884156728
6.396197222222222 875.7863884156728
6.396363888888889 875.7863884156728
6.397511111111111 875.7863884156728
6.399822222222222 878.192193877551
6.400305555555556 878.192193877551
6.401608333333333 878.192193877551
6.401997222222223 878.192193877551
6.404794444416667 882.5124745762712
6.405983333333333 882.5124745762712
6.407163888888889 882.5124745762712
6.409361111111111 882.5124745762712
6.415430555555556 880.6859696458686
6.4160305555555555 880.6859696458686
6.416588888888889 880.6859696458686
6.419183333333334 883.0454789915965
6.4225972222222225 883.0454789915965
6.424452777777778 883.0454789915965
6.425227777777778 886.165553691275
6.4254638888611115 886.165553691275
6.426661111111111 886.165553691275
6.427316666666667 886.165553691275
6.430161111111111 889.2207370184253
6.431122222222222 889.2207370184253
6.432358333333333 893.2557692307691
6.435180555555555 893.2557692307691
6.436805555555556 895.1580968280467
6.439430555555556 897.3851833333333
6.445086111111111 904.9248338870432
6.445130555555555 904.9248338870432
6.445705555555556 904.0887893864013
6.447805555555555 904.0887893864013
6.447897222222222 904.0887893864013
6.4489527777777775 904.0887893864013
6.450702777777778 904.0887893864013
6.4514555555555555 904.0887893864013
6.453436111111111 907.32440397351
6.454627777777778 907.32440397351
6.455263888888889 907.32440397351
6.4563138888888885 907.32440397351
6.457419444444445 907.32440397351
6.459138888888889 909.6066115702481
6.460247222222222 909.6066115702481
6.460324999972222 909.6066115702481
6.460949999972223 911.7868481848186
6.461922222194445 911.7868481848186
6.463075 918.1894243421053
6.463205555555556 918.1894243421053
6.463775 918.1894243421053
6.464769444416667 918.1894243421053
6.466030555555555 918.1894243421053
6.472025 920.2321346469622
6.475 922.7451803278688
6.475327777777777 922.7451803278688
6.476511111111111 922.7451803278688
6.476625 922.7451803278688
6.477802777777778 922.7451803278688
6.478122222222222 924.9812929623567
6.4806 924.9812929623567
6.480925 927.8095261437908
6.483388888888889 929.8159543230015
6.483747222222222 929.8159543230015
6.4839472222222225 929.8159543230015
6.486713888861111 929.8159543230015
6.489083333333333 929.8159543230015
6.4895 929.8159543230015
6.489875 929.8159543230015
6.491966666666666 929.8159543230015
6.4922611111111115 929.8159543230015
6.492575 929.8159543230015
6.498225 937.3494146341462
6.500349999972222 937.3494146341462
6.501047222222223 943.8121880064828
6.502194444444444 943.8121880064828
6.503669444444444 943.8121880064828
6.5039444444444445 943.8121880064828
6.505016666666666 948.0503883495144
6.506427777777778 948.0503883495144
6.5064472222222225 948.0503883495144
6.506769444444444 948.0503883495144
6.507733333333333 948.0503883495144
6.509822222222223 948.0503883495144
6.510436111111111 948.0503883495144
6.510725 948.0503883495144
6.512086111083334 948.0503883495144
6.512683333333333 952.3199999999997
6.513538888888889 952.9857258064512
6.514136111111111 952.9857258064512
6.5155111111111115 952.9857258064512
6.516077777777777 956.4412077294683
6.516541666666667 956.4412077294683
6.518405555527778 956.4412077294683
6.518958333333333 956.4412077294683
6.520788888888889 956.4412077294683
6.521191666666667 956.4412077294683
6.524111111111111 960.0560771704177
6.524283333305555 960.0560771704177
6.527125 960.0560771704177
6.527125 960.0560771704177
6.5284749999722225 960.0560771704177
6.532702777777778 961.1995184590687
6.532702777777778 961.1995184590687
6.5328333333333335 961.1995184590687
6.533561111111111 961.1995184590687
6.5339833333333335 961.1995184590687
6.535580555555556 962.6308038585207
6.535580555555556 962.6308038585207
6.538388888888889 965.4842741935482
6.539194444444444 966.9063812600969
6.541138888888889 966.9063812600969
6.541980555555556 968.3171035598704
6.543980555555556 968.3171035598704
6.544158333333334 968.3171035598704
6.547608333333334 976.9445779220779
6.547663888888889 976.9445779220779
6.54812777775 976.9445779220779
6.5509916666666665 984.1913983739837
6.552597222222222 985.580651465798
6.553816666666667 989.4952117263845
6.555486111111111 989.4952117263845
6.556055555555556 990.8711745513866
6.5566361111111116 990.8711745513866
6.558213888888889 992.2382026143791
6.558916666666667 993.606612111293
6.562455555555555 1000.7395573770492
6.56500277775 1004.8957540983605
6.565041666666667 1004.8957540983605
6.568125 1006.2346305418718
6.570383333333333 1007.5664144736841
6.570538888888889 1007.5664144736841
6.570608333333333 1007.5664144736841
6.573188888888889 1007.5664144736841
6.57335 1007.5664144736841
6.57605 1013.3041350906095
6.578838888888889 1015.9085123966943
6.579 1015.9085123966943
6.580847222222222 1018.5008623548922
6.581758333333333 1019.7993355481727
6.584605555555555 1026.17955
6.585830555555556 1026.17955
6.586955555555556 1027.4669115191987
6.587375 1027.4669115191987
6.588 1027.4669115191987
6.588683333305555 1027.4669115191987
6.589766666666667 1028.7384615384615
6.590258333333334 1028.7384615384615
6.5908694444444444 1028.7384615384615
6.591425 1030.0028475711892
6.592538888888889 1030.0028475711892
6.593038888888889 1030.0028475711892
6.59305 1030.0028475711892
6.594402777777778 1030.0028475711892
6.595408333333333 1031.2489597315437
6.595858333333333 1031.2489597315437
6.597175 1032.631243697479
6.597197222222222 1032.631243697479
6.598205555555555 1035.113187183811
6.59865 1037.6028087986463
6.599286111111111 1037.6028087986463
6.6026444444444445 1038.8425593220338
6.60560277775 1043.7548634812285
6.607761111111111 1048.6658075601372
6.6085111111111114 1048.6658075601372
6.609275 1051.1187586206895
6.612602777777778 1056.0249826388888
6.613352777777778 1057.247652173913
6.616152777777778 1057.247652173913
6.616788888888889 1057.247652173913
6.618980555555556 1060.8556993006991
6.622575 1064.6253251318099
6.623302777777778 1065.8144894366196
6.625336111111111 1067.0051146384478
6.6260972222222225 1068.1856713780917
6.628983333333333 1069.3662654867253
6.630911111111111 1070.5324645390067
6.6318 1072.8486476868325
6.632427777777778 1074.0091800356502
6.633041666666666 1075.1720178571425
6.633794444444445 1075.1720178571425
6.634505555555555 1075.1720178571425
6.635533333305555 1076.8272093023252
6.638358333333334 1076.8272093023252
6.638633333333333 1076.8272093023252
6.638658333305556 1076.8272093023252
6.640452777777778 1079.0771813285453
6.6412305555555555 1079.0771813285453
6.6430694444444445 1080.2887949640285
6.6459472222222225 1082.505090252707
6.654538888888889 1091.2330036630033
6.658272222222222 1095.781199261992
6.658338888888889 1095.781199261992
6.66265 1100.9364684014868
6.6629805555555555 1101.9963687150835
6.665202777777778 1103.0447014925371
6.665527777777778 1103.0447014925371
6.665769444444445 1103.0447014925371
6.670588888888889 1106.1504502814255
6.670944444444444 1107.4756390977443
6.673733333333334 1110.4164528301885
6.6761083333333335 1112.9197727272726
6.678941666666667 1115.605931558935
6.680836111083333 1116.6057904761904
6.6817416666666665 1116.6057904761904
6.682199999972222 1116.6057904761904
6.68455 1118.5535181644357
6.688219444444444 1126.6248648648648
6.689030555527777 1127.594661508704
6.691036111111111 1130.838796116505
6.691719444444445 1132.6783657587548
6.692288888888889 1133.6445614035085
6.693847222222222 1136.9179215686272
6.694561111083333 1136.9179215686272
6.694625 1136.9179215686272
6.695213888888889 1137.880510805501
6.696741666666667 1138.837992125984
6.697472222222222 1138.837992125984
6.698113888888889 1141.0013412228798
6.699255555555555 1144.1212673267325
6.699669444444444 1144.1212673267325
6.7003055555555555 1144.1212673267325
6.702427777777777 1148.0673558648111
6.703080555555555 1148.0673558648111
6.703711111111111 1148.0673558648111
6.706161111111111 1150.404710578842
6.708652777777778 1155.505903614458
6.708991666666667 1155.505903614458
6.711094444444444 1158.373004032258
6.714422222194444 1162.6205894308944
6.719936111111111 1166.809836065574
6.7200388888888885 1166.809836065574
6.721061111111111 1168.569814814815
6.721713888861111 1170.1456907216495
6.723827777777778 1171.8892546583854
6.727330555555556 1175.0477962577968
6.731397222222222 1180.3131512605046
6.732966666666667 1182.747768421053
6.7338555555555555 1183.581624472574
6.735541666666666 1183.581624472574
6.7363333333333335 1185.2054334038057
6.739044444444445 1188.3358598726118
6.742155555527778 1189.1454680851068
6.7487916666666665 1191.4203211991437
6.748944444444445 1191.4203211991437
6.754111111111111 1197.3916017316023
6.754655555527778 1198.766854663775
6.75545 1200.716217391305
6.755563888888889 1200.716217391305
6.756930555555556 1200.716217391305
6.758375 1201.4255337690638
6.758494444444445 1201.4255337690638
6.761097222222222 1202.1158515283848
6.761238888888889 1202.1158515283848
6.762538888888889 1204.8507456140358
6.763888888888889 1205.54043956044
6.764025 1205.54043956044
6.764236111111111 1205.54043956044
6.765413888888889 1209.215973451328
6.768208333333333 1209.8801773835924
6.769025 1209.8801773835924
6.7695694444444445 1209.8801773835924
6.770033333333333 1209.8801773835924
6.7747222222222225 1217.4938565022428
6.777433333305556 1221.070812641084
6.780544444444445 1223.000816326531
6.782719444444444 1225.6626818181824
6.783891666638889 1225.6626818181824
6.784975 1225.6626818181824
6.788169444444445 1226.7791095890416
6.795255555527778 1229.5868275862074
6.796494444444445 1230.2513594470051
6.796569444444445 1230.2513594470051
6.796569444444445 1230.2513594470051
6.799372222222222 1234.2189559164738
6.799372222222222 1234.2189559164738
6.80085 1235.1809090909096
6.800911111111111 1235.1809090909096
6.803655555555555 1235.6522429906547
6.803827777777777 1235.6522429906547
6.809333333333333 1240.6594575471704
6.810219444444445 1240.6594575471704
6.812125 1244.1229146919436
6.814369444444444 1246.9896904761908
6.814883333333333 1247.390668257757
6.817708333333333 1247.390668257757
6.820005555555555 1248.9084652278182
6.8218 1248.9084652278182
6.823416666666667 1249.2550000000006
6.824677777777778 1250.3764337349403
6.8255888888888885 1250.7007971014498
6.827286111111111 1252.2016464891049
6.833513888888889 1258.242720588236
6.8363611111111116 1259.6199753694589
6.839158333333334 1261.8579259259268
6.843041666666666 1267.7965250000007
6.843297222222223 1267.7965250000007
6.845883333333333 1269.333442211056
6.847986111111111 1270.5744191919198
6.848158333333333 1270.5744191919198
6.853844444444444 1273.295012722647
6.854066666666666 1273.295012722647
6.855919444444444 1275.2643367346946
6.856172222222222 1275.2643367346946
6.8591194444444445 1281.969510309279
6.8617944444444445 1285.1374870466327
6.862302777777778 1285.1374870466327
6.864541666666667 1285.308645833334
6.865175 1285.308645833334
6.865788888888889 1285.3734986945176
6.868888888888889 1287.3291052631585
6.8756305555555555 1289.519627659575
6.880080555555556 1298.0494892473125
6.881319444444444 1301.0878975741246
6.882869444444444 1301.0878975741246
6.88385 1301.0878975741246
6.886469444444445 1303.5279891304353
6.886736111111111 1303.5279891304353
6.88945 1303.4337874659407
6.889572222222222 1303.4337874659407
6.892269444416667 1303.9149180327877
6.893588888861111 1309.120714285715
6.8936166666666665 1309.120714285715
6.898819444444444 1312.9248888888897
6.904241666666667 1319.7658988764053
6.904511111111111 1319.7658988764053
6.909488888888889 1325.173295454546
6.911894444444444 1325.173295454546
6.914838888861111 1325.173295454546
6.917125 1324.547679083095
6.918019444444444 1324.547679083095
6.924672222222222 1323.3280346820814
6.928413888888889 1329.17269005848
6.932344444444444 1331.683264705883
6.936727777777778 1331.8921301775151
6.938474999972223 1331.7730267062318
6.940766666638889 1331.1899702380956
6.943261111111111 1331.1899702380956
6.945283333333333 1332.9367365269466
6.951958333333334 1338.3749085365857
6.957533333333333 1338.5560681114557
6.960825 1342.7343750000005
6.961966666666667 1343.9599685534595
6.962938888888889 1343.9599685534595
6.970366666666667 1344.0321086261988
6.974458333333334 1343.0679487179495
6.977991666666667 1339.926254071662
6.980641666666667 1340.6556393442631
6.983072222222222 1340.517467105264
6.9951638888888885 1342.5041156462592
6.9974694444444445 1342.5041156462592
7.000461111111111 1346.5847602739734
7.000872222222222 1346.5847602739734
7.004802777777778 1354.9601736111117
7.012558333333334 1366.5080645161297
7.012808333333333 1369.9505395683457
7.015927777777778 1371.5867636363641
7.022830555555555 1374.0994052044618
7.031477777777778 1384.912007575758
7.045577777777778 1404.8763745019924
7.050286111111111 1409.00560483871
7.053244444444444 1410.149552845529
7.061772222222222 1411.5294166666674
7.064852777777777 1409.19029288703
7.073372222222222 1423.0063636363643
7.082108333333333 1431.8027433628322
