# SectorTime station0 station1 station2 station3 station4
0 12.00222707939208 29.014368563440335 12.140522703946337 14.378217517254622 20.110588932598194
0.016591666666666668 12.00222707939208 29.014368563440335 12.140522703946337 14.378217517254622 20.110588932598194
0.033325 12.502075705285813 29.431877183488282 12.698669182560305 14.663235700255974 20.771067526287478
0.049994444444444446 12.502075705285813 29.431877183488282 12.698669182560305 14.663235700255974 20.771067526287478
0.06658888888888889 12.84238551833761 29.700617728588174 13.038813254935105 14.903009985721559 21.150322048787398
0.08332777777777778 13.591293956779818 30.256246196478244 13.788264333274746 15.469781469121617 21.953042080595665
0.09998611111111111 13.963103824376123 30.532631973653803 14.160790193638917 15.757966739837991 22.35157930585559
0.11665555555555555 14.38974187884403 30.863503178666125 14.587877093743561 16.106659594786535 22.79950109814682
0.13329166666666667 14.38974187884403 30.863503178666125 14.587877093743561 16.106659594786535 22.79950109814682
0.14999722222222223 15.31283965152815 31.61563331164632 15.511622454539696 16.88472409792886 23.76357734500574
0.16655277777777777 15.31283965152815 31.61563331164632 15.511622454539696 16.88472409792886 23.76357734500574
0.18333333333333332 16.278497053995117 32.432361973930156 16.478696564279808 17.719677735853956 24.771900370740408
0.19993611111111112 16.278497053995117 32.432361973930156 16.478696564279808 17.719677735853956 24.771900370740408
0.21664166666666668 17.30734213892312 33.32691211979814 17.508495770997786 18.628904805390075 25.84011260805107
0.23330277777777778 17.82406908950481 33.7809183566091 18.02600058586623 19.090136965750396 26.37525700322618
0.24999722222222223 18.35378411912378 34.25119930120259 18.557215016755656 19.5639328091626 26.922890202738458
0.26666666666666666 18.895398464004284 34.73469853943386 19.101070436647905 20.051784729490873 27.482504518884983
0.2833 19.467879174198526 35.22657645141448 19.675528079484536 20.569299273165317 28.068766684809447
0.29990555555555554 19.467879174198526 35.22657645141448 19.675528079484536 20.569299273165317 28.068766684809447
0.31659166666666666 20.047317750664703 35.71972762611374 20.241052750103325 21.091290785328404 28.652583391972534
0.3333138888888889 21.21294274470717 36.704531738988614 21.38885666708121 22.15700819533432 29.831992791895605
0.34996666666666665 21.21294274470717 36.704531738988614 21.38885666708121 22.15700819533432 29.831992791895605
0.3665833333333333 21.82332157484429 37.22166438714435 22.00144785145007 22.714948397928733 30.443312133957537
0.38332222222222223 23.032552111601724 38.215123177928305 23.20096324997821 23.829959698295735 31.63943126706908
0.3999916666666667 23.634256094780614 38.69328683458025 23.79858312719997 24.384104242045264 32.2274303082328
0.41665555555555556 24.25643056533656 39.188462687866135 24.41703445216795 24.9611110080436 32.83386130229806
0.43330277777777776 24.25643056533656 39.188462687866135 24.41703445216795 24.9611110080436 32.83386130229806
0.44997777777777775 25.48959785243449 40.15190563322938 25.668189704528512 26.13275695853631 34.04703334178283
0.46663055552777777 25.48959785243449 40.15190563322938 25.668189704528512 26.13275695853631 34.04703334178283
0.4832194444444444 26.125607758219346 40.65010683954951 26.313088592597154 26.735565920838756 34.660302163506124
0.49995833333333334 26.757807954426383 41.13986606226097 26.954548916582784 27.328204187242722 35.27254905437253
0.51665 28.02413476414155 42.20888868744109 28.266626531544023 28.48059551131785 36.675067269714354
0.5332444444444444 28.690129706916032 42.73192205696136 28.928339844075957 29.096781530968183 37.30338588794424
0.5499972222222222 30.720385514851365 44.41204687463788 30.946490035949452 30.90907286786533 39.36480662190872
0.5666583333333334 31.766374428134398 45.26438300974642 31.984528791414007 31.841648225404917 40.39822166828689
0.5832972222222222 32.441339856144054 45.78550037635519 32.65059236499183 32.462165801037344 41.01275485016271
0.59992777775 32.84513942725815 46.13547917405296 33.04389448519828 32.78802191038876 41.444515336345276
0.616625 34.6762268768251 47.50960005908529 34.82640690209095 34.39005334698641 43.15378051636314
0.6333249999722222 36.297969425899446 48.71974791860918 36.393397649897565 35.7474375427483 44.7307438937154
0.6499916666388889 36.988443508250874 49.23867528533767 37.09627511187864 36.400770662666744 45.363293903617645
0.6666583333055556 38.60673550394959 50.4936398064782 38.76473948385301 37.82334452868365 46.98291810390298
0.6832805555555556 38.60673550394959 50.4936398064782 38.76473948385301 37.82334452868365 46.98291810390298
0.6999972221944445 41.005722861718134 52.38967783130892 41.2354206484545 39.962079599647524 49.24680928103664
0.7165527777777778 41.005722861718134 52.38967783130892 41.2354206484545 39.962079599647524 49.24680928103664
0.7332472222222223 42.25722684303069 53.351339947560184 42.518733136151454 41.0849805234291 50.409995717191435
0.7499833333333333 43.52705040838255 54.32936288486077 43.822126902634594 42.229574965328545 51.57894975811442
0.7666416666666667 44.81203155768674 55.31306605844479 45.13169963457917 43.40560732163814 52.74601063310639
0.7832944444444444 46.8051641224804 56.857289601280414 47.15898548715122 45.30122802406094 54.5328382164233
0.7999527777777777 47.98458329670335 57.80628005669148 48.39115071924891 46.364787506650096 55.68494456781402
0.8166472222222222 49.31285795821951 58.83656440567872 49.72122506122074 47.64905254469021 56.87408751104206
0.8333 50.01245797567913 59.39445710266196 50.41100083080278 48.372625293036165 57.472391213761554
0.85 52.64009014892056 61.5086256713471 53.01048142850127 50.98024859160642 59.80730218133561
0.8666583333055555 53.98499976358339 62.5602970155686 54.315602177386644 52.28620492096182 60.96369871351725
0.8832333333333333 53.98499976358339 62.5602970155686 54.315602177386644 52.28620492096182 60.96369871351725
0.8999194444444445 55.34924502289654 63.601838404719224 55.63969032674811 53.62589599590876 62.142310030115326
0.9166555555555556 57.36130705392065 65.14392683825156 57.6171380173259 55.65957228867507 63.85467319608856
0.9333194444444445 58.75868422629578 66.2364347167154 58.9962122657005 57.008775721954855 65.12372676407392
0.9498972222222222 59.418231425558545 66.72943586309786 59.628507232978826 57.69738920239522 65.6513261151159
0.9666611111111111 62.12502558295491 68.78742168664535 62.255638716401855 60.41742836214012 67.95902156696032
0.983325 62.86326208036014 69.35599524322964 62.979826482629534 61.1333902128447 68.62274560293807
0.9999833333333333 64.81749186171065 70.84530332632568 64.87365634285182 63.1150243944813 70.25392322846065
1.0166583333333334 66.15568826378693 71.88031266036916 66.17807465358847 64.47056298133673 71.38825917083722
1.033311111111111 67.4758342148227 72.91115033578821 67.4774342855581 65.81231910186403 72.52108386962354
1.0499333333333334 67.4758342148227 72.91115033578821 67.4774342855581 65.81231910186403 72.52108386962354
1.0665638888888889 68.74129072567192 73.92311256799934 68.7397081581697 67.0987264117626 73.62665518143545
1.08325 69.97957699691344 74.93064156097886 69.97452892670144 68.35748080838374 74.70903149924466
1.0999833333333333 72.40805711966654 76.9250015224147 72.39588171655559 70.82635258077138 76.82835906243926
1.1165611111111111 72.40805711966654 76.9250015224147 72.39588171655559 70.82635258077138 76.82835906243926
1.1333027777777778 74.00505044730876 78.23597300952065 73.98955427206099 72.46840753472789 78.20211371038417
1.1499416666666666 75.11507995161645 79.13019573230758 75.09609196716121 73.59800321192354 79.15956874639288
1.1666555555555556 76.20663877227953 80.00954330990525 76.18421708158014 74.70880262792024 80.10109646332432
1.183325 77.95703262336374 81.38414256607412 77.92661944929445 76.47332432190706 81.60484074985597
1.1999583333333332 77.95703262336374 81.38414256607412 77.92661944929445 76.47332432190706 81.60484074985597
1.2166388888888888 79.99325836284561 82.98038909686885 79.95547681222526 78.54923521305209 83.3290838003657
1.2333305555555556 80.98392411426063 83.75110255059732 80.94220660489063 79.55949601269202 84.16372362718353
1.249986111111111 81.9474127366274 84.49420981703186 81.9011755314443 80.54475487987987 84.97095518740339
1.2666583333333334 82.88391380111108 85.2112774620228 82.83253520224943 81.50320532880336 85.75053783966844
1.2832694444444444 82.88391380111108 85.2112774620228 82.83253520224943 81.50320532880336 85.75053783966844
1.299975 84.64666180495901 86.58233775160338 84.59818063170592 83.31921589221967 87.21221393770105
1.3166555555555555 85.49097229371574 87.24071326372233 85.44687803801284 84.1888043040296 87.90596800563544
1.3333111111111111 86.32096525987707 87.88792058498078 86.28117887727126 85.04363698439518 88.58795375155884
1.3499305555555556 86.32096525987707 87.88792058498078 86.28117887727126 85.04363698439518 88.58795375155884
1.3666361111111112 87.1050926029506 88.494663427596 87.06045223970023 85.8574720055578 89.22761044190689
1.383325 88.6226650620642 89.6931523643424 88.58083548923014 87.43012088331996 90.46965014566469
1.3999666666666666 89.17345139893916 90.11991555197893 89.13186564163786 87.99151429482504 90.9186378001493
1.4166 89.52842020553132 90.44385274699601 89.48819791568252 88.38523513761767 91.21638738047227
1.43332777775 90.71804081021655 91.39676176854086 90.66641346697062 89.60360893961887 92.17117885496788
1.4499444444444445 91.37868403848574 91.93992111235612 91.31578569983297 90.28209555688584 92.69967272230346
1.4666444444444444 91.52001708703516 92.07205810703567 91.45814986868817 90.44140546578934 92.81935477255766
1.483325 92.59415400807937 92.9468971619725 92.50715349762774 91.54888976289489 93.67258923140997
1.4999805555555557 92.59415400807937 92.9468971619725 92.50715349762774 91.54888976289489 93.67258923140997
1.5166277777777777 93.15538911514653 93.41295309245065 93.06323793101127 92.14812403568473 94.12241159418713
1.5332305555555557 93.68899671546495 93.85310970063497 93.5970808429536 92.72392809084576 94.54950852146202
1.5499888888888889 94.70077106144932 94.70255115400877 94.6094530992659 93.82626249413092 95.36759085356925
1.5666305555555555 95.09745791673545 95.02120610022202 95.00689038914847 94.25505826142049 95.69065179655347
1.583325 95.55610956257405 95.41014118951556 95.47105298610337 94.76872762247501 96.0654817436465
1.5999027777777777 95.63017440319781 95.48663883635696 95.54653543633499 94.85591549543376 96.13106175595048
1.6165972222222222 96.42084533186856 96.22134615126424 96.36016897495298 95.7824556012778 96.77577340255257
1.6332305555555555 96.42084533186856 96.22134615126424 96.36016897495298 95.7824556012778 96.77577340255257
1.6498861111111112 96.78221263569644 96.55620169194411 96.73298196284628 96.21117648849966 97.07571823870293
1.666625 97.18878474905657 96.93438990537048 97.12639335967268 96.67328063601586 97.39715602194342
1.683286111111111 97.47696084771557 97.1830100979535 97.40012637729002 97.01754771110345 97.62267777091037
1.699961111111111 98.06457686081124 97.7143994642704 97.95952077584944 97.71998058942565 98.11455499323307
1.7166305555555557 98.09630047822256 97.75186832551186 97.99296662416178 97.75735795681211 98.14546392777024
1.7333305555555556 98.33490092356438 97.97812337654244 98.21733698821386 98.05767148130226 98.33651191467912
1.7499722222222223 98.55780228566064 98.19804247086024 98.42250682350144 98.33108153075847 98.5237835123537
1.7666416666666667 98.75354239588324 98.39431050699761 98.61359748093084 98.57763219481288 98.6880379356647
1.7833027777777777 99.11338419547434 98.73075480820944 98.93342378170044 99.00068058325958 98.97222219245083
1.7999277777777778 99.12791888079444 98.75156210643551 98.95090863773814 99.01706286877992 98.98907100896803
1.8165555555555555 99.2665986335374 98.88436003937535 99.09095106894655 99.17670698015658 99.1053131398934
1.8332694444444444 99.41178431677413 99.01252460229745 99.23915488167749 99.32565002273246 99.22576993713217
1.8499694444444446 99.64760001478086 99.25348195800338 99.48919937609381 99.59069078295892 99.45727744519816
1.8666444444444446 99.73783745894156 99.36512760724592 99.60766250520406 99.71184229674077 99.56432317881173
1.8832638888888888 99.74213983658926 99.37553998246241 99.61409889848682 99.7165661935155 99.57147005285502
1.8999972222222221 99.86008775573406 99.54339351850784 99.74709184953146 99.84523239189704 99.7038027427725
1.916588888888889 99.86008775573406 99.54339351850784 99.74709184953146 99.84523239189704 99.7038027427725
1.933325 99.91609611918567 99.63190870867774 99.81413369896865 99.90467211226846 99.77119432657292
1.9499 99.9425057848044 99.69549879549463 99.86213742224479 99.93099023833332 99.82105276823927
1.9666166666666667 99.9673368720069 99.76446815743478 99.90091574453052 99.95719565396982 99.8646264411836
1.9832833333333333 99.99082615302014 99.8273808663745 99.93681897957411 99.98185066595944 99.90459186430587
2 99.99996264766462 99.91735542755752 99.98210463318108 99.99995746400258 99.96739185869654
2.0166333333333335 99.9999620145742 99.95492302901096 99.99399120229616 99.99996153090909 99.98555011811156
2.033313888888889 99.99995785832378 99.98807102154606 99.99999537043892 99.99996680198605 99.99995298984338
2.049988888888889 99.99995854917093 99.98826657856989 99.99999544633337 99.99997197747193 99.99995839175783
2.066638888888889 99.9999571440581 99.9999571464951 99.9999952919718 99.99997102755572 99.99995698130894
2.0833305555555555 99.9999578583238 99.99995786072019 99.99999537043894 99.99997151042979 99.99995769828712
2.0999333333333334 99.99996193188667 99.99996193432368 99.9999952919718 99.99997102755572 99.99996176913751
2.1165583333333333 99.94790159598168 99.99996256875163 99.96356493195545 99.99741507102729 99.99995769832702
2.1332666666666666 99.86630946188419 99.99996193432366 99.89754418782327 99.9907548160075 99.9999569813495
2.1499333333333333 99.75751962797015 99.97840792160518 99.80413229485336 99.97034505229826 99.99995219369673
2.166611111111111 99.63605542834853 99.93943578394746 99.70228698575217 99.93529265999571 99.99994828230403
2.1833027777777776 99.35880578564662 99.8280001015229 99.43725114964269 99.80990574035165 99.99994357398
2.1999444444444443 99.35880578564662 99.8280001015229 99.43725114964269 99.80990574035165 99.99994357398
2.2166083333333333 99.19351407551868 99.75302162862022 99.27450246258012 99.71811745396606 99.98585877014717
2.2332833333333335 98.98830763225396 99.65104223118051 99.06112701728283 99.58151724171123 99.94408573263104
2.2499277777777777 98.75550413179775 99.52311776932292 98.82829056116518 99.41728034888395 99.88305655557157
2.2665694444444444 98.50491219156748 99.38407006686037 98.58207688848651 99.23006142957088 99.79761298476068
2.2832444444444446 98.24060627743326 99.23272602768141 98.31086952635697 99.02068533502468 99.70012061833077
2.299913888888889 97.97174303789532 99.07877237461712 98.03498575871825 98.80769898626437 99.60094719783464
2.3166611111111113 97.35965293543414 98.71149762617752 97.42996856343207 98.3130834782604 99.34516586878314
2.333283333333333 97.31490129027203 98.68966339070744 97.38640870857499 98.28449646062224 99.33407177301827
2.3499333333333334 97.00265063990828 98.48402117954048 97.07370068554124 98.01683541102729 99.16300204866839
2.366561111111111 96.62112833544593 98.24265261616105 96.68993742813664 97.69356847770601 98.95974381551883
2.383227777777778 96.23303786064618 97.99712742571606 96.29956265609552 97.36473294137652 98.75298599975392
2.3999277777777777 95.81826992671918 97.7375035010608 95.88451695237262 97.02192175198749 98.53106214118876
2.416663888888889 94.91229523053924 97.168125172695 94.96508518181149 96.2669224347292 98.0208704555701
2.433236111111111 94.91229523053924 97.168125172695 94.96508518181149 96.2669224347292 98.0208704555701
2.4499583333333335 94.32629436233103 96.79424393196228 94.36733808414314 95.76365312776647 97.69506560131336
2.4666083333333333 93.90710196337781 96.52255262605618 93.93178845370494 95.37501009116707 97.42820512157049
2.483236111111111 93.36986087432065 96.18344398182747 93.38844149632926 94.91120419093046 97.09903440179849
2.499919444416667 92.80532857073959 95.83976314205361 92.8234148438622 94.42500499940274 96.76556068949978
2.51665 92.09934261049379 95.41368560740652 92.11722887177697 93.82751078754784 96.36573922117621
2.5332944444444445 91.1788573386174 94.82140409422531 91.21496752078409 92.97646125686404 95.76390577087999
2.5499833333333335 91.03183829426102 94.7350941624624 91.06855031279714 92.85940698604273 95.69330420039464
2.566647222222222 89.77099222584394 93.91785619356243 89.80069858569227 91.66771596679233 94.8609079730197
2.58325 89.77099222584394 93.91785619356243 89.80069858569227 91.66771596679233 94.8609079730197
2.599972222222222 88.44273638585238 93.06305807085089 88.45901833491295 90.40039709058304 93.98133841414344
2.6166638888888887 87.74770667743653 92.59720492496253 87.75849787050426 89.71969612567294 93.50893432413207
2.6333305555555557 87.03612423203282 92.11024846557883 87.03568813359419 89.02314646349623 93.02250565572096
2.649958333333333 86.31250450914756 91.61505301165397 86.30065614252062 88.3148136376189 92.52785162541063
2.666638888888889 85.57026654251213 91.11353412777468 85.54801292674307 87.58142719514063 92.02286746382939
2.6832833333333332 85.57026654251213 91.11353412777468 85.54801292674307 87.58142719514063 92.02286746382939
2.6999944444444446 84.52065959964767 90.42933659540577 84.50929516926766 86.59754739060078 91.35117599322209
2.7166361111111113 83.16480388058105 89.5101481858771 83.17840370849895 85.26818534981108 90.41796073886843
2.733299999972222 82.34248035699746 88.9484025060005 82.36063133839895 84.45628372198443 89.87033613541603
2.7499972222222224 81.5061924498136 88.37711747570013 81.52897187100378 83.63059461150048 89.31341198025326
2.766661111111111 80.64821865951949 87.80127421038172 80.67058375755832 82.78728221090273 88.75194290358193
2.7833055555555557 80.32022236561303 87.5945161461509 80.34296653311016 82.4955412314265 88.56129786804942
2.7999638888888887 79.41383910124094 86.99002442968687 79.433973821082 81.59485566010159 87.97135202677643
2.8165833333333334 78.85034208728344 86.60222129550434 78.86753115770601 81.00070742373705 87.58174757029899
2.833327777777778 77.00873855800303 85.39271891853342 77.01056001898948 79.16745583974625 86.36005891377482
2.8499444444444446 76.07393628273569 84.78070136935074 76.08054958342746 78.22924132604355 85.71806806000058
2.866563888861111 75.66840977905323 84.52274715527194 75.67513516958726 77.86024541631546 85.47600141694973
2.883311111111111 74.68493769047514 83.87886696704707 74.6967092257132 76.8731980807018 84.80059256591673
2.8999805555555556 73.13366590275648 82.85601449848231 73.18574937702759 75.29268215568783 83.71694995224243
2.9166166666666666 73.13366590275648 82.85601449848231 73.18574937702759 75.29268215568783 83.71694995224243
2.9332861111111113 71.1176393613922 81.5274734340658 71.2128606717652 73.27215983249378 82.35914966218697
2.9499833333333334 70.10699745709306 80.85841592755051 70.2133164439695 72.2566683668059 81.67657907482108
2.9666638888888888 69.09448438985451 80.1914751845258 69.2132988512303 71.23991915315507 80.9917354048275
2.9832972222222223 68.06484484219047 79.51325325618782 68.19636613671364 70.20597180530045 80.29530772465834
2.9999666666388887 67.52357581402845 79.16602504860201 67.65732149496303 69.70098827657672 79.96132988948307
3.0166666666666666 66.02259911429344 78.12205566112515 66.1469125090892 68.14597882829814 78.87475998384336
3.03325 66.02259911429344 78.12205566112515 66.1469125090892 68.14597882829814 78.87475998384336
3.0499944444444442 63.96323857718604 76.70055261078886 64.07507533624776 66.06871792799541 77.4080444302263
3.066647222222222 63.54123350350959 76.38343755999271 63.64509636519922 65.60339818327104 77.0570984392105
3.0832777777777776 62.30534311379805 75.5828761213484 62.41272675046023 64.43741168100904 76.27937296257358
3.099913888888889 61.939140013403886 75.26684320114569 62.02248800990614 63.976220764877915 75.9287435201693
3.1166638888888887 60.7442246582776 74.27366690568782 60.768940576637 62.538243748095304 74.88023997290324
3.1333166666666665 59.9146688767389 73.59538542686292 59.903573578025814 61.54274251954552 74.15887903623671
3.1499305555555557 59.3535519865622 73.17650329648383 59.32715483241334 60.921857829185356 73.72819839469922
3.1665555555555556 58.58802775614559 72.56083127207404 58.52889047989499 59.98150844566768 72.99488163366898
3.1833055555555556 57.11595393422756 71.38721302591294 57.02696587066698 58.193762584559096 71.54346354360163
3.199997222222222 56.429491825841886 70.8431360777551 56.33958032947844 57.36485617971675 70.84284293866214
3.216552777777778 56.429491825841886 70.8431360777551 56.33958032947844 57.36485617971675 70.84284293866214
3.2332916666666667 55.77751284590457 70.27454495261556 55.68489478607167 56.477525732792046 70.0389127354667
3.2499444444444445 55.27327489379251 69.9070451636834 55.179146155290525 55.916388054499166 69.60059045811727
3.2666555555277776 54.758447544481555 69.48665910248066 54.660604367212706 55.27430189518642 69.05013319460144
3.283325 53.81478314309812 68.72841062155622 53.708408783891805 54.083242303341734 68.01843880439553
3.299977777777778 53.33328413231365 68.38351474288072 53.21994900059053 53.544896427436505 67.59964979099882
3.316602777777778 52.94283947590353 68.05420291301584 52.807116959661315 53.026685513850374 67.14476767831367
3.333327777777778 53.16233394405924 68.15087497618363 53.01734317813666 53.106314088542454 67.13763251290678
3.349938888888889 52.8759627752346 67.9129565703331 52.72631786145678 52.69409017529151 66.79541753097018
3.3666222222222224 52.06119484851854 67.32041116158632 51.91107917484077 51.75365985399384 66.08680872606536
3.3833277777777777 52.075991263815474 67.24885379523201 51.930803101412906 51.56339929634081 65.87392572592913
3.3999 52.075991263815474 67.24885379523201 51.930803101412906 51.56339929634081 65.87392572592913
3.416655555527778 51.62495765712093 66.85687130851339 51.48279626579284 50.86596026932 65.34781806223802
3.4332194444444446 51.892989742327096 67.01898273194284 51.75938834915407 51.07892657772095 65.47941638324393
3.4499472222222223 51.859635766243485 66.94718205861591 51.7480621726569 50.92224874977613 65.33136902067343
3.466655555527778 52.193564178851986 67.08386542926073 52.098978711702514 51.057212522276096 65.4115349329683
3.4832555555555555 51.93403133755669 66.87436720084696 51.843975314273216 50.705305297883974 65.1642266051596
3.4999694444444445 52.15751600955052 66.87065756510866 52.073513909096775 50.624797885074265 65.06592644144885
3.51665 52.52584201101642 67.09146303112117 52.42793406832883 50.947601035458334 65.28379818400425
3.5333222221944443 52.51393128977458 66.98273715518275 52.392133218210766 50.73335116607473 65.10468787922721
3.5499916666666667 52.51393128977458 66.98273715518275 52.392133218210766 50.73335116607473 65.10468787922721
3.56655 52.755895314686676 67.09622500817362 52.63489303721454 50.89664994362538 65.21084113968973
3.583302777777778 52.901642808418224 67.10021112099474 52.78825781000963 50.90472605689627 65.19162972817747
3.599988888861111 53.21850084431556 67.26270260616872 53.137515011297765 51.17088652970675 65.35780330826695
3.616661111111111 54.12244545338363 67.87371043197341 54.04283351981727 52.096090518440455 66.00016576425388
3.6333055555555553 54.0528492526892 67.80412541839466 53.97740120955627 51.978392991991214 65.90590595033613
3.649938888888889 54.91317310714828 68.36783350916458 54.868692838767956 52.772809980206304 66.43027891989757
3.666625 54.903807871644425 68.34171429801076 54.8691553097073 52.71816585357754 66.3748485995696
3.683288888888889 55.41734946381943 68.68329937789188 55.365958647376644 53.228070257469845 66.72945555722306
3.699936111111111 55.982375203566406 69.03364176230056 55.90096046877955 53.72179922950389 67.05896958531453
3.7165555555555554 56.65272387589582 69.4450773044315 56.54785133409093 54.27200613556278 67.41206333917533
3.73325 57.69013220347164 70.17010703958215 57.56712886769509 55.34870407068961 68.13040078289937
3.7499694444444445 58.47187207168862 70.67106855346637 58.3318105275877 56.04679801619043 68.5319035495881
3.766661111111111 59.16414011538879 71.11653553924508 59.02322171158945 56.71703651775023 68.93410283144611
3.7832805555555558 59.16414011538879 71.11653553924508 59.02322171158945 56.71703651775023 68.93410283144611
3.7999833333333335 60.17067021167679 71.73084843691935 60.04063415370449 57.64890878217339 69.44864781277391
3.8166527777777777 61.51253892767649 72.59795241687246 61.42512594504316 59.022189457738826 70.30918589964361
3.8332333333333333 61.51253892767649 72.59795241687246 61.42512594504316 59.022189457738826 70.30918589964361
3.8499083333333335 62.35382266016049 73.10814934722698 62.25625538535135 59.86177861782273 70.84946644478865
3.8666444444444443 64.12432424684754 74.20537253829225 64.00117455652214 61.641631448488376 72.00844591847618
3.883322222222222 64.67009213151792 74.56433712048204 64.52289628445537 62.21574751538571 72.40353221124977
3.899947222222222 66.017351167455 75.37556028795179 65.80411083811565 63.5105520391495 73.2157098265099
3.916661111111111 67.00375749243555 75.99340061483308 66.74112802739084 64.4925127367453 73.8402058201119
3.9332555555555557 67.46790210800098 76.26065940994111 67.1743692904426 64.91389279875544 74.08609889911375
3.949975 69.00194065076407 77.25100490587023 68.66573179538699 66.47712193482644 75.11735794351648
3.9666555555555556 69.5101010042301 77.59250369027306 69.16107888183568 67.0221962768119 75.48958120576758
3.983327777777778 71.04408392799799 78.5412848053871 70.65057845546998 68.52326277626425 76.43189388646165
3.9999333333333333 71.04408392799799 78.5412848053871 70.65057845546998 68.52326277626425 76.43189388646165
4.016647222222222 72.53161651869229 79.56944186798465 72.14560861339392 70.06091964069743 77.4925458278788
4.033313888888889 73.52753289187181 80.25238775222384 73.14756335535228 71.06548827683307 78.18842001450346
4.049994444444445 75.14569027388492 81.3447639318796 74.77186454749076 72.66050260675502 79.29159989665973
4.066591666666667 75.77153368390124 81.75134409153475 75.39772058893489 73.25332106619479 79.68636703086983
4.0833055555555555 76.78283610610212 82.48658305917567 76.43164597338888 74.32508451173474 80.44498387123735
4.0999944444444445 78.13649966256389 83.50148054573205 77.81281092747487 75.80292155903754 81.51690190061477
4.116588888888889 78.4949130698357 83.77194807776924 78.17653070745305 76.1995949761025 81.8199035088014
4.133327777777778 79.99376904699125 84.89000802535779 79.71237432683476 77.83649491456823 82.97145534803693
4.149911111111111 79.99376904699125 84.89000802535779 79.71237432683476 77.83649491456823 82.97145534803693
4.166661111111111 81.76696673613046 86.19304655935235 81.50681061021439 79.77717415378133 84.43671964120321
4.1833277777777775 82.33977579456426 86.60683247907987 82.08410116510085 80.39883768162997 84.90460499047346
4.199958333333333 83.48586668316847 87.4491073588224 83.23283370726696 81.64620899567393 85.87090031607126
4.216652777777778 84.03030373780236 87.83928802124548 83.77940131539714 82.23964756622208 86.32691888756905
4.233216666666666 84.29646063452653 88.04196655422471 84.0497399191614 82.5356487324726 86.55480357277624
4.249891666666667 85.08009348106407 88.61510676196251 84.83947507522403 83.39550951832784 87.21595964096284
4.266644444444444 85.84550343227512 89.17453118729765 85.60422582755005 84.22480525862349 87.85185584538982
4.283313888888889 87.1074612635873 90.07262575328743 86.88492321945239 85.5981924599291 88.89514443488147
4.299991666666667 87.81907865269623 90.59031576403306 87.61688831467497 86.379502728929 89.48688130417796
4.3165611111111115 88.02208930037341 90.74714383463251 87.82326880131917 86.60651101678017 89.66209994910832
4.333241666666667 89.1872920195224 91.57327018707471 88.99928487239923 87.88949062581175 90.60799502846936
4.349947222222222 90.0156501363613 92.18308055122667 89.83478315739674 88.80668895212669 91.29461553776329
4.366575 90.17932800297834 92.3112314023135 90.00142605645581 88.99018585455084 91.4373267584557
4.383288888888889 90.62018047658884 92.62470114440228 90.4382305402655 89.48091466115771 91.7988451925259
4.399905555555556 91.21460637092918 93.05893099408162 91.03159157837993 90.1438709983486 92.2946468811101
4.416633333333333 91.76536396808902 93.46790633097457 91.59041012232433 90.77740868044972 92.75340986479044
4.433277777777778 92.82838030199403 94.25043766172811 92.63763830650032 91.97267967931148 93.63478918266222
4.449922222222222 92.82838030199403 94.25043766172811 92.63763830650032 91.97267967931148 93.63478918266222
4.466638888888889 93.43029113146869 94.71022650164262 93.24281499004827 92.66966491165691 94.13668168219436
4.483269444444445 93.90654231525663 95.06965424474845 93.71919368051506 93.2255986621033 94.52758072905462
4.4999666666666664 94.72033586669025 95.68451109332288 94.52480808611534 94.17401796912313 95.20740741089678
4.516611111111111 94.80688310677287 95.75525218214923 94.61456069965001 94.26952587126866 95.28597450252141
4.533255555555556 95.1432411235696 96.01217653532052 94.96325098427332 94.66875480148143 95.56813903194129
4.549927777777778 95.63583391906843 96.38766243927701 95.46187289071632 95.21617374784991 95.96883340897855
4.566605555555555 96.31166993142325 96.90630083296996 96.13381161059667 95.96383041301581 96.50112549886383
4.583308333333333 96.61146760876642 97.12601063758085 96.40950461750549 96.28214444400562 96.72860437261747
4.599961111111111 96.7225762934973 97.22023979700442 96.52723503965476 96.40405060954832 96.8358632456464
4.616574999972222 96.99082132520188 97.4109053113374 96.79288353984956 96.69050462621804 97.0360646441213
4.633311111083334 97.30833022588355 97.6439671253718 97.11103130627758 97.03113118017131 97.28479902587826
4.649986111111111 97.88321332843505 98.0624251535461 97.67758140504958 97.64159667965251 97.74151354375982
4.666655555555556 97.91791474928038 98.09418867561911 97.71565384103238 97.6802590291664 97.77853791189492
4.683330555555556 98.34788118086617 98.42283167621734 98.17850575074768 98.18649946721641 98.14535615184973
4.699905555555556 98.34788118086617 98.42283167621734 98.17850575074768 98.18649946721641 98.14535615184973
4.716658333333333 98.76570187269732 98.72274052228957 98.60432007900384 98.64354582095173 98.50599187120106
4.733313888888889 98.95912403099587 98.86222140934056 98.80861240633844 98.85650509553423 98.68243321541856
4.749997222222222 99.13083583839541 98.99713043108422 98.98614335695802 99.05181833109972 98.85432392851784
4.766647222222222 99.29654158498936 99.1275067106239 99.1531155781708 99.22488752190675 99.0135843071087
4.783322222222222 99.42406589779866 99.2410942017757 99.27276630513647 99.37373852435216 99.16004082618518
4.799994444444445 99.54602922986285 99.34873757061659 99.38149691660504 99.49488768251074 99.28518901499787
4.816599999972222 99.66026234133459 99.44531106734655 99.47971249971386 99.60744005263915 99.39818981772382
4.833302777777778 99.74632493632356 99.54443390780378 99.58009622671536 99.69996237672838 99.49010005374855
4.849913888888889 99.74632493632356 99.54443390780378 99.58009622671536 99.69996237672838 99.49010005374855
4.8665722222222225 99.81256268112674 99.61901965261826 99.65431471603019 99.76498072537817 99.56429508148577
4.883311111083334 99.92076092804035 99.75733083426651 99.79686017280564 99.8845373729869 99.70210889148755
4.899916666666667 99.95714055489655 99.8105558607401 99.85461411249385 99.92470298116793 99.76300632270231
4.916655555555556 99.98113363479455 99.86150431551523 99.9125689883282 99.95837582824373 99.82247849968901
4.933263888888889 99.98143828838398 99.8637701054863 99.91399765251545 99.95905356062909 99.82538868821871
4.949991666666667 99.9999339195931 99.93587208358984 99.96783984806797 99.99540669220215 99.90569318359188
4.9666194444444445 99.9999339195931 99.93587208358984 99.96783984806797 99.99540669220215 99.90569318359188
4.983244444444445 99.9999385493899 99.96783157101576 99.98647478025534 99.99995770449108 99.94197219346589
4.9999416666666665 99.99993955677694 99.99090178448901 99.99993516000417 99.99994913631588 99.97287131982833
5.016566666666667 99.99994325767403 99.995401932286 99.99993407933758 99.9999482885878 99.98630861334752
5.0333194444444445 99.99995666331944 99.99998084504476 99.99994245880387 99.99995690888885 99.99996656375279
5.049905555555555 99.99522576054554 99.99997645620938 99.99791894143344 99.99995762707404 99.99996712102357
5.066566666666667 99.9904127428372 99.99997182616818 99.99585494217224 99.99995299703285 99.99996712102357
5.083311111083333 99.8451901441687 99.99551330706322 99.88272599666631 99.9769304426348 99.99081859168672
5.099894444444445 99.8451901441687 99.99551330706322 99.88272599666631 99.9769304426348 99.99081859168672
5.1166583333333335 99.61562898321988 99.97737704782207 99.7066554224507 99.92480046799352 99.95422591078787
5.1333166666666665 99.47377238973671 99.96830914874977 99.5971108701582 99.87125466521611 99.91257289775947
5.149972222222222 99.47377238973671 99.96830914874977 99.5971108701582 99.87125466521611 99.91257289775947
5.166647222222222 99.09939557371894 99.91293356650333 99.30829917035037 99.66079804843105 99.78343138657459
5.183330555555556 98.86917707174716 99.85443971507208 99.11823627614017 99.50625952438962 99.68207695677764
5.199986111111111 98.61231011505295 99.79153297178594 98.90703666555235 99.3382645669583 99.57199392389262
5.216644444416667 98.38133091174643 99.72192678741312 98.71037497972998 99.16488871113134 99.44867086448807
5.2333083333333335 98.35435780125466 99.71729223387001 98.68888593703791 99.15097489729597 99.43948204556287
5.249908333305555 98.07280795536191 99.6197181062665 98.4407914460133 98.93242321820685 99.28857378008844
5.2666305555555555 97.77146290190674 99.4968008081761 98.17220388367913 98.68696704214672 99.12767415593754
5.2833194444444445 97.12369283390073 99.20612637546786 97.60233904809111 98.16484145700778 98.74492695292706
5.2998916666666664 97.07575438113241 99.19289514839232 97.56237332410144 98.13425548129125 98.72400906880918
5.316625 96.63527508510265 99.00656404026253 97.17583140952075 97.80183203557473 98.46782011936597
5.333263888888889 96.30033224488669 98.85042050362229 96.87757590470582 97.53758986630186 98.25873391943772
5.349972222222222 95.81904634419627 98.64181670261235 96.46008581030071 97.16169185807263 97.97892544052051
5.366644444416667 95.35739480312895 98.43079200445212 96.05952049221209 96.79304861621844 97.69867479644104
5.383286111111111 94.97022878288216 98.23851573578736 95.71023750424561 96.45676115513817 97.43604962494395
5.399969444444444 93.98765925074865 97.77403910651272 94.84059736605236 95.65012531735802 96.81235319060508
5.416588888888889 93.58818566412802 97.56551979123971 94.47688325516859 95.29806222711483 96.53516458182581
5.433255555555555 93.48132209186348 97.5249451210937 94.38483130942139 95.21969659756675 96.47741732485625
5.449988888888889 92.51899079187814 97.02372310614946 93.50025793072382 94.37925350437096 95.79813266273162
5.466652777777778 91.8281528663231 96.66807805376558 92.87181647905518 93.78397144384975 95.32466650227674
5.483311111083333 91.24824597708341 96.3585289006601 92.33422605027046 93.26446042185674 94.91041891116672
5.499936111111111 91.24824597708341 96.3585289006601 92.33422605027046 93.26446042185674 94.91041891116672
5.516588888888889 90.48311131393952 95.9558974688913 91.62539817297288 92.58517377259761 94.38170804842191
5.533333333333333 89.39138461203588 95.32455771965364 90.59110877719704 91.56366377453489 93.58427504115092
5.549944444444445 89.21157757156193 95.24531293524099 90.43164083215173 91.4206798124953 93.47553872769805
5.566661111111111 88.06269811991976 94.5624809692956 89.34553753494593 90.32542730413188 92.62701676760138
5.583269444444444 87.58403212233596 94.25888445721301 88.891967461552 89.85910902192884 92.2590767191373
5.599980555555556 86.67987676432004 93.75934183564739 88.04761874886752 89.0292174095448 91.63059851447427
5.616625 86.67987676432004 93.75934183564739 88.04761874886752 89.0292174095448 91.63059851447427
5.633244444444444 85.92768245585935 93.33672214872621 87.34155151764084 88.32163426499446 91.09412055547737
5.649991666666667 84.40488493918582 92.4618094968486 85.8977994302595 86.88215932510938 89.99055927554262
5.666616666666667 84.40488493918582 92.4618094968486 85.8977994302595 86.88215932510938 89.99055927554262
5.683311111083333 83.12053084753988 91.66943243291183 84.65260349256711 85.60892567498973 89.01702939714694
5.699891666666667 82.8392017319459 91.53058964012703 84.39681355077657 85.36907443623956 88.83397988709937
5.716586111111111 82.03157801484942 91.03830299628667 83.60437267749026 84.57559312621467 88.22784780790452
5.733327777777777 80.89149621382319 90.37710855224223 82.50665600812832 83.49326142395728 87.40123827335641
5.749952777777778 80.03677493779591 89.85858361403352 81.67049845420317 82.64905017361528 86.76979878764382
5.7666444444166665 78.67008285021433 88.97802658377984 80.31021804635681 81.26390098243562 85.72216009909128
5.7832944444444445 78.16134542920503 88.63330833986198 79.79230676706625 80.7206350717651 85.31367537912588
5.799994444444445 76.91510575036028 87.90608251213926 78.5916913446767 79.52561422623604 84.3881188947233
5.816655555555555 76.52384122661877 87.70110573012283 78.22883865560344 79.1785907385451 84.12351074039658
5.833325 75.60763898578868 87.13450609390827 77.30784373067874 78.260650491395 83.4042346703018
5.849991666666667 74.17590178585372 86.22514665126351 75.86353334292669 76.79240392253045 82.23632761724775
5.866661111111111 73.23302960330687 85.64919775159203 74.93915540494078 75.86642045058447 81.51064510052383
5.883325 72.28550948066895 85.06311768289069 74.00074084658421 74.9154963346811 80.76061308509617
5.899969444444444 72.28550948066895 85.06311768289069 74.00074084658421 74.9154963346811 80.76061308509617
5.916561111111111 71.30110374726668 84.45931769852074 73.03459213705166 73.94128779408486 79.99204322490976
5.9333277777777775 69.30630348336857 83.2396400615364 71.0747366592615 71.9740591641733 78.44077156804096
5.949916666666667 69.30630348336857 83.2396400615364 71.0747366592615 71.9740591641733 78.44077156804096
5.966644444416667 67.8124123394191 82.29109171539781 69.59653764957051 70.46799049970151 77.24955884751905
5.983305555555556 66.81005220284314 81.67560726121785 68.61289921384125 69.48071800837226 76.4701241044852
5.999952777777778 65.22056252534854 80.73385950801479 67.07282237721915 67.95134285679471 75.27211344625744
6.016616666666667 64.63107566363867 80.40730988329926 66.51473462090084 67.40814527809631 74.85299672500756
6.033241666638889 64.16429390197511 80.07731561864188 66.03580992320457 66.89975298972502 74.44770901786539
6.049980555555556 62.52753519969611 79.07342811363765 64.44160709003525 65.27706259373156 73.18085965193863
6.066599999972222 62.157731455231946 78.75404428703642 64.04799038546226 64.8164537498255 72.79592437257419
6.083269444444444 61.25036719916382 78.0759076549934 63.12679323349315 63.79579084449252 71.9668165929414
6.099955555555556 60.39663247635038 77.39751578174709 62.243380060311694 62.796190551637444 71.15110456165804
6.116638888888889 58.80181714132893 76.05001684189823 60.567705423338715 60.86739241261951 69.58476988597268
6.1332611111111115 58.247803798114 75.65330651624122 60.01076268708258 60.2585812359969 69.11161650745873
6.1499 58.08435986393092 75.39565240053298 59.79204266332335 59.98503154477565 68.8497185220679
6.166658333333333 56.91180023314942 74.3799836758718 58.53920089703761 58.59948703843185 67.69056858365506
6.183311111083333 56.73260084598076 73.9882153475689 58.26198711658256 58.231891979553474 67.30952702660015
6.199994444444444 55.68742591101269 73.05695903770687 57.138782025900234 56.99588840399242 66.26186436626998
6.216647222222222 55.19869450758315 72.6757963819893 56.63417369023098 56.45747401488189 65.82478940128784
6.233330555555556 54.71124106407938 72.08660205621274 56.06218132148016 55.796222443227904 65.17529417201908
6.249997222222222 54.26980624182775 71.64310061709297 55.574815712891066 55.25076301438426 64.66964765715075
6.266599999972223 54.26980624182775 71.64310061709297 55.574815712891066 55.25076301438426 64.66964765715075
6.283272222222222 53.90570595074885 71.24873801606991 55.14209306744255 54.751130480796995 64.22292266768895
6.299986111111111 53.59470520495397 70.88656278485271 54.75605417280414 54.28182477101466 63.82016443222589
6.316663888888889 53.08215155750773 70.21939159265033 54.086240585343006 53.448541077691765 63.09314442501157
6.3333305555555555 52.86603765181697 69.90399691031482 53.779551365265064 53.07712632299956 62.75989533423803
6.349941666666667 52.86603765181697 69.90399691031482 53.779551365265064 53.07712632299956 62.75989533423803
6.366630555555555 52.73048957753149 69.63803006180599 53.55296878698259 52.7853482230205 62.49333034132927
6.383294444444444 52.62256364772668 69.38887528001709 53.35696012336805 52.52333638897327 62.25386928803497
6.399986111111111 52.51888029779984 68.97514761614337 53.076977491967554 52.1130574722546 61.86968008112995
6.416658333333333 52.50213855337507 68.80442650688732 52.976129256957776 51.949882501347446 61.72131835746344
6.43325 52.50213855337507 68.80442650688732 52.976129256957776 51.949882501347446 61.72131835746344
6.449963888888889 52.622346154532174 68.54767468074832 52.916068583994246 51.78335050631975 61.55749933864487
6.466641666666667 52.93638442973607 68.69507635786202 53.19800796720289 52.057344915473585 61.76902067322642
6.483272222222222 53.036524227171384 68.62515839910584 53.22884337937061 52.04344242975808 61.75088158755965
6.499938888888889 52.8337018123387 68.4117888176712 52.986909823286304 51.76367278438849 61.52764387179566
6.516622222222222 52.85068115978637 68.22427073224502 52.90975613302015 51.61401050729403 61.366767594959164
6.533330555555556 53.47619179661619 68.46605691747821 53.451070788163136 52.12652872778215 61.706195552599304
6.549988888888889 53.757329933699346 68.54127845229343 53.668099519508345 52.327743007807406 61.82627865246967
6.566655555555555 54.05242432561207 68.63802469885225 53.8936577033608 52.54342744371009 61.96590286612112
6.583333333333333 54.38120984017914 68.74928985934257 54.15616458468177 52.79563770013685 62.119213943531044
6.599975 54.754405882896144 68.88838324820759 54.46446259628807 53.10476426013183 62.30641027944875
6.616638888888889 54.754405882896144 68.88838324820759 54.46446259628807 53.10476426013183 62.30641027944875
6.633305555555555 55.68379620950755 69.25118867050212 55.27403675886472 53.88882190488911 62.82273406756484
6.649997222222222 56.16313397848038 69.4547411062174 55.69744485062821 54.311128493191035 63.10637606138293
6.6666638888888885 56.689579288513386 69.68020925130965 56.170734294654125 54.79210929546079 63.422391055202866
6.6833 57.139547317596076 69.96983334417948 56.6259894472977 55.26008234360995 63.770695996919116
6.699969444444444 57.20171506742966 69.94231730347215 56.65806525263393 55.26795782941953 63.744676979860905
6.716658333333333 58.38896792316762 70.55796229561265 57.80390371241948 56.39080313803892 64.51586184745489
6.733230555555555 58.38896792316762 70.55796229561265 57.80390371241948 56.39080313803892 64.51586184745489
6.7499472222222225 59.02509365212305 70.90074156348955 58.42358777321455 57.014098660016586 64.92772365314333
6.766608333333333 59.87441618233619 71.31450235628043 59.229131930494844 57.80577931509888 65.4298396251646
6.783330555555556 61.07225379950232 72.01845759807848 60.42006861040362 59.03291142671234 66.33452903655126
6.799994444444445 61.799424140420356 72.41335536308925 61.132005797374454 59.75570305150809 66.86443475049494
6.816658333333334 62.27508082144956 72.73308804521662 61.64155973208299 60.27641312244933 67.27404968547184
6.833272222222222 62.54726907996149 72.83580052958605 61.9079021117985 60.5169992921926 67.43590531582292
6.84995 64.1649911538625 73.7295987987402 63.51012209774697 62.11342198708018 68.64744341522554
6.866647222222222 64.51647118956885 73.87004363648317 63.83169495159275 62.41295470409442 68.85402637147402
6.883327777777778 65.87793112982067 74.69680585908999 65.21728125482349 63.83210658428716 69.95368174438987
6.899947222222222 66.36888482617047 75.02501663751217 65.7194264782371 64.35644094124459 70.37297142480867
6.916625 67.28142195610369 75.5382026064477 66.61513587115768 65.25525704902063 71.06254552306677
6.9332722222222225 68.67864909428206 76.27152242002498 67.97244326012182 66.59280505910559 72.07359443617126
6.949955555555555 69.15547775536389 76.59227094266794 68.45671355290209 67.1006880438273 72.47638768269519
6.966633333333333 70.13268422274605 77.14539775860977 69.40718067645403 68.05589751841765 73.20479810410357
6.983236111111111 70.64844392514328 77.3856751788917 69.88825117977446 68.51819204775688 73.5414099228592
6.999983333333334 72.68229975655518 78.55570166056492 71.87775011452042 70.52252955547829 75.0749994027773
7.016666666666667 73.73856359049142 79.16593295461016 72.914762568535 71.56943920302027 75.8714920189356
7.033330555555556 74.16907894146698 79.47069999640888 73.35878756542162 72.03551397018387 76.24379663987989
7.049966666666666 75.17408645129616 80.09095486578025 74.34794834930385 73.06237440220582 77.03885904528406
7.066594444444444 75.75466604995366 80.42729747158384 74.90667074153133 73.65273844291977 77.4880943145376
7.083225 76.72167989470377 81.10543410362688 75.87698028276097 74.67802961770373 78.31719704383367
7.099955555555556 78.02720094508562 82.08683720915883 77.20433771690605 76.09445002836642 79.48398096656426
7.116641666666666 79.48536883170495 83.15392493647145 78.67616980310328 77.67695230916505 80.74497467259121
7.133275 79.82167426069338 83.43009010144733 79.02574078993766 78.04290391065415 81.06063082549954
7.149897222222222 80.34468270258613 83.81735727690902 79.56137711541115 78.61285897978634 81.52167904952438
7.16665 81.49688255925922 84.71756438738734 80.7444757231021 79.86016877319527 82.56566175646567
7.18325 82.00450019135089 85.09424715698863 81.26244388406022 80.40871367153149 83.01340449017493
7.199972222222223 83.60308363839242 86.33283615459723 82.9047166656444 82.13500163465083 84.45010060439168
7.216569444444445 83.87188554595976 86.55688802091531 83.18496721210924 82.4278704603123 84.70501698792624
7.233327777777777 85.11877535266252 87.47500800161077 84.44756729724932 83.74051365181256 85.82009094244674
7.249988888888889 85.86155993679975 88.04143762063964 85.20353134999127 84.53143396514679 86.48663708146596
7.26665 86.33500945767906 88.38622813643605 85.69783476043055 85.05581559832368 86.90915596656053
7.283311111083333 86.78304193447647 88.7670075417988 86.16675821090824 85.54578885739502 87.33835125857667
7.299991666666667 87.44167954356615 89.28054343033578 86.85126896692697 86.28172637136025 87.94075330315556
7.316633333333334 87.88177052689862 89.610947077308 87.315116950614 86.77406241902196 88.34091332231812
7.333275 89.14807672923455 90.61289854222404 88.65191528233096 88.18303599672906 89.51142011919934
7.349925 89.3259771107225 90.76679245714257 88.8379564638051 88.37675671809416 89.68336405167149
7.366661111111111 90.31005085556899 91.55395994238208 89.88336052264894 89.4890617693886 90.5940065569703
7.383269444444444 90.31005085556899 91.55395994238208 89.88336052264894 89.4890617693886 90.5940065569703
7.3999083333055555 90.85773407109971 91.99674611041699 90.46299451533784 90.10262404091652 91.10217740558218
7.416569444444445 91.39630373762934 92.43216423553044 91.03298329224272 90.70596858764402 91.6018842619708
7.433233333333333 91.91938264093928 92.85197933020551 91.58959758388345 91.29957227834247 92.08517368177189
7.449888888888889 92.40684369066848 93.25915738603024 92.12049836745602 91.85451888033448 92.54557082621912
7.466555555555556 92.886185196837 93.6595618364668 92.64255604030001 92.40022184509388 92.99830385527038
7.483327777777777 93.82088615916463 94.4110325822772 93.6294035230786 93.44099941738405 93.84584195139668
7.499930555555555 93.92218310737503 94.50265499896119 93.73383953089699 93.54852401709906 93.94672978825902
7.516583333333333 94.24164073578757 94.74523128601072 94.07008798492461 93.90526263311553 94.24050829413798
7.533322222222222 94.55098369751767 94.98716263754203 94.39942086832379 94.24995426803333 94.52896470083604
7.549916666666666 94.86406439455774 95.23180038442877 94.73279090284102 94.5989035737713 94.82079393856087
7.566638888888889 95.4868387977065 95.69376715064121 95.40502168666275 95.28601705379234 95.38320336613079
7.583288888888889 95.79403217327696 95.9296719468042 95.73187342756256 95.61826050067307 95.67414636449881
7.599922222222222 95.79403217327696 95.9296719468042 95.73187342756256 95.61826050067307 95.67414636449881
7.6165972222222225 96.07616288119233 96.14847769432373 96.04273116770499 95.92794027252175 95.94100072020909
7.633266666638889 96.33776764045481 96.35535240608266 96.31898667434223 96.21834016620497 96.18744411976381
7.649952777777778 96.86447719344949 96.78210621244145 96.88858248847338 96.79510599605385 96.69055777080662
7.666619444444445 96.86447719344949 96.78210621244145 96.88858248847338 96.79510599605385 96.69055777080662
7.683258333333334 97.38192216694253 97.19400074290861 97.42325786858723 97.34542324402503 97.19010519406233
7.699955555555555 97.38192216694253 97.19400074290861 97.42325786858723 97.34542324402503 97.19010519406233
7.716569444444445 97.60593783713365 97.37343369412928 97.6549322652416 97.59128999065477 97.41617480533635
7.733258333333334 97.83475925431857 97.55646534067802 97.89162296503278 97.84250862589019 97.64703490143042
7.749927777777778 98.05423253263602 97.72130622377321 98.10997421471947 98.06541131206588 97.86856221049926
7.766663888888889 98.45132523435012 98.04658244101942 98.5085243422031 98.45836776513848 98.25574702123741
7.78325 98.45132523435012 98.04658244101942 98.5085243422031 98.45836776513848 98.25574702123741
7.799969444444445 98.65099390248729 98.2125988073169 98.7092777243384 98.65617808634357 98.43790119806175
7.816663888888889 99.03619620302467 98.53165102059386 99.05847389559993 99.01832466207475 98.78127042976028
7.8332194444444445 99.03619620302467 98.53165102059386 99.05847389559993 99.01832466207475 98.78127042976028
7.849911111111111 99.17891279360528 98.66888721343385 99.20154967553358 99.17087055551607 98.9269930164619
7.866586111111111 99.326092313615 98.8101831664257 99.3491101904579 99.32820751518688 99.07717923510147
7.883308333333333 99.5774254049887 99.06178839512945 99.56630534550858 99.54847223056305 99.30212330670788
7.899916666666667 99.68162870492843 99.18245853547074 99.66958771946564 99.65213806033728 99.40689472495153
7.916627777777777 99.76966321301809 99.29977606383079 99.75530878584456 99.74576285810218 99.50566804901989
7.933263888888889 99.85513477221133 99.41801160427092 99.82954085310419 99.8275986638958 99.59336152542998
7.949983333333333 99.91846620711854 99.5265215831505 99.89974114805528 99.89589961955535 99.68273664819664
7.966569444444445 99.95962339690816 99.6245324395665 99.94847864869604 99.95347701943702 99.76026772022308
7.98325 99.95962339690816 99.6245324395665 99.94847864869604 99.95347701943702 99.76026772022308
7.999922222222223 99.97933565474156 99.70225718186977 99.97365464733772 99.97161493414823 99.81566062516704
