# SectorTime LastMileTripTimeOStation
0.005833333333333334 28.3719806763285
0.005833333333333334 28.3719806763285
0.0075 28.3719806763285
0.008333333333333333 28.3719806763285
0.011111111111111112 28.3719806763285
0.01138888888888889 28.3719806763285
0.013888888888888888 28.3719806763285
0.014722222222222222 28.3719806763285
0.01638888888888889 28.365384615384617
0.018055555555555554 28.414285714285715
0.018333333333333333 28.48341232227488
0.019444444444444445 28.49056603773585
0.019444444444444445 28.49056603773585
0.02 28.572769953051644
0.02 28.572769953051644
0.020277777777777777 28.572769953051644
0.020277777777777777 28.572769953051644
0.021111111111111112 28.572769953051644
0.021944444444444444 28.572769953051644
0.022222222222222223 28.572769953051644
0.025555555555555557 28.572769953051644
0.025555555555555557 28.572769953051644
0.028055555555555556 28.53271028037383
0.04 28.643835616438356
0.04138888888888889 28.643835616438356
0.04583333333333333 28.594594594594593
0.049444444444444444 28.533632286995516
0.049444444444444444 28.533632286995516
0.052222222222222225 28.459821428571427
0.058055555555555555 28.495575221238937
0.060833333333333336 28.444933920704845
0.06194444444444445 28.469298245614034
0.06305555555555556 28.469298245614034
0.0636111111111111 28.445414847161572
0.06694444444444445 28.44782608695652
0.06805555555555555 28.44782608695652
0.06805555555555555 28.44782608695652
0.07111111111111111 28.44782608695652
0.0763888888888889 28.44206008583691
0.07666666666666666 28.44206008583691
0.07722222222222222 28.44206008583691
0.08027777777777778 28.449152542372882
0.08416666666666667 28.459915611814345
0.085 28.459915611814345
0.08638888888888889 28.459915611814345
0.08805555555555555 28.48739495798319
0.08833333333333333 28.48739495798319
0.08972222222222222 28.48739495798319
0.09194444444444444 28.45
0.09194444444444444 28.45
0.09888888888888889 28.44672131147541
0.10416666666666667 28.453061224489797
0.105 28.459349593495936
0.1063888888888889 28.459349593495936
0.11166666666666666 28.449799196787147
0.11222222222222222 28.449799196787147
0.11305555555555556 28.449799196787147
0.11611111111111111 28.464
0.11666666666666667 28.464
0.11972222222222222 28.464
0.1213888888888889 28.464
0.1313888888888889 28.49407114624506
0.13277777777777777 28.49407114624506
0.13527777777777777 28.519685039370078
0.13583333333333333 28.519685039370078
0.13666666666666666 28.519685039370078
0.1386111111111111 28.50588235294118
0.1436111111111111 28.595330739299612
0.1438888888888889 28.595330739299612
0.14694444444444443 28.593023255813954
0.14722222222222223 28.583011583011583
0.15166666666666667 28.586206896551722
0.1527777777777778 28.586206896551722
0.15638888888888888 28.606870229007633
0.15638888888888888 28.606870229007633
0.15833333333333333 28.524714828897338
0.16055555555555556 28.511363636363637
0.16111111111111112 28.61509433962264
0.16416666666666666 28.707865168539325
0.16722222222222222 28.69402985074627
0.16916666666666666 28.69402985074627
0.17055555555555554 28.71851851851852
0.17083333333333334 28.71851851851852
0.17277777777777778 28.71851851851852
0.17777777777777778 28.709558823529413
0.17833333333333334 28.709558823529413
0.17888888888888888 28.709558823529413
0.1825 28.72
0.1852777777777778 28.72
0.18861111111111112 28.706521739130434
0.19194444444444445 28.700361010830324
0.1963888888888889 28.679856115107913
0.19972222222222222 28.706093189964157
0.20083333333333334 28.696428571428573
0.2013888888888889 28.696428571428573
0.2038888888888889 28.76595744680851
0.20555555555555555 28.780918727915193
0.20694444444444443 28.780918727915193
0.2086111111111111 28.780918727915193
0.21444444444444444 28.771929824561404
0.21777777777777776 28.793706293706293
0.22 28.83275261324042
0.22194444444444444 28.8125
0.22277777777777777 28.885813148788927
0.22666666666666666 28.955172413793104
0.22777777777777777 28.955172413793104
0.22944444444444445 28.955172413793104
0.23444444444444446 28.918088737201366
0.23805555555555555 28.931972789115648
0.24 28.931972789115648
0.24333333333333335 28.91864406779661
0.2475 28.91864406779661
0.24861111111111112 28.86195286195286
0.25 28.828859060402685
0.25222222222222224 28.828859060402685
0.2575 28.904290429042906
0.25833333333333336 28.904290429042906
0.2588888888888889 28.904290429042906
0.26694444444444443 28.94078947368421
0.2697222222222222 28.9185667752443
0.2727777777777778 28.87987012987013
0.27444444444444444 28.87987012987013
0.2816666666666667 29.04823151125402
0.2827777777777778 29.04823151125402
0.2836111111111111 29.04823151125402
0.2875 29.04153354632588
0.2877777777777778 29.04153354632588
0.29527777777777775 29.0126582278481
0.29777777777777775 29.0126582278481
0.3011111111111111 29.02201257861635
0.30777777777777776 29.143302180685357
0.31416666666666665 29.15740740740741
0.31416666666666665 29.15740740740741
0.31527777777777777 29.15740740740741
0.3186111111111111 29.141104294478527
0.32 29.141104294478527
0.3202777777777778 29.141104294478527
0.3233333333333333 29.149847094801224
0.32472222222222225 29.149847094801224
0.3263888888888889 29.149847094801224
0.33194444444444443 29.224242424242423
0.33694444444444444 29.220543806646525
0.3422222222222222 29.3044776119403
0.3433333333333333 29.3044776119403
0.34555555555555556 29.359050445103858
0.3458333333333333 29.359050445103858
0.3477777777777778 29.331360946745562
0.35055555555555556 29.33235294117647
0.3527777777777778 29.319648093841643
0.3575 29.319648093841643
0.35777777777777775 29.319648093841643
0.3605555555555556 29.319648093841643
0.37222222222222223 29.251428571428573
0.37277777777777776 29.251428571428573
0.37472222222222223 29.251428571428573
0.37666666666666665 29.253561253561255
0.38055555555555554 29.285310734463277
0.38333333333333336 29.285310734463277
0.3838888888888889 29.285310734463277
0.3858333333333333 29.285310734463277
0.3858333333333333 29.285310734463277
0.38916666666666666 29.309859154929576
0.39055555555555554 29.309859154929576
0.3925 29.286516853932586
0.40166666666666667 29.412742382271468
0.4038888888888889 29.412742382271468
0.4077777777777778 29.412742382271468
0.4086111111111111 29.412742382271468
0.4091666666666667 29.46132596685083
0.40944444444444444 29.46132596685083
0.4147222222222222 29.491803278688526
0.42138888888888887 29.416216216216217
0.4222222222222222 29.46900269541779
0.42583333333333334 29.525469168900806
0.4305555555555556 29.525469168900806
0.43083333333333335 29.525469168900806
0.43555555555555553 29.525469168900806
0.4361111111111111 29.606951871657753
0.43722222222222223 29.606951871657753
0.44027777777777777 29.651715039577837
0.44333333333333336 29.69736842105263
0.445 29.638743455497384
0.44555555555555554 29.736292428198432
0.4519444444444444 29.78181818181818
0.45472222222222225 29.78181818181818
0.45944444444444443 29.847545219638242
0.46 29.847545219638242
0.46111111111111114 29.847545219638242
0.4627777777777778 29.845758354755784
0.4633333333333333 29.845758354755784
0.4711111111111111 29.906091370558375
0.47305555555555556 29.959493670886076
0.4747222222222222 29.96212121212121
0.475 29.94206549118388
0.4766666666666667 29.94206549118388
0.4797222222222222 29.91457286432161
0.4797222222222222 29.91457286432161
0.4816666666666667 29.949874686716793
0.48638888888888887 29.9975
0.48833333333333334 29.99002493765586
0.4886111111111111 29.96766169154229
0.4905555555555556 29.96766169154229
0.4955555555555556 30.05925925925926
0.49722222222222223 30.11822660098522
0.5005555555555555 30.125307125307124
0.5013888888888889 30.154411764705884
0.5016666666666667 30.154411764705884
0.5161111111111111 30.470443349753694
0.5169444444444444 30.501234567901236
0.5180555555555556 30.501234567901236
0.5183333333333333 30.52227722772277
0.5188888888888888 30.5136476426799
0.52 30.543640897755612
0.5275 30.519083969465647
0.5302777777777777 30.632911392405063
0.5330555555555555 30.632911392405063
0.5336111111111111 30.632911392405063
0.5338888888888889 30.632911392405063
0.5361111111111111 30.652392947103273
0.5455555555555556 30.70528967254408
0.5458333333333333 30.70528967254408
0.5458333333333333 30.70528967254408
0.5494444444444444 30.740554156171285
0.5511111111111111 30.718987341772152
0.5536111111111112 30.749367088607595
0.5547222222222222 30.749367088607595
0.56 30.755050505050505
0.5619444444444445 30.782278481012657
0.5633333333333334 30.720101781170484
0.5644444444444444 30.70408163265306
0.5716666666666667 30.817948717948717
0.5736111111111111 30.817948717948717
0.5763888888888888 30.817948717948717
0.5777777777777777 30.795865633074936
0.5780555555555555 30.795865633074936
0.58 30.795865633074936
0.5838888888888889 30.810880829015545
0.5866666666666667 30.798955613577025
0.5902777777777778 30.739473684210527
0.5913888888888889 30.739473684210527
0.5947222222222223 30.767195767195766
0.5958333333333333 30.767195767195766
0.5972222222222222 30.767195767195766
0.5988888888888889 30.767195767195766
0.6019444444444444 30.748010610079575
0.6044444444444445 30.768617021276597
0.6094444444444445 30.799465240641712
0.6097222222222223 30.799465240641712
0.6105555555555555 30.799465240641712
0.6138888888888889 30.741239892183287
0.6233333333333333 30.850136239782017
0.6247222222222222 30.850136239782017
0.6280555555555556 30.850136239782017
0.6333333333333333 30.915068493150685
0.6369444444444444 30.91160220994475
0.6397222222222222 30.89196675900277
0.6433333333333333 30.89196675900277
0.6452777777777777 30.91643454038997
0.6472222222222223 30.98324022346369
0.6491666666666667 30.969187675070028
0.6497222222222222 30.969187675070028
0.6552777777777777 30.924157303370787
0.6577777777777778 30.906779661016948
0.6597222222222222 30.923512747875353
0.6608333333333334 30.90909090909091
0.6638888888888889 30.937321937321936
0.6638888888888889 30.937321937321936
0.6661111111111111 30.957142857142856
0.67 30.96264367816092
0.67 30.96264367816092
0.675 30.971014492753625
0.6769444444444445 30.971014492753625
0.6797222222222222 31.03216374269006
0.6816666666666666 31.03216374269006
0.6819444444444445 31.03216374269006
0.6863888888888889 31
0.6913888888888889 31.023598820058996
0.6952777777777778 31.047337278106507
0.6966666666666667 31.083086053412462
0.7008333333333333 31.0625
0.7019444444444445 31.08383233532934
0.7033333333333334 31.08383233532934
0.7047222222222222 31.105105105105107
0.7097222222222223 31.133333333333333
0.7136111111111111 31.133333333333333
0.7166666666666667 31.142857142857142
0.7197222222222223 31.15548780487805
0.7208333333333333 31.162079510703364
0.7225 31.1840490797546
0.7238888888888889 31.166153846153847
0.7297222222222223 31.158385093167702
0.7313888888888889 31.158385093167702
0.7322222222222222 31.158385093167702
0.7355555555555555 31.059006211180126
0.7419444444444444 31.065625
0.7480555555555556 31.08176100628931
0.7486111111111111 31.08176100628931
0.75 31.082018927444796
0.7541666666666667 31.025396825396825
0.7558333333333334 31.025396825396825
0.7561111111111111 31.025396825396825
0.7563888888888889 31.025396825396825
0.7566666666666667 31.025396825396825
0.7633333333333333 31.03205128205128
0.7672222222222222 31.04501607717042
0.7694444444444445 31.04501607717042
0.7697222222222222 31.04501607717042
0.7722222222222223 31.074193548387097
0.7788888888888889 31.08116883116883
0.7805555555555556 31.08116883116883
0.7816666666666666 31.08116883116883
0.7863888888888889 31.068852459016394
0.7872222222222223 31.068852459016394
0.7883333333333333 31.141914191419144
0.7936111111111112 31.141914191419144
0.7947222222222222 31.141914191419144
0.8005555555555556 31.122923588039868
0.8005555555555556 31.122923588039868
0.8022222222222222 31.14666666666667
0.8038888888888889 31.14666666666667
0.8058333333333333 31.14666666666667
0.8091666666666667 31.11705685618729
0.8119444444444445 31.11705685618729
0.8138888888888889 31.11705685618729
0.8163888888888889 31.10135135135135
0.8169444444444445 31.10135135135135
0.8227777777777778 31.122448979591837
0.8275 31.18213058419244
0.8275 31.18213058419244
0.8294444444444444 31.18213058419244
0.8341666666666666 31.224137931034484
0.8372222222222222 31.214532871972317
0.8386111111111111 31.214532871972317
0.8391666666666666 31.214532871972317
0.8394444444444444 31.214532871972317
0.8436111111111111 31.254355400696863
0.8452777777777778 31.254355400696863
0.8469444444444445 31.242105263157896
0.85 31.246478873239436
0.8505555555555555 31.246478873239436
0.8516666666666667 31.24028268551237
0.8611111111111112 31.25089605734767
0.8622222222222222 31.25089605734767
0.8627777777777778 31.25089605734767
0.8638888888888889 31.25089605734767
0.8652777777777778 31.25089605734767
0.8669444444444444 31.25089605734767
0.8686111111111111 31.25089605734767
0.8686111111111111 31.25089605734767
0.8719444444444444 31.25089605734767
0.875 31.242753623188406
0.8775 31.26181818181818
0.8780555555555556 31.26181818181818
0.8786111111111111 31.26181818181818
0.8886111111111111 31.33703703703704
0.8922222222222222 31.384328358208954
0.8930555555555556 31.44194756554307
0.8933333333333333 31.44194756554307
0.8969444444444444 31.44194756554307
0.8977777777777778 31.44194756554307
0.9 31.44194756554307
0.9091666666666667 31.28409090909091
0.9102777777777777 31.263358778625953
0.9105555555555556 31.263358778625953
0.9116666666666666 31.263358778625953
0.9141666666666667 31.263358778625953
0.9158333333333334 31.28352490421456
0.9186111111111112 31.28352490421456
0.9197222222222222 31.28352490421456
0.9202777777777778 31.28352490421456
0.9219444444444445 31.3
0.9225 31.324324324324323
0.9258333333333333 31.324324324324323
0.9358333333333333 31.384313725490195
0.9377777777777778 31.320158102766797
0.9383333333333334 31.320158102766797
0.9383333333333334 31.320158102766797
0.94 31.320158102766797
0.9402777777777778 31.320158102766797
0.9422222222222222 31.341269841269842
0.9436111111111111 31.302788844621514
0.945 31.302788844621514
0.9455555555555556 31.36
0.9475 31.389558232931726
0.9505555555555556 31.389558232931726
0.9566666666666667 31.46153846153846
0.9577777777777777 31.46153846153846
0.9613888888888888 31.471311475409838
0.9625 31.471311475409838
0.9636111111111111 31.615702479338843
0.9661111111111111 31.615702479338843
0.9666666666666667 31.615702479338843
0.9669444444444445 31.615702479338843
0.9702777777777778 31.615702479338843
0.9719444444444445 31.61825726141079
0.9747222222222223 31.579166666666666
0.975 31.598326359832637
0.9780555555555556 31.645569620253166
0.9808333333333333 31.557446808510637
0.9858333333333333 31.4468085106383
0.9869444444444444 31.482905982905983
0.9886111111111111 31.472103004291846
0.9925 31.532467532467532
0.9955555555555555 31.532467532467532
0.9955555555555555 31.532467532467532
0.9972222222222222 31.547826086956523
0.9997222222222222 31.572052401746724
1.0008333333333332 31.649122807017545
1.0030555555555556 31.778761061946902
1.0061111111111112 31.778761061946902
1.0094444444444444 31.778761061946902
1.0102777777777778 31.778761061946902
1.0127777777777778 31.778761061946902
1.0138888888888888 31.778761061946902
1.0216666666666667 31.677272727272726
1.0291666666666666 31.730593607305938
1.0291666666666666 31.730593607305938
1.0297222222222222 31.730593607305938
1.0341666666666667 31.697674418604652
1.0344444444444445 31.697674418604652
1.0375 31.69158878504673
1.0380555555555555 31.69158878504673
1.0491666666666666 31.786729857819907
1.053611111111111 31.961722488038276
1.0583333333333333 31.956521739130434
1.0597222222222222 31.956521739130434
1.065 32.07881773399015
1.0686111111111112 31.92156862745098
1.1519444444444444 32.14942528735632
1.2352777777777777 32.04195804195804
1.3186111111111112 32.027027027027025
1.4019444444444444 31.649350649350648
1.4852777777777777 27.625
1.5686111111111112 3.230769230769231
1.6519444444444444 0
1.7352777777777777 0
1.8186111111111112 0
1.9019444444444444 0
1.9852777777777777 0
2.068611111111111 0
2.1519444444444447 0
2.2352777777777777 0
2.318611111111111 0
2.4019444444444447 0
2.4852777777777777 0
2.568611111111111 4.785714285714286
2.6519444444444447 26.24390243902439
2.7352777777777777 28
2.818611111111111 29.80188679245283
2.9019444444444447 30.613138686131386
2.9852777777777777 31.797619047619047
3.066388888888889 32.42713567839196
3.067222222222222 32.37
3.068888888888889 32.53266331658291
3.0705555555555555 32.475
3.071111111111111 32.475
3.0722222222222224 32.60891089108911
3.0727777777777776 32.60891089108911
3.0769444444444445 32.63054187192118
3.0780555555555558 32.63054187192118
3.0797222222222222 32.63054187192118
3.0825 32.5735294117647
3.0894444444444447 32.61538461538461
3.0905555555555555 32.61538461538461
3.095833333333333 32.44761904761905
3.096388888888889 32.44761904761905
3.1025 32.390697674418604
3.113611111111111 32.35321100917431
3.116388888888889 32.35321100917431
3.1175 32.29680365296804
3.1175 32.29680365296804
3.1191666666666666 32.32272727272727
3.1219444444444444 32.31981981981982
3.1305555555555555 32.25333333333333
3.1352777777777776 32.171052631578945
3.138333333333333 32.12663755458515
3.14 32.12663755458515
3.140833333333333 32.12663755458515
3.1433333333333335 32.16883116883117
3.1463888888888887 32.15450643776824
3.147777777777778 32.15450643776824
3.1533333333333333 32.223175965665234
3.1566666666666667 32.223175965665234
3.1597222222222223 32.32203389830509
3.160833333333333 32.32203389830509
3.161111111111111 32.32203389830509
3.1675 32.37916666666667
3.1691666666666665 32.440329218106996
3.1702777777777778 32.440329218106996
3.1719444444444442 32.4344262295082
3.1744444444444446 32.4344262295082
3.1797222222222223 32.39837398373984
3.18 32.39837398373984
3.1886111111111113 32.50403225806452
3.1902777777777778 32.472
3.192222222222222 32.43824701195219
3.194166666666667 32.44047619047619
3.1952777777777777 32.44047619047619
3.1955555555555555 32.44047619047619
3.1980555555555554 32.430830039525695
3.198888888888889 32.42125984251968
3.200277777777778 32.42125984251968
3.205 32.498039215686276
3.2088888888888887 32.55038759689923
3.2108333333333334 32.55038759689923
3.214722222222222 32.55
3.2155555555555555 32.55
3.2158333333333333 32.55
3.218888888888889 32.57251908396947
3.2222222222222223 32.71863117870723
3.2255555555555557 32.753787878787875
3.2258333333333336 32.753787878787875
3.2286111111111113 32.661654135338345
3.2286111111111113 32.661654135338345
3.231388888888889 32.661654135338345
3.2369444444444446 33
3.2416666666666667 32.91481481481482
3.2416666666666667 32.91481481481482
3.2441666666666666 32.904059040590404
3.2472222222222222 32.908424908424905
3.249722222222222 32.908424908424905
3.251388888888889 32.948905109489054
3.2533333333333334 32.945454545454545
3.256111111111111 33.02888086642599
3.257222222222222 33.02888086642599
3.2591666666666668 33.02888086642599
3.2630555555555554 33.04676258992806
3.265 33.08243727598566
3.266111111111111 33.06428571428572
3.2683333333333335 33.13523131672598
3.270277777777778 33.13120567375886
3.273888888888889 33.144366197183096
3.2744444444444443 33.144366197183096
3.2794444444444446 33.10801393728223
3.2822222222222224 33.21799307958477
3.2844444444444445 33.21799307958477
3.2888888888888888 33.265517241379314
3.292222222222222 33.25429553264605
3.2941666666666665 33.23972602739726
3.2955555555555556 33.23972602739726
3.298611111111111 33.16326530612245
3.298888888888889 33.16326530612245
3.3025 33.11447811447812
3.306111111111111 33.10702341137124
3.3069444444444445 33.17333333333333
3.308333333333333 33.17333333333333
3.312777777777778 33.11295681063123
3.3183333333333334 33.13815789473684
3.3194444444444446 33.30263157894737
3.323611111111111 33.26384364820847
3.3244444444444445 33.26384364820847
3.328611111111111 33.27597402597402
3.331111111111111 33.300970873786405
3.332777777777778 33.300970873786405
3.3330555555555557 33.26451612903226
3.339166666666667 33.291666666666664
3.339722222222222 33.291666666666664
3.3405555555555555 33.291666666666664
3.3419444444444446 33.291666666666664
3.3430555555555554 33.291666666666664
3.3516666666666666 33.246056782334385
3.354722222222222 33.246056782334385
3.3605555555555555 33.371517027863774
3.3605555555555555 33.371517027863774
3.3658333333333332 33.356923076923074
3.3658333333333332 33.356923076923074
3.3705555555555557 33.39449541284404
3.370833333333333 33.39449541284404
3.3719444444444444 33.396341463414636
3.373611111111111 33.35562310030395
3.3777777777777778 33.31818181818182
3.3794444444444443 33.33534743202417
3.3827777777777777 33.33534743202417
3.383888888888889 33.30722891566265
3.3855555555555554 33.30722891566265
3.3880555555555554 33.368263473053894
3.388888888888889 33.368263473053894
3.397222222222222 33.45697329376855
3.3975 33.45697329376855
3.3994444444444443 33.442477876106196
3.4030555555555555 33.551319648093845
3.4072222222222224 33.56395348837209
3.4077777777777776 33.56395348837209
3.4080555555555554 33.56395348837209
3.4133333333333336 33.6242774566474
3.4158333333333335 33.6242774566474
3.4166666666666665 33.6242774566474
3.4169444444444443 33.6242774566474
3.4233333333333333 33.660919540229884
3.430277777777778 33.68732394366197
3.4344444444444444 33.651685393258425
3.4375 33.651685393258425
3.444166666666667 33.66295264623955
3.4444444444444446 33.672222222222224
3.445 33.672222222222224
3.448888888888889 33.7465564738292
3.4494444444444445 33.7465564738292
3.4525 33.722527472527474
3.4541666666666666 33.728767123287675
3.4544444444444444 33.728767123287675
3.4616666666666664 33.72010869565217
3.4680555555555554 33.75405405405405
3.4683333333333333 33.75405405405405
3.4697222222222224 33.75405405405405
3.47 33.77628032345014
3.472777777777778 33.794117647058826
3.4763888888888888 33.794117647058826
3.4766666666666666 33.794117647058826
3.4791666666666665 33.794117647058826
3.4819444444444443 33.78666666666667
3.4825 33.78666666666667
3.483888888888889 33.78666666666667
3.491388888888889 33.94444444444444
3.493333333333333 33.94444444444444
3.4944444444444445 33.94444444444444
3.498611111111111 34.018372703412076
3.5027777777777778 34.00523560209424
3.5030555555555556 34.00523560209424
3.5030555555555556 34.00523560209424
3.5055555555555555 34.00523560209424
3.5094444444444446 33.9921875
3.5108333333333333 33.9921875
3.5122222222222224 33.9921875
3.5147222222222223 33.9921875
3.516111111111111 33.98701298701299
3.5175 34.03367875647668
3.520277777777778 34.03367875647668
3.522777777777778 34.03367875647668
3.5277777777777777 34.05154639175258
3.533611111111111 34.05154639175258
3.535833333333333 34.05154639175258
3.5383333333333336 34.05154639175258
3.5394444444444444 34.05154639175258
3.5416666666666665 34.05154639175258
3.542222222222222 34.05154639175258
3.543888888888889 34.05154639175258
3.5469444444444442 34.05154639175258
3.55 34.05154639175258
3.55 34.05154639175258
3.5502777777777776 34.05154639175258
3.5544444444444445 34.05154639175258
3.5608333333333335 34.05154639175258
3.562777777777778 34.05154639175258
3.565 34.05154639175258
3.566666666666667 34.059431524547804
3.57 34.044155844155846
3.5722222222222224 33.994778067885115
3.5722222222222224 33.994778067885115
3.576111111111111 33.889763779527556
3.58 33.69047619047619
3.5836111111111113 33.6551724137931
3.5844444444444443 33.6551724137931
3.588888888888889 33.6551724137931
3.589166666666667 33.6551724137931
3.593611111111111 33.672
3.5944444444444446 33.672
3.5966666666666667 33.683646112600535
3.5972222222222223 33.683646112600535
3.598888888888889 33.683646112600535
3.6019444444444444 33.683646112600535
3.6025 33.683646112600535
3.6075 33.70161290322581
3.6108333333333333 33.70161290322581
3.613611111111111 33.611260053619304
3.6175 33.684636118598384
3.618333333333333 33.669376693766935
3.62 33.72010869565217
3.6205555555555557 33.72010869565217
3.624722222222222 33.73024523160763
3.6269444444444443 33.73024523160763
3.629722222222222 33.73024523160763
3.631388888888889 33.78688524590164
3.631666666666667 33.78688524590164
3.6327777777777777 33.78688524590164
3.6369444444444445 33.81917808219178
3.6422222222222222 33.726519337016576
3.6433333333333335 33.726519337016576
3.643611111111111 33.72299168975069
3.6441666666666666 33.72299168975069
3.6491666666666664 33.8050139275766
3.6575 33.79831932773109
3.6580555555555554 33.79831932773109
3.6597222222222223 33.79831932773109
3.6616666666666666 33.79943502824859
3.6630555555555557 33.79943502824859
3.664722222222222 33.79943502824859
3.6675 33.79943502824859
3.6680555555555556 33.85552407932011
3.6686111111111113 33.85552407932011
3.668888888888889 33.85552407932011
3.6705555555555556 33.84045584045584
3.676111111111111 33.948424068767906
3.6797222222222223 33.948424068767906
3.687222222222222 33.99423631123919
3.6875 33.99423631123919
3.6891666666666665 33.97687861271676
3.689722222222222 33.97687861271676
3.6908333333333334 33.927536231884055
3.6927777777777777 33.92732558139535
3.6980555555555554 33.932748538011694
3.6983333333333333 33.97947214076246
3.701111111111111 33.93805309734513
3.706111111111111 33.937869822485204
3.7066666666666666 33.937869822485204
3.7086111111111113 33.937869822485204
3.713611111111111 33.94642857142857
3.714722222222222 33.94642857142857
3.716111111111111 34.066066066066064
3.7183333333333333 34.066066066066064
3.7222222222222223 34.09939759036145
3.725277777777778 34.13595166163142
3.7266666666666666 34.09422492401216
3.7280555555555557 34.09422492401216
3.732222222222222 34.171779141104295
3.7333333333333334 34.171779141104295
3.7369444444444446 34.171779141104295
3.7394444444444446 34.20307692307692
3.7405555555555554 34.20307692307692
3.7430555555555554 34.204334365325074
3.7455555555555557 34.214285714285715
3.746111111111111 34.214285714285715
3.750277777777778 34.278125
3.7516666666666665 34.22257053291536
3.755 34.23899371069182
3.7552777777777777 34.23899371069182
3.762777777777778 34.23809523809524
3.763888888888889 34.29299363057325
3.766111111111111 34.27476038338658
3.7675 34.26923076923077
3.769722222222222 34.30225080385852
3.7725 34.29677419354839
3.7725 34.29677419354839
3.775 34.243506493506494
3.7769444444444447 34.243506493506494
3.777222222222222 34.243506493506494
3.7802777777777776 34.133116883116884
3.7822222222222224 34.133116883116884
3.785833333333333 34.16339869281046
3.7916666666666665 34.14754098360656
3.7933333333333334 34.11184210526316
3.796666666666667 34.09271523178808
3.797222222222222 34.09271523178808
3.801388888888889 34.15
3.8025 34.15
3.8025 34.15
3.803888888888889 34.1438127090301
3.8055555555555554 34.1438127090301
3.806388888888889 34.191275167785236
3.8116666666666665 34.179054054054056
3.813888888888889 34.172881355932205
3.8141666666666665 34.172881355932205
3.8161111111111112 34.172881355932205
3.819166666666667 34.19387755102041
3.819722222222222 34.262798634812285
3.8205555555555555 34.262798634812285
3.8227777777777776 34.262798634812285
3.827777777777778 34.223367697594504
3.830277777777778 34.234482758620686
3.8330555555555557 34.1875
3.8336111111111113 34.1602787456446
3.8338888888888887 34.1602787456446
3.8433333333333333 34.166666666666664
3.846111111111111 34.166666666666664
3.8469444444444445 34.166666666666664
3.8491666666666666 34.166666666666664
3.8494444444444444 34.166666666666664
3.855 34.2
3.8561111111111113 34.2
3.8569444444444443 34.2
3.8569444444444443 34.2
3.8569444444444443 34.2
3.86 34.2
3.8627777777777776 34.064516129032256
3.8655555555555554 34.064516129032256
3.868611111111111 34.11913357400722
3.8691666666666666 34.11913357400722
3.8713888888888888 34.06181818181818
3.872777777777778 34.09489051094891
3.875277777777778 34.095238095238095
3.8794444444444443 34.1360294117647
3.8833333333333333 34.1037037037037
3.886111111111111 34.12313432835821
3.8866666666666667 34.12313432835821
3.8897222222222223 34.19548872180451
3.895 34.19548872180451
3.8955555555555557 34.19548872180451
3.8983333333333334 34.21590909090909
3.8983333333333334 34.21590909090909
3.9002777777777777 34.28897338403042
3.9005555555555556 34.28897338403042
3.9027777777777777 34.28897338403042
3.904166666666667 34.32824427480916
3.9066666666666667 34.32824427480916
3.9069444444444446 34.32824427480916
3.908888888888889 34.35521235521235
3.912777777777778 34.35521235521235
3.9202777777777778 34.44705882352941
3.9219444444444442 34.44705882352941
3.923611111111111 34.44881889763779
3.923888888888889 34.44881889763779
3.9258333333333333 34.44881889763779
3.9275 34.44881889763779
3.9280555555555554 34.44881889763779
3.9283333333333332 34.44881889763779
3.928888888888889 34.44881889763779
3.933333333333333 34.41106719367589
3.9380555555555556 34.418326693227094
3.9411111111111112 34.418326693227094
3.943611111111111 34.418326693227094
3.9444444444444446 34.254980079681275
3.9455555555555555 34.04819277108434
3.9458333333333333 34.04819277108434
3.9480555555555554 34.04819277108434
3.9519444444444445 34.02834008097166
3.9530555555555558 34.03658536585366
3.9563888888888887 33.90163934426229
3.9566666666666666 33.90163934426229
3.9580555555555557 33.90163934426229
3.9627777777777777 33.958847736625515
3.9652777777777777 33.958847736625515
3.97 33.80833333333333
3.971388888888889 33.86192468619247
3.9719444444444445 33.86192468619247
3.9722222222222223 33.86192468619247
3.9805555555555556 33.9531914893617
3.984722222222222 33.922413793103445
3.986666666666667 33.922413793103445
3.9880555555555555 33.922413793103445
3.9897222222222224 33.922413793103445
3.996111111111111 33.90829694323144
3.9963888888888888 33.90829694323144
3.997777777777778 33.90829694323144
4.0008333333333335 33.921052631578945
4.006388888888889 33.919642857142854
4.008333333333334 33.919642857142854
4.015555555555555 33.85454545454545
4.016388888888889 33.8675799086758
4.024166666666667 33.94444444444444
4.027777777777778 33.78801843317972
4.111111111111111 33.814207650273225
4.194444444444445 34.03378378378378
4.277777777777778 32.83185840707964
4.361111111111111 31.5974025974026
4.444444444444445 27.48780487804878
4.527777777777778 3.076923076923077
4.611111111111111 0
4.694444444444445 0
4.777777777777778 0
4.861111111111111 0
4.944444444444445 0
5.027777777777778 0
5.111111111111111 0
5.194444444444445 0
5.277777777777778 0
5.361111111111111 0
5.444444444444445 0
5.527777777777778 0
5.611111111111111 23.564102564102566
5.694444444444445 26.694444444444443
5.777777777777778 28.88679245283019
5.861111111111111 29.75177304964539
5.944444444444445 30.181818181818183
6.027777777777778 31.057416267942585
6.028333333333333 31.20673076923077
6.03 31.161137440758292
6.033333333333333 31.12735849056604
6.033888888888889 31.12735849056604
6.034166666666667 31.12735849056604
6.035277777777778 31.12735849056604
6.035833333333334 31.12735849056604
6.037222222222222 31.12735849056604
6.038888888888889 31.079812206572768
6.041111111111111 31.162790697674417
6.0425 31.162790697674417
6.053333333333334 31.172727272727272
6.054722222222222 31.09049773755656
6.0633333333333335 31.204444444444444
6.071111111111111 31.105263157894736
6.072777777777778 31.105263157894736
6.072777777777778 31.105263157894736
6.072777777777778 31.105263157894736
6.075555555555556 31.105263157894736
6.083611111111111 31.300429184549355
6.086944444444445 31.406779661016948
6.093055555555556 31.319327731092436
6.0936111111111115 31.319327731092436
6.0938888888888885 31.319327731092436
6.097222222222222 31.317991631799163
6.0975 31.317991631799163
6.1 31.317991631799163
6.1125 31.349794238683128
6.112777777777778 31.349794238683128
6.115277777777778 31.37295081967213
6.115555555555556 31.37295081967213
6.117222222222222 31.37295081967213
6.121111111111111 31.589430894308943
6.1275 31.550200803212853
6.127777777777778 31.550200803212853
6.128055555555555 31.550200803212853
6.135 31.484251968503937
6.137222222222222 31.537254901960786
6.1386111111111115 31.55078125
6.141944444444444 31.51750972762646
6.144444444444445 31.51750972762646
6.145555555555555 31.51750972762646
6.148611111111111 31.51750972762646
6.148888888888889 31.51750972762646
6.154722222222222 31.534615384615385
6.155277777777778 31.534615384615385
6.156944444444444 31.547892720306514
6.163333333333333 31.46441947565543
6.163611111111111 31.46441947565543
6.163888888888889 31.46441947565543
6.166666666666667 31.53159851301115
6.167222222222223 31.53159851301115
6.171944444444445 31.53159851301115
6.173055555555556 31.53159851301115
6.179444444444444 31.5625
6.1802777777777775 31.5625
6.180833333333333 31.523809523809526
6.183888888888889 31.523809523809526
6.184444444444445 31.523809523809526
6.187777777777778 31.67148014440433
6.188055555555556 31.67148014440433
6.195833333333334 31.764285714285716
6.1963888888888885 31.764285714285716
6.1994444444444445 31.747330960854093
6.199722222222222 31.747330960854093
6.201666666666667 31.76950354609929
6.204722222222222 31.76950354609929
6.207222222222223 31.7773851590106
6.2075 31.7773851590106
6.209722222222222 31.7773851590106
6.213055555555556 31.8
6.216944444444445 31.78892733564014
6.2225 31.83848797250859
6.223333333333334 31.83848797250859
6.224166666666667 31.83848797250859
6.2252777777777775 31.83848797250859
6.226666666666667 31.893835616438356
6.231111111111111 31.928571428571427
6.234166666666667 31.915824915824917
6.241388888888889 31.88255033557047
6.241666666666666 31.88255033557047
6.2427777777777775 31.88255033557047
6.245277777777778 31.916943521594686
6.245555555555556 31.916943521594686
6.247777777777777 31.916943521594686
6.247777777777777 31.916943521594686
6.2491666666666665 31.916943521594686
6.254444444444444 31.941368078175895
6.2572222222222225 31.941368078175895
6.260277777777778 31.93851132686084
6.260277777777778 31.93851132686084
6.263333333333334 31.948387096774194
6.2652777777777775 31.94533762057878
6.265555555555555 31.94533762057878
6.268888888888889 32.083333333333336
6.273611111111111 32.083333333333336
6.278333333333333 32.14376996805112
6.283611111111111 32.078864353312305
6.283888888888889 32.078864353312305
6.2877777777777775 32.088050314465406
6.290277777777778 32.109375
6.2908333333333335 32.109375
6.293888888888889 32.22360248447205
6.294444444444444 32.22360248447205
6.296388888888889 32.27554179566563
6.2975 32.25617283950617
6.2988888888888885 32.25617283950617
6.301944444444445 32.20245398773006
6.303333333333334 32.20245398773006
6.3069444444444445 32.1651376146789
6.308055555555556 32.13109756097561
6.314444444444445 32.04216867469879
6.319166666666667 32.0688622754491
6.3197222222222225 32.0688622754491
6.32 32.026865671641794
6.320277777777778 32.026865671641794
6.320833333333334 32.026865671641794
6.3225 32.026865671641794
6.323611111111111 32.017857142857146
6.3275 32.03846153846154
6.328888888888889 32.03846153846154
6.3325 32.03235294117647
6.332777777777777 32.03235294117647
6.3375 32.02046783625731
6.337777777777778 32.02046783625731
6.345 32.072463768115945
6.346388888888889 32.09826589595376
6.3469444444444445 32.09826589595376
6.351944444444444 32.183381088825215
6.353055555555556 32.183381088825215
6.355277777777777 32.25925925925926
6.355833333333333 32.25925925925926
6.361944444444444 32.36260623229462
6.361944444444444 32.36260623229462
6.363611111111111 32.36260623229462
6.365277777777778 32.347457627118644
6.366944444444444 32.347457627118644
6.3677777777777775 32.347457627118644
6.373333333333333 32.34357541899441
6.379444444444444 32.361111111111114
6.380277777777778 32.37119113573407
6.3822222222222225 32.34254143646409
6.3822222222222225 32.34254143646409
6.388888888888889 32.24590163934426
6.389444444444444 32.307065217391305
6.391111111111111 32.307065217391305
6.396388888888889 32.303523035230356
6.396388888888889 32.303523035230356
6.396944444444444 32.303523035230356
6.3975 32.303523035230356
6.404722222222222 32.26005361930295
6.408888888888889 32.21010638297872
6.410833333333334 32.2010582010582
6.411388888888889 32.2010582010582
6.412222222222222 32.205804749340366
6.413611111111111 32.252631578947366
6.415555555555556 32.23097112860892
6.417222222222223 32.23097112860892
6.418055555555555 32.23097112860892
6.420555555555556 32.24869109947644
6.421111111111111 32.24869109947644
6.424722222222222 32.22715404699739
6.4275 32.23896103896104
6.432222222222222 32.19329896907217
6.436388888888889 32.25255102040816
6.441388888888889 32.27157360406091
6.4430555555555555 32.27157360406091
6.444166666666667 32.27157360406091
6.445833333333334 32.353689567430024
6.446666666666666 32.353689567430024
6.450555555555556 32.333333333333336
6.4527777777777775 32.3198992443325
6.456388888888889 32.30075187969925
6.456666666666667 32.30075187969925
6.457222222222223 32.30075187969925
6.458055555555555 32.33582089552239
6.458611111111111 32.33582089552239
6.467222222222222 32.32839506172839
6.470555555555555 32.35872235872236
6.470833333333333 32.372549019607845
6.4719444444444445 32.372549019607845
6.472222222222222 32.372549019607845
6.479166666666667 32.3373786407767
6.479722222222223 32.3373786407767
6.485555555555556 32.334939759036146
6.4880555555555555 32.36298076923077
6.4880555555555555 32.36298076923077
6.489166666666667 32.36298076923077
6.491388888888889 32.36298076923077
6.494722222222222 32.33732057416268
6.501666666666667 32.40758293838863
6.501944444444445 32.40758293838863
6.505277777777778 32.41981132075472
6.506111111111111 32.41981132075472
6.506944444444445 32.41981132075472
6.509444444444444 32.43427230046948
6.512222222222222 32.46370023419204
6.516111111111111 32.48364485981308
6.519444444444445 32.51162790697674
6.522777777777778 32.51162790697674
6.522777777777778 32.51162790697674
6.523888888888889 32.51162790697674
6.528611111111111 32.63869463869464
6.528888888888889 32.63869463869464
6.529166666666667 32.63869463869464
6.532777777777778 32.613053613053616
6.538333333333333 32.47641509433962
6.54 32.43026004728132
6.5408333333333335 32.47529411764706
6.542777777777777 32.297872340425535
6.543055555555555 32.297872340425535
6.548333333333333 32.345882352941175
6.548611111111111 32.382629107981224
6.549166666666666 32.382629107981224
6.5536111111111115 32.421176470588236
6.5575 32.53521126760563
6.560833333333333 32.55269320843092
6.560833333333333 32.55269320843092
6.562777777777778 32.55269320843092
6.563888888888889 32.56572769953052
6.566111111111111 32.56572769953052
6.567777777777778 32.56572769953052
6.5761111111111115 32.652482269503544
6.581111111111111 32.68396226415094
6.582222222222223 32.68396226415094
6.5825 32.68396226415094
6.583611111111111 32.68396226415094
6.584722222222222 32.687943262411345
6.585 32.687943262411345
6.586388888888889 32.687943262411345
6.588611111111111 32.675355450236964
6.5925 32.675355450236964
6.595 32.74224343675418
6.603055555555556 32.81009615384615
6.604722222222223 32.81009615384615
6.608055555555556 32.81009615384615
6.610555555555556 32.81009615384615
6.610833333333333 32.81009615384615
6.613611111111111 32.830917874396135
6.618333333333333 32.95377128953771
6.618888888888889 32.95377128953771
6.621666666666667 32.9390243902439
6.623055555555555 32.9390243902439
6.6275 32.9390243902439
6.628333333333333 32.96805896805897
6.630833333333333 32.96805896805897
6.633333333333334 32.96805896805897
6.633333333333334 32.96805896805897
6.6338888888888885 32.96805896805897
6.636111111111111 32.98522167487685
6.638333333333334 32.99753086419753
6.639722222222222 32.975247524752476
6.650277777777778 32.93734335839599
6.653333333333333 32.93734335839599
6.654166666666667 32.93734335839599
6.656944444444444 32.92191435768262
6.657777777777778 32.97222222222222
6.658055555555555 32.97222222222222
6.660555555555556 32.97222222222222
6.660555555555556 32.97222222222222
6.660833333333334 32.88916876574307
6.661944444444444 32.88916876574307
6.6658333333333335 32.9263959390863
6.666111111111111 32.9263959390863
6.674722222222222 32.92564102564103
6.676388888888889 32.92564102564103
6.677777777777778 32.92564102564103
6.680833333333333 32.925257731958766
6.684722222222222 32.96363636363636
6.685277777777777 32.96363636363636
6.6866666666666665 32.96363636363636
6.686944444444444 32.96363636363636
6.688888888888889 33.01827676240209
6.692777777777778 33.01827676240209
6.6947222222222225 33.01827676240209
6.695833333333334 33.01827676240209
6.696666666666666 32.98950131233596
6.701388888888889 33.00263852242744
6.706944444444445 33.01856763925729
6.71 33.00267379679144
6.711944444444445 33.00267379679144
6.714444444444444 33.03217158176944
6.714722222222222 33.03217158176944
6.715277777777778 33.03217158176944
6.716388888888889 33.03217158176944
6.718055555555556 33.04838709677419
6.722222222222222 33.04838709677419
6.726666666666667 33.05978260869565
6.726944444444444 33.043596730245234
6.73 33.043596730245234
6.731388888888889 33.08469945355191
6.732222222222222 33.08469945355191
6.734166666666667 33.08469945355191
6.74 33.13972602739726
6.744166666666667 33.121212121212125
6.744166666666667 33.121212121212125
6.7444444444444445 33.121212121212125
6.75 32.99162011173184
6.750555555555556 32.99162011173184
6.7508333333333335 32.99162011173184
6.751111111111111 32.99162011173184
6.754166666666666 32.99162011173184
6.754444444444444 32.99162011173184
6.758611111111111 32.97752808988764
6.759444444444444 32.97752808988764
6.762222222222222 32.889830508474574
6.764444444444444 32.93201133144476
6.765833333333333 32.96011396011396
6.775833333333333 32.96848137535817
6.776111111111111 32.96848137535817
6.778611111111111 32.97701149425287
6.778888888888889 32.97701149425287
6.779722222222222 32.97701149425287
6.780277777777778 32.97701149425287
6.7877777777777775 32.921965317919074
6.789444444444444 32.92463768115942
6.789444444444444 32.92463768115942
6.791944444444445 32.94169096209912
6.793333333333333 32.94169096209912
6.795 32.89736070381232
6.796666666666667 32.911764705882355
6.799444444444444 32.92307692307692
6.800833333333333 32.92307692307692
6.805555555555555 32.88690476190476
6.807777777777778 32.84477611940299
6.808888888888889 32.82335329341317
6.81 32.82335329341317
6.811388888888889 32.82335329341317
6.8116666666666665 32.82335329341317
6.8175 32.86486486486486
6.818611111111111 32.86486486486486
6.82 32.95166163141994
6.823055555555555 32.91131498470948
6.825555555555556 32.9079754601227
6.826388888888889 32.9079754601227
6.8308333333333335 32.88307692307692
6.831111111111111 32.88307692307692
6.8341666666666665 32.869969040247675
6.835555555555556 32.869969040247675
6.838611111111111 32.89719626168224
6.843333333333334 32.89719626168224
6.8438888888888885 32.89719626168224
6.846388888888889 32.915625
6.848888888888889 32.92138364779874
6.849166666666667 32.92138364779874
6.849722222222222 32.92138364779874
6.854166666666667 32.9746835443038
6.854444444444445 32.9746835443038
6.8597222222222225 33.03503184713376
6.8613888888888885 33.03503184713376
6.861944444444444 33.03503184713376
6.865 33
6.868055555555555 33.02597402597402
6.870555555555556 33.02597402597402
6.8725 33.02597402597402
6.873333333333333 33.02597402597402
6.874722222222222 33.074918566775246
6.876666666666667 33.074918566775246
6.880277777777778 33.07843137254902
6.881111111111111 33.12459016393443
6.8825 33.03630363036304
6.8825 33.03630363036304
6.883333333333334 33.03630363036304
6.887777777777778 33.03630363036304
6.889166666666667 33.05298013245033
6.889166666666667 33.05298013245033
6.894444444444445 33.03666666666667
6.8997222222222225 33.07432432432432
6.9 33.07432432432432
6.902777777777778 33.07432432432432
6.904722222222222 33.07432432432432
6.905 33.05762711864407
6.907222222222222 33.05762711864407
6.908333333333333 33.05762711864407
6.909722222222222 33.09863945578231
6.910555555555556 33.09863945578231
6.911944444444444 32.93515358361775
6.913611111111111 32.96917808219178
6.914166666666667 33
6.920277777777778 33.05902777777778
6.9238888888888885 33.13286713286713
6.925 33.12280701754386
6.9275 33.12280701754386
6.929166666666666 33.11971830985915
6.929722222222222 33.11971830985915
6.931388888888889 33.11971830985915
6.933611111111111 33.120141342756185
6.933611111111111 33.120141342756185
6.935833333333333 33.120141342756185
6.936111111111111 33.120141342756185
6.938888888888889 33.159574468085104
6.940555555555555 33.159574468085104
6.947222222222222 33.24187725631769
6.947777777777778 33.24187725631769
6.948888888888889 33.24187725631769
6.9511111111111115 33.242753623188406
6.953055555555555 33.20727272727273
6.954444444444444 33.20727272727273
6.9575 33.279411764705884
6.9575 33.279411764705884
6.958055555555555 33.279411764705884
6.960277777777778 33.18888888888889
6.960833333333333 33.18888888888889
6.966111111111111 33.18888888888889
6.97 33.17100371747212
6.970555555555555 33.17100371747212
6.970833333333333 33.19402985074627
6.973333333333334 33.24905660377358
6.973611111111111 33.24905660377358
6.975833333333333 33.24905660377358
6.978888888888889 33.24905660377358
6.981111111111111 33.250950570342205
6.982777777777778 33.250950570342205
6.983333333333333 33.250950570342205
6.9880555555555555 33.29770992366412
6.991944444444444 33.116279069767444
6.993333333333333 33.116279069767444
6.995833333333334 32.8875968992248
6.996111111111111 32.8875968992248
6.996111111111111 32.8875968992248
7.000555555555556 32.8875968992248
7.003055555555555 32.8515625
7.003333333333333 32.8515625
7.007777777777778 32.71146245059288
7.008055555555556 32.71146245059288
7.011666666666667 32.75396825396825
7.014722222222222 32.79681274900398
7.018055555555556 32.768
7.019166666666667 32.768
7.027222222222222 32.833333333333336
7.0311111111111115 32.89300411522634
7.038055555555555 32.929752066115704
7.040555555555556 32.975
7.0408333333333335 32.975
7.045833333333333 32.90295358649789
7.046666666666667 32.90295358649789
7.048611111111111 32.889830508474574
7.053888888888889 33.0343347639485
7.0569444444444445 33.0343347639485
7.060555555555555 33.025862068965516
7.068888888888889 33.07964601769911
7.070277777777778 33.07964601769911
7.0775 32.96017699115044
7.160833333333334 32.694736842105264
7.244166666666667 32.27388535031847
7.3275 31.957264957264957
7.410833333333334 31.116883116883116
7.494166666666667 28.405405405405407
7.5775 3.5384615384615383
7.660833333333334 0
7.744166666666667 0
7.8275 0
7.910833333333334 0
7.994166666666667 0
8 0
