# SectorTime OrderThroughputTimeAvg
0.010575 140.05868154158222
0.010597222222222221 140.05868154158222
0.012055555555555555 139.71451612903235
0.01275277775 139.53440643863186
0.015644444444444443 139.11941883767543
0.018430555555555554 139.08316000000008
0.018711111111111112 139.08316000000008
0.021244444444444444 138.94409181636738
0.02171388888888889 138.94409181636738
0.024047222194444443 140.8228968253969
0.02413888888888889 140.8468118811882
0.024183333333333334 140.8468118811882
0.026905555555555554 142.62531496062996
0.027341666666666667 142.62531496062996
0.029655555555555557 142.0362622309198
0.029805555555555554 141.8641796875
0.02981666666666667 141.8641796875
0.03018888888888889 141.8641796875
0.03259444444444445 141.17174418604654
0.03259444444444445 141.17174418604654
0.03270555555555556 141.17174418604654
0.035347222222222224 140.76210424710425
0.03535833333333333 140.76210424710425
0.03546944444444444 140.76210424710425
0.03571388888888889 140.76210424710425
0.03823611111111111 144.41361376673038
0.03829444444444444 144.41361376673038
0.03853611111111111 144.41361376673038
0.041025 144.60339658444025
0.041091666666666665 144.60339658444025
0.04370277777777778 145.05404536862002
0.04370277777777778 145.05404536862002
0.043852777777777775 145.05404536862002
0.04386388888888889 145.05404536862002
0.04656944444444444 144.9130188679245
0.046655555555555554 144.9130188679245
0.04674166666666667 144.9130188679245
0.046941666666666666 144.9130188679245
0.049383333333333335 144.7404887218045
0.04940555555555556 144.7404887218045
0.052125 144.04370577281193
0.05226111108333333 144.04370577281193
0.05228611111111111 144.04370577281193
0.052519444444444445 144.04370577281193
0.05485 144.04370577281193
0.055025 144.04370577281193
0.0551 144.04370577281193
0.055330555555555556 144.04370577281193
0.05771388888888889 144.9603896103896
0.05788611108333333 144.9603896103896
0.05788611108333333 144.9603896103896
0.0579 144.9603896103896
0.05812777777777778 144.9603896103896
0.060519444444444445 144.61522140221405
0.060727777777777776 144.61522140221405
0.060727777777777776 144.61522140221405
0.06343055555555556 144.61522140221405
0.06626388888888889 144.8194117647059
0.06626388888888889 144.8194117647059
0.06626388888888889 144.8194117647059
0.06673055555555556 144.8194117647059
0.06909166666666666 144.27797445255476
0.06909166666666666 144.27797445255476
0.06955277777777778 144.20406193078324
0.07196666666666666 143.93388384754994
0.07212222222222223 143.93388384754994
0.07229722222222222 143.86054347826087
0.07464722222222223 143.2946126126126
0.07473611111111111 143.2946126126126
0.07481944444444444 143.2946126126126
0.07494444444444444 143.2946126126126
0.07511666666666666 143.2946126126126
0.07747222222222222 143.10707360861758
0.07748333333333333 143.10707360861758
0.07764444444444445 143.10707360861758
0.08036388888888889 142.83348837209306
0.08045555555555556 142.83348837209306
0.0807 142.83348837209306
0.08336111111111111 143.39380782918153
0.08336111111111111 143.39380782918153
0.08354722222222222 143.39380782918153
0.08590833333333334 143.35026595744688
0.08599166666666666 143.35026595744688
0.08616388888888889 143.35026595744688
0.08616388888888889 143.35026595744688
0.08631388888888888 143.35026595744688
0.088725 149.88818342151683
0.08888888888888889 149.88818342151683
0.089075 149.88818342151683
0.089075 149.88818342151683
0.09149722222222222 149.95130281690152
0.09170555555555555 149.95130281690152
0.09186666666666667 149.95130281690152
0.09194444444444444 149.95130281690152
0.09431666666666666 149.95130281690152
0.0946638888888889 149.95130281690152
0.09728333333333333 149.5858844133101
0.09745555552777778 149.5858844133101
0.09745555552777778 149.5858844133101
0.097575 149.5858844133101
0.09991111111111112 149.38937282229975
0.10305555555555555 149.2193402777779
0.10305555555555555 149.2193402777779
0.10325 149.2193402777779
0.1055 149.04729636048538
0.10571666666666667 149.04729636048538
0.10593888888888889 149.04729636048538
0.10593888888888889 149.04729636048538
0.10833055555555555 148.8419655172415
0.10850555555555555 148.8419655172415
0.10880555555555556 148.8419655172415
0.11141666666666666 148.40488013698643
0.11150555555555555 148.40488013698643
0.11160833333333334 148.40488013698643
0.1141888888888889 148.27168941979536
0.11435833333333334 148.27168941979536
0.11666666666666667 148.19599320882864
0.11704166666666667 148.19599320882864
0.11717222222222222 148.19599320882864
0.11727222222222222 148.19599320882864
0.119475 147.5345025295111
0.11986944444444445 147.5345025295111
0.119925 147.5345025295111
0.12004444444444444 147.5345025295111
0.1223 147.33083892617466
0.12272777777777778 147.33083892617466
0.12285833333333333 147.33083892617466
0.125575 146.96515050167238
0.12558611111111112 146.96515050167238
0.1279 146.42247508305664
0.13080277777777777 147.40080991735553
0.13103055555555557 147.40080991735553
0.131175 147.40080991735553
0.13126944444444444 147.40080991735553
0.13388055555555556 147.1186490939046
0.13392777777777778 147.1186490939046
0.1340111111111111 147.1186490939046
0.13404722222222223 147.1186490939046
0.1363361111111111 147.50237315875628
0.13922222222222222 147.50237315875628
0.1394388888888889 147.50237315875628
0.1396111111111111 147.50237315875628
0.14201944444444445 147.39509803921584
0.1424138888888889 147.39509803921584
0.14336666666666667 147.39509803921584
0.14512222222222224 150.75659609120535
0.14529166666666668 150.75659609120535
0.146175 150.75659609120535
0.147625 150.67413008130094
0.1479111111111111 150.67413008130094
0.14810277777777778 150.77870129870144
0.14811944444444444 150.77870129870144
0.14897499997222222 150.77870129870144
0.15038888888888888 150.6968395461914
0.15316388888888888 150.6968395461914
0.15348333333333333 150.6968395461914
0.153675 150.6968395461914
0.15371944444444444 150.6968395461914
0.1545527777777778 150.5981906300486
0.1563027777777778 150.5981906300486
0.15647777777777777 150.50850000000014
0.15654444441666668 150.50850000000014
0.15738888888888888 150.50850000000014
0.1590111111111111 150.50850000000014
0.16203333333333333 150.552544283414
0.16223055555555554 150.37125401929273
0.16299444444444444 150.33507223113978
0.16438055555555556 150.33507223113978
0.16462222222222223 150.33507223113978
0.16508611108333332 150.33507223113978
0.16584999997222222 151.71116987179502
0.16720277775 151.71116987179502
0.16747222222222222 151.71116987179502
0.1676 151.71116987179502
0.1678388888888889 151.66918400000014
0.1686361111111111 151.4864012738855
0.17046944444444445 151.4440222575518
0.17283888888888888 151.26760317460332
0.17312777777777777 151.26760317460332
0.17423611111111112 150.613044164038
0.1760611111111111 150.613044164038
0.17629999997222223 150.613044164038
0.1789 150.1823547880692
0.1791361111111111 150.1823547880692
0.18158333333333335 149.86607812500012
0.18171944444444443 149.86607812500012
0.18258611108333334 149.84462616822444
0.18395277777777777 149.84462616822444
0.18538333333333334 150.84431677018648
0.18675833333333333 150.84431677018648
0.18749444444444444 150.69990697674433
0.18822777777777777 150.6784674922602
0.18961111111111112 150.6784674922602
0.18989166666666665 150.6784674922602
0.1901 150.53446676970648
0.19027222222222223 150.53446676970648
0.19241666666666668 150.24765793528522
0.1928638888611111 150.0632615384617
0.19664722219444444 149.42139143730898
0.19793333330555554 149.42139143730898
0.19843333333333332 149.42139143730898
0.19848055555555555 149.42139143730898
0.19954166666666667 149.07394817073182
0.20367222222222223 148.74877272727286
0.20403888888888888 149.73478063540105
0.20406388888888888 149.73478063540105
0.206575 149.75538461538477
0.20683333333333334 149.75538461538477
0.20701944444444445 149.75538461538477
0.20791666666666667 149.9963855421688
0.209675 149.81007507507522
0.20986666666666667 149.81007507507522
0.2107638888888889 149.7831334332835
0.21235277777777778 149.7831334332835
0.21265833333333334 149.7831334332835
0.2176611111111111 150.195557206538
0.21806944444444445 150.195557206538
0.2183277777777778 150.195557206538
0.21906944444444446 150.195557206538
0.2208638888888889 150.195557206538
0.22114722222222222 150.195557206538
0.22356944444444443 149.70531757754816
0.22359444444444446 149.70531757754816
0.22629999997222222 149.32439705882368
0.22746111111111111 149.25195301027915
0.22881666666666667 149.10697947214092
0.22913611111111112 149.10697947214092
0.22921111111111112 149.10697947214092
0.22942777777777779 149.10697947214092
0.2302611111111111 149.10697947214092
0.23219166666666666 150.95859649122823
0.23311666666666667 150.88454014598557
0.23491944444444443 150.6757205240176
0.23587222222222223 150.81879535558795
0.2371611111111111 150.69891461649797
0.23753611111111111 150.69891461649797
0.23789166666666667 150.69891461649797
0.23865277777777777 150.56914739884405
0.240575 154.19389610389624
0.24078055555555555 154.51635446685893
0.24149722222222222 154.51635446685893
0.24275 154.47267625899295
0.2430027777777778 154.38159482758635
0.24349166666666666 154.38159482758635
0.24563333333333334 154.2182209469155
0.24589444444444444 154.2182209469155
0.24705833333333332 154.02104434907022
0.24860833333333332 154.02104434907022
0.24920277777777777 154.02104434907022
0.24989166666666668 153.85871428571443
0.2517138888888889 153.85871428571443
0.25201111111111113 153.85871428571443
0.25269444444444444 154.22769230769242
0.2531861111111111 154.22769230769242
0.25424444444444444 154.1516927453771
0.2545222222222222 154.1516927453771
0.25495 154.05186079545467
0.2556027777777778 154.05186079545467
0.2559722222222222 154.05186079545467
0.25713888888888886 154.05186079545467
0.2574416666666667 154.05186079545467
0.25781944444444443 154.16278014184408
0.2583944444444444 154.16278014184408
0.2599194444444444 154.16278014184408
0.260275 154.16278014184408
0.2607055555555556 153.83247175141256
0.26166388888888886 153.6498169014086
0.26356111111111113 154.51255977496498
0.26445833333333335 154.3518539325844
0.26638055555555556 154.05843356643368
0.26736666666666664 153.87094972067052
0.2692833333333333 153.6537604456826
0.27021388888888886 157.29205841446466
0.27108611111111114 157.29205841446466
0.2721027777777778 156.85193905817187
0.2724083333333333 156.85193905817187
0.27388055555555557 156.85193905817187
0.27493055555555557 156.5722099447515
0.27521944444444446 156.5722099447515
0.27673333333333333 156.62191724137944
0.2785416666666667 156.56910591471814
0.27931388888888886 156.43259615384628
0.2796194444444444 156.31119341563797
0.2808611111111111 156.6932147742819
0.28129444444444446 156.6932147742819
0.28220555555555554 156.6932147742819
0.2833555555555556 156.6932147742819
0.28500555555555557 156.6932147742819
0.2861611111111111 156.6932147742819
0.28654444444444443 160.3465437158471
0.2877472222222222 160.3465437158471
0.2879499999722222 160.3465437158471
0.2889611111111111 160.3465437158471
0.28935555555555553 160.2387039563439
0.29055 160.2387039563439
0.29055 160.2387039563439
0.29079166666666667 160.2387039563439
0.2917638888888889 163.99028571428582
0.2934527777777778 163.9276526458617
0.29360555555555556 163.9276526458617
0.29625555555555555 164.48819783197843
0.2963499999722222 164.48819783197843
0.29638333333333333 164.48819783197843
0.2990083333333333 165.74560810810823
0.29911666666666664 165.74560810810823
0.2991916666666667 165.74560810810823
0.2995777777777778 165.74560810810823
0.3024861111111111 165.83240215924437
0.3029222222222222 165.66493261455537
0.30464444444444444 165.66493261455537
0.3048138888888889 165.66493261455537
0.30579444441666664 165.48110215053777
0.30579444441666664 165.48110215053777
0.3076138888888889 165.793879194631
0.3086361111111111 165.94292225201085
0.31028055555555556 165.86773761713533
0.31145 165.5838451268359
0.3131305555555556 165.3894800000001
0.3137361111111111 165.73157123834898
0.31600277775 165.45084993359907
0.31656944444444446 165.45084993359907
0.31714166666666666 165.15846357615905
0.3190138888888889 164.97972222222234
0.31935555555555556 164.97972222222234
0.3213083333333333 164.97972222222234
0.32222222222222224 166.0405138339922
0.32345833333333335 166.0405138339922
0.3241888888888889 165.96763157894748
0.327175 165.9741655716164
0.3277777777777778 165.79707349081374
0.3291027777777778 165.79707349081374
0.3299722222222222 165.63884665792935
0.3311527777777778 165.55142670157082
0.3325194444444444 165.39771241830078
0.332925 165.39771241830078
0.33334444444444444 165.273903394256
0.33618333333333333 165.9248307291668
0.33679722222222225 165.9248307291668
0.33808333333333335 165.82944083224982
0.3386 165.82944083224982
0.3395416666666667 165.8060259740261
0.341575 165.8060259740261
0.34439444444444445 165.9187855297159
0.34718611108333336 165.75658064516145
0.35008333333333336 168.4353024453026
0.3519888888888889 169.1801925545573
0.35247222222222224 169.3613333333335
0.3528722222222222 169.3613333333335
0.3534027777777778 169.3613333333335
0.354925 171.39758312020479
0.35516944441666665 171.39758312020479
0.3553 171.39758312020479
0.3557194444444444 171.39758312020479
0.3561916666666667 173.09607918263112
0.35806666666666664 173.29622929936326
0.35813055555555556 173.29622929936326
0.3605583333333333 173.29622929936326
0.36088055555555554 173.29622929936326
0.36090555555555554 173.29622929936326
0.36138055555555554 173.29622929936326
0.36375555555555555 173.29622929936326
0.3641638888888889 173.29622929936326
0.36454722219444446 173.29622929936326
0.36627777777777776 173.50399491094169
0.36645 173.50399491094169
0.36704166666666665 173.50399491094169
0.3691 173.90377693282656
0.3693416666666667 173.90377693282656
0.36943611111111113 173.90377693282656
0.36994444444444446 173.90377693282656
0.37214166666666665 173.7208091024022
0.3723166666666667 173.7208091024022
0.3728166666666667 173.58321969696988
0.3768472222222222 173.40150753768867
0.37697777775 173.40150753768867
0.3779777777777778 173.40150753768867
0.37985833333333335 173.18773182957415
0.38087777777777776 173.18773182957415
0.38100277775 173.18773182957415
0.382475 173.3897750000002
0.3827527777777778 173.3897750000002
0.38366944444444445 173.2906367041201
0.38524444444444444 173.1497755610975
0.3852583333333333 173.0863387297636
0.38648333333333335 173.0863387297636
0.38797777777777775 172.9330597014928
0.39205277777777775 172.70210918114168
0.3929 172.70210918114168
0.39366666666666666 172.70210918114168
0.3957638888888889 172.86716584158438
0.3965472222222222 172.6275802469138
0.39670555555555553 172.73665024630563
0.3986388888888889 172.73665024630563
0.39946944444444443 172.44948402948424
0.4014611111111111 172.93431901840512
0.40224166666666666 173.3636352509182
0.40428888888888886 173.28196821515914
0.4050638888888889 174.6550243902441
0.4050638888888889 174.6550243902441
0.4050638888888889 174.6550243902441
0.40708055555555556 174.6550243902441
0.40791666666666665 174.6550243902441
0.40791666666666665 174.6550243902441
0.40881388888888887 174.6550243902441
0.4107388888888889 174.6550243902441
0.4107527777777778 174.6550243902441
0.41160555555555556 174.6550243902441
0.4126166666666667 174.6550243902441
0.4135 174.6550243902441
0.41439444444444445 174.6550243902441
0.4155111111111111 174.539878345499
0.4162388888888889 174.539878345499
0.4163277777777778 174.539878345499
0.4163277777777778 174.539878345499
0.41831111111111113 174.87713244228453
0.41912222222222223 174.76016990291285
0.42006944444444444 174.83644848484872
0.42116944444444443 174.83644848484872
0.4219833333333333 174.83644848484872
0.4246333333333333 174.84303874092032
0.4260055555277778 178.91471014492774
0.42745833333333333 178.79422891566284
0.42745833333333333 178.79422891566284
0.4276333333333333 178.79422891566284
0.4288111111111111 178.79422891566284
0.4302611111111111 178.74623345367047
0.4304472221944444 178.677512019231
0.4331638888888889 178.677512019231
0.43435833333333335 178.677512019231
0.4360361111111111 178.677512019231
0.43874444444444444 178.677512019231
0.438875 178.677512019231
0.44046111111111114 178.677512019231
0.4404722222222222 179.0924249699882
0.44156111108333335 179.0924249699882
0.44167222222222224 179.0924249699882
0.4428361111111111 179.0924249699882
0.44327222222222223 182.148021582734
0.4432833333333333 182.148021582734
0.44435 182.148021582734
0.4472 187.19236559139804
0.4499444444444444 187.6873778307511
0.4516472222222222 187.6873778307511
0.45443055555555556 189.55116666666686
0.4544694444444444 189.55116666666686
0.45626666666666665 189.55116666666686
0.45729722222222224 189.55116666666686
0.4589416666666667 189.55116666666686
0.45905555555555555 189.55116666666686
0.4600638888888889 189.55116666666686
0.4628583333333333 190.31021377672226
0.4643805555555556 190.31021377672226
0.4646722222222222 190.31021377672226
0.46571388888888887 190.31021377672226
0.46724444444444446 190.31021377672226
0.46763055555555555 191.1154329774616
0.4676444444444444 191.1154329774616
0.46800555555555556 192.5771090047395
0.4686388888888889 192.5771090047395
0.470175 192.5771090047395
0.4730916666666667 192.86734911242618
0.473625 192.86734911242618
0.4759611111111111 193.0685933806148
0.47599166666666665 193.0685933806148
0.4787388888888889 193.0685933806148
0.47878055555555554 193.0685933806148
0.4791611111111111 193.0685933806148
0.48157222222222223 193.0685933806148
0.4815833333333333 193.0685933806148
0.48343055555555553 193.0685933806148
0.4859861111111111 194.0164580873673
0.48628333333333335 194.0164580873673
0.48715833333333336 194.0164580873673
0.4887 194.0164580873673
0.48991388888888887 194.0164580873673
0.4914861111111111 196.11621462264162
0.49435833333333334 196.63797647058837
0.49469444444444444 196.63797647058837
0.49545555555555554 196.63797647058837
0.49546944444444446 196.63797647058837
0.49721944444444444 199.1171210340777
0.49819444444444444 199.1171210340777
0.5001055555555556 199.1171210340777
0.5002805555555555 199.1171210340777
0.5010444444444444 199.1171210340777
0.5029416666666666 200.79968309859171
0.5031055555555556 200.79968309859171
0.5038555555555555 200.79968309859171
0.506075 203.2433021077285
0.5067444444444444 203.2433021077285
0.5085805555555556 203.2433021077285
0.5087833333333334 203.2433021077285
0.5094388888888889 203.2433021077285
0.5113916666666667 206.32490035170002
0.5114055555555556 206.32490035170002
0.511775 206.32490035170002
0.5122388888888889 206.51612676056354
0.5146361111111111 207.02564553990624
0.5150416666666666 207.02564553990624
0.5170583333333333 207.24757931844903
0.5203638888888888 208.55360752056413
0.52215 208.9740753828034
0.5225444444444445 208.9740753828034
0.5231777777777777 208.9740753828034
0.5240694444444445 209.11841981132088
0.5249972222222222 209.48566193853438
0.5253666666666666 209.48566193853438
0.5253916666666667 209.48566193853438
0.5277861111111111 212.08510059171604
0.5281583333333333 212.08510059171604
0.5287472222222223 212.08510059171604
0.5296611111111111 212.26483412322284
0.5305777777777778 212.923020214031
0.5309111111111111 212.923020214031
0.5309111111111111 212.923020214031
0.5325055555555556 212.923020214031
0.5336861111111111 217.74497020262223
0.5344277777777777 218.3218095238096
0.5365277777777778 218.88385167464122
0.5365722222222222 218.88385167464122
0.5372555555555556 218.88385167464122
0.5377222222222222 218.88385167464122
0.5382138888888889 218.88385167464122
0.5392861111111111 219.820443645084
0.5394083333333334 219.820443645084
0.5400388888888888 219.820443645084
0.5405972222222222 219.820443645084
0.5421694444444445 224.253949579832
0.543475 226.91202637889697
0.5449638888888889 227.5406506024097
0.5478527777777777 227.99462469733663
0.5491277777777778 227.99462469733663
0.5501833333333334 228.49915048543696
0.5505472222222222 228.49915048543696
0.5505611111111111 228.49915048543696
0.5506472222222222 228.49915048543696
0.5519305555555556 228.49915048543696
0.5561472222222222 230.12629130966954
0.5563333333333333 230.12629130966954
0.5585083333333334 231.4386838868389
0.5589388888888889 231.4386838868389
0.5602722222222222 231.4386838868389
0.5642361111111112 232.0271199011125
0.5647416666666667 232.0271199011125
0.5669666666666666 232.32175155279504
0.5671555555555555 232.32175155279504
0.5672833333333334 232.32175155279504
0.5688083333333334 232.32175155279504
0.569425 232.56547945205486
0.5698083333333334 232.75285536159606
0.5700416666666667 232.75285536159606
0.5722222222222222 233.9283146067416
0.5726222222222223 234.19378750000004
0.57285 234.19378750000004
0.5743777777777778 234.9875780274657
0.576425 235.68212311557792
0.5771944444444445 235.68212311557792
0.5784388888888888 236.14071878940734
0.5792166666666667 236.14071878940734
0.5812722222222222 236.45175949367095
0.5820694444444444 236.45175949367095
0.5827972222222222 236.45175949367095
0.5841166666666666 237.1057687420585
0.5856444444444444 237.1057687420585
0.5869194444444444 238.02602301790284
0.5881916666388889 238.02602301790284
0.5883638888888889 238.02602301790284
0.5910166666666666 238.88614395886896
0.5947083333333333 239.5580829015545
0.5956277777777778 239.5580829015545
0.5965916666666666 239.5580829015545
0.5980277777777778 240.05640625000012
0.5984194444444444 240.05640625000012
0.5989527777777778 240.05640625000012
0.6008833333333333 240.25102998696232
0.6022305555555556 240.25102998696232
0.6049611111111111 240.80976439790584
0.6068472222222222 241.54501315789483
0.6073666666666667 241.54501315789483
0.6078583333333333 241.54501315789483
0.6092027777777778 241.6511360634083
0.6097 241.6511360634083
0.6102666666666666 241.6511360634083
0.6105611111111111 241.6511360634083
0.6126694444444445 241.79771883289138
0.6129944444444444 241.79771883289138
0.6144222222222222 242.06320478723416
0.6148138888888889 242.06320478723416
0.6159333333333333 242.06320478723416
0.61815 242.9221122994653
0.6186972222222222 242.9221122994653
0.6187361111111112 242.9221122994653
0.6189444444444444 242.9221122994653
0.6203694444444444 242.93215053763447
0.6215833333333334 242.93215053763447
0.6217361111111112 242.93215053763447
0.6242194444444444 242.89717948717953
0.6244083333333333 242.89717948717953
0.6259583333333333 242.33102841677945
0.6271722222222222 242.33102841677945
0.6271861111111111 242.33102841677945
0.6272638888888888 242.33102841677945
0.6286833333333334 242.49573170731708
0.6300333333333333 242.49573170731708
0.6300583333333334 242.49573170731708
0.6326638888888889 243.14313351498637
0.632825 243.14313351498637
0.6343194444444444 243.93428767123288
0.6354861111111111 243.93428767123288
0.6356694444444444 243.93428767123288
0.6356694444444444 243.93428767123288
0.641 244.28093663911844
0.6438888888888888 244.71662517289073
0.6440611111111111 244.71662517289073
0.6467944444444444 244.69412499999999
0.6480305555555556 245.12210306406683
0.64945 245.5238741258741
0.6537805555555556 246.40005633802815
0.654425 246.40005633802815
0.6564305555555555 246.87624293785308
0.6600666666388889 247.64335227272724
0.6621305555555556 247.78088193456608
0.6628805555555556 247.30189458689455
0.6655805555555555 247.88987106017188
0.6676888888888889 248.6655907780979
0.66805 248.87784992784987
0.6684194444444445 248.87784992784987
0.6684888888888889 248.87784992784987
0.6702777777777778 249.12072254335254
0.671275 249.40840810419675
0.6732166666666667 249.79573294629893
0.67360277775 249.79573294629893
0.67405 249.79573294629893
0.6740777777777778 249.79573294629893
0.6764027777777778 250.3959183673468
0.6768555555555555 250.3959183673468
0.6786611111111112 250.3959183673468
0.6791555555555555 250.85931286549697
0.6794583333333334 250.85931286549697
0.6815083333333334 250.85931286549697
0.6817361111111111 251.107258064516
0.6820166666666667 251.107258064516
0.6843166666666667 251.53494117647048
0.6848055555555556 251.53494117647048
0.6873194444444445 252.09162241887893
0.6875694444444445 252.29966026587874
0.6900361111111111 252.71980712166157
0.6904722222222223 252.6154315476189
0.6907166666666666 252.6154315476189
0.6928361111111111 252.91976154992537
0.6932555555277777 253.0859850746267
0.6956055555555556 253.0859850746267
0.6957277777777777 253.0859850746267
0.6960361111111111 253.0859850746267
0.69855 253.3945795795794
0.6988694444444444 253.3945795795794
0.7000611110833334 252.69539849624044
0.7011472222222223 252.69539849624044
0.701425 252.69539849624044
0.7028083333333334 252.69539849624044
0.7039444444444445 253.01499999999982
0.7044277777777778 253.13932024169165
0.7056694444444445 253.13932024169165
0.7078472222222222 253.69347496206356
0.708475 253.86433130699066
0.7089777777777778 253.86433130699066
0.7107138888888889 254.20821646341446
0.7140361111111111 254.81990811638573
0.7144861111111112 254.81990811638573
0.7155888888888889 254.81990811638573
0.71695 254.81990811638573
0.7173222222222222 254.81990811638573
0.7174305555555556 254.81990811638573
0.721875 254.47009273570305
0.7224416666666666 254.47009273570305
0.7228722222222222 254.47009273570305
0.7230555555555556 254.47009273570305
0.7252861111111111 254.96331782945717
0.7256888888888889 254.96331782945717
0.7258416666666667 254.96331782945717
0.7266555555555556 255.25048136645944
0.7285194444444445 255.5380870917572
0.7314388888888889 256.6399686520375
0.7315416666666666 256.6399686520375
0.7322916666666667 256.9631240188382
0.733925 257.2799999999999
0.7344027777777777 257.2799999999999
0.7351138888888888 256.69770078740146
0.7355111111111111 256.69770078740146
0.7367583333333333 256.8799369085172
0.7370611111111111 256.8799369085172
0.7379472222222222 256.4339461172741
0.7395888888888889 256.61755555555544
0.7407138888888889 256.78467408585044
0.7424111111111111 257.1048963317383
0.7427722222222222 257.4857667731628
0.7435777777777778 257.82783653846144
0.7464833333333334 257.8957877813504
0.7467722222222222 257.8957877813504
0.7492416666666667 258.7232148626817
0.7520916666666667 259.29577922077914
0.7526 259.29577922077914
0.7533805555555556 259.63685667752435
0.7547472222222222 259.24898692810456
0.7577888888888888 260.6396869851729
0.7604027777777778 260.7431177446102
0.7606666666666667 260.7431177446102
0.7606916666388889 260.7431177446102
0.7607333333333334 260.9397508305646
0.7610361111111111 260.9397508305646
0.7632888888888889 261.3146589018301
0.7637805555555556 261.69511666666654
0.7661972222222222 262.0644073455758
0.7662111111111111 262.0644073455758
0.7663805555277777 262.0644073455758
0.7665555555555555 262.43403010033427
0.769125 261.26135678391944
0.7691722222222223 261.26135678391944
0.7693305555555555 261.630620805369
0.771775 262.26572390572375
0.7718861111111112 262.26572390572375
0.77195 262.26572390572375
0.7746472222222223 263.2512859560066
0.7748555555555555 263.2512859560066
0.7764055555555556 262.9066723259761
0.7768111111111111 263.1821598639454
0.7776222222222222 263.1821598639454
0.7791972222222222 263.56212947189084
0.7796027777777778 263.8426791808872
0.7803833333333333 264.13767521367504
0.7804277777777778 264.13767521367504
0.7863694444444445 265.9876856649394
0.7892222222222223 267.4999652173911
0.7911361111111112 268.6284238178632
0.7914833333333333 268.6284238178632
0.7920277777777778 268.77791228070157
0.7927749999722222 268.77791228070157
0.7947777777777778 269.3155457746477
0.7970805555277778 270.41750442477854
0.7978138888888889 270.41750442477854
0.8006777777777778 271.8226737967912
0.8026999999722222 271.84426785714265
0.8053083333333333 272.81956912028704
0.80555 272.81956912028704
0.8064083333333333 273.1974054054052
0.8084944444444444 273.5087725631767
0.8101777777777778 273.6169620253163
0.8108694444444444 273.5815760869564
0.8113111110833333 273.5815760869564
0.8130277777777778 273.7837023593465
0.8133722222222223 274.1711090909089
0.8137916666666667 274.5630054644807
0.8141472222222222 274.5630054644807
0.8166361111111111 275.27683729433255
0.8169333333333333 275.27683729433255
0.8185638888888889 275.46554945054925
0.8214861111111111 276.3797237569059
0.8215 276.3797237569059
0.8216777777777777 276.3797237569059
0.8235222222222223 276.68462107208853
0.8243083333333333 276.30220370370347
0.8272805555555556 276.00940630797754
0.8291694444444444 276.8878212290501
0.8301722222222222 277.2725932835819
0.8319833333333333 277.63945794392504
0.8329861111111111 278.32283302063774
0.8342916666666667 278.5295300751878
0.8347583333333334 278.5295300751878
0.8370749999722222 279.34618867924513
0.8388944444444445 280.04280303030293
0.8417944444444444 279.9053422053231
0.8426805555555555 279.9053422053231
0.8428055555555556 279.9053422053231
0.8435083333333333 279.9053422053231
0.8454972222222222 280.25215238095234
0.8473583333055555 280.72889312977094
0.8495583333333333 280.72889312977094
0.8512138888888889 281.2071892925429
0.8512388888888889 281.2071892925429
0.8524527777777777 281.1880268199233
0.8540166666666666 282.02826589595367
0.8546416666666666 282.02826589595367
0.8559194444444445 282.58392233009704
0.8567833333333333 282.9980544747081
0.85785 282.9980544747081
0.8653083333333333 286.6004554455446
0.8670666666666667 287.8676892430279
0.8680055555555556 287.8676892430279
0.8682138888888888 287.8676892430279
0.8707527777777778 289.20646586345384
0.8712555555555556 289.20646586345384
0.8726388888888889 289.0780040322581
0.8734222222222222 289.17466666666667
0.8736083333055555 289.17466666666667
0.8739555555277778 289.17466666666667
0.8754527777777777 289.17466666666667
0.8794583333333333 289.9686788617886
0.8796305555555556 289.9686788617886
0.8811944444444444 289.0343762781186
0.8822638888888888 289.0343762781186
0.8829305555555556 289.8807597535934
0.885075 290.30927983539095
0.88525 290.671587628866
0.8879194444444445 291.63461697722573
0.8908138888888889 292.18786307053944
0.8909444444444444 292.18786307053944
0.8936888888888889 293.5786847599165
0.8938138888888889 293.5786847599165
0.8960666666666667 293.63910041841007
0.8965277777777778 293.63910041841007
0.8965805555555556 294.1061635220126
0.8965916666666667 294.1061635220126
0.8988361111111111 295.01412631578944
0.8993694444444444 295.01412631578944
0.9004888888888889 295.4954219409283
0.9020666666666667 296.0553488372093
0.9020805555277778 296.0553488372093
0.9032527777777778 296.59497881355935
0.9045527777777778 297.15963906581743
0.9048888888888889 297.15963906581743
0.9146499999722222 299.6089301310044
0.9149333333333334 299.6089301310044
0.9167388888888889 300.86960352422903
0.9184222222222223 301.4228697571744
0.9200527777777778 302.0008849557522
0.9227305555555556 303.7485968819599
0.925025 304.2696205357143
0.9255555555555556 304.2696205357143
0.9267138888888888 304.51662192393735
0.9267583333333334 304.51662192393735
0.9295583333333334 306.47593679458237
0.9303388888611112 307.0331900452489
0.9404694444444445 309.2184597701149
0.943025 309.25953596287707
0.9454722222222223 308.82063084112144
0.9458472222222222 308.82063084112144
0.947 308.82063084112144
0.9498638888888888 309.33166276346606
0.9498833333333333 309.33166276346606
0.9517666666666666 310.3921647058823
0.9609861111111111 314.05397129186605
0.9620611111111111 314.05397129186605
0.9673527777777777 316.90598062954
0.9680027777777778 318.07654501216547
0.9711944444444445 319.7470588235294
0.9749388888888889 321.17591133004925
0.9851416666666667 320.0441206030151
0.9901861111111111 323.07753180661575
0.9915805555555556 323.8279081632653
0.9943277777777778 323.8279081632653
0.9968694444444445 325.16430412371136
1.0026555555555556 328.6693994778068
1.0055222222222222 329.9177631578947
1.0055555555555555 329.9177631578947
1.0109 333.22485333333333
1.0145472222222223 336.0098382749326
1.0174222222222222 338.22464673913043
1.0181944444444444 338.22464673913043
1.026286111111111 337.6516388888889
1.0335555555555556 344.21485795454544
1.0340277777777778 345.1104558404558
1.0388333333333333 343.4200869565217
1.0416611111111111 345.46117302052784
1.0426583333333332 345.97467647058824
1.053488888888889 352.4374018126888
1.0577277777777778 352.2024316109423
1.070838888888889 361.83179810725557
1.073675 364.7918152866243
3.0711472221944445 166.47020460358067
3.0767527777777777 165.24914357682633
3.079575 164.75155388471188
3.082361111111111 164.10743142144645
3.08295277775 164.05151741293542
3.085263888888889 164.5807692307693
3.085802777777778 164.24898514851492
3.0881805555555557 164.23706172839513
3.091086111111111 163.8881572481573
3.0947833333333334 165.6533980582525
3.099475 165.1704106280194
3.1022527777777777 164.67954326923083
3.103083333333333 164.67954326923083
3.105097222222222 164.9549642004774
3.105938888861111 164.9549642004774
3.1078333333333332 164.09009478672994
3.108722222222222 164.09009478672994
3.110802777777778 163.78398584905668
3.1115805555555553 163.78398584905668
3.113583333333333 163.2907025761125
3.1143805555555555 163.2907025761125
3.116433333333333 163.17613053613064
3.118352777777778 162.9057906976745
3.1192944444166666 162.75510440835276
3.12107777775 162.48712962962975
3.1211305555555557 162.48712962962975
3.1227222222222224 162.4694226327946
3.1240305555555556 162.07910344827596
3.1249583333333333 161.8308256880735
3.1261277777777776 161.8308256880735
3.128325 161.8308256880735
3.1312277777777777 161.58063926940648
3.1317083333333335 161.58063926940648
3.1345194444444444 165.7166818181819
3.1351972221944444 165.7166818181819
3.136127777777778 165.7166818181819
3.1451583333333333 171.98192393736028
3.145738888888889 171.98192393736028
3.148041666666667 171.8132589285715
3.1508944444444444 174.5184000000001
3.1514333333333333 174.5184000000001
3.15365 174.0694481236204
3.153763888888889 174.0694481236204
3.1566305555555556 175.70572687224677
3.158097222222222 175.70572687224677
3.1592416666666665 175.46010989010998
3.159472222222222 175.46010989010998
3.160938888861111 175.46010989010998
3.161452777777778 175.46010989010998
3.1621555555555556 175.26942982456146
3.162272222222222 175.26942982456146
3.1638444444444445 176.1434792122539
3.1649583333333333 175.65505446623104
3.1651083333333334 175.65505446623104
3.1670194444444446 175.65505446623104
3.1698194444444443 176.47608225108235
3.170561111111111 176.47608225108235
3.1706305555555554 176.47608225108235
3.1726944444444443 176.47608225108235
3.1751444444444443 176.55529157667394
3.1768944444444442 176.37390086206904
3.1783972222222223 176.00415417558895
3.1789416666666668 176.00415417558895
3.181722222222222 175.92767094017105
3.181722222222222 175.92767094017105
3.184625 178.2679405520171
3.1847416666666666 178.2679405520171
3.186375 177.95483050847469
3.1873833333333335 177.95483050847469
3.1930277777777776 184.67354430379757
3.1932027777777776 184.67354430379757
3.1949972222222223 184.75235294117658
3.1960166666666665 184.517924528302
3.1962277777777777 184.517924528302
3.197747222222222 183.81360416666675
3.198636111111111 183.4799792099793
3.199047222222222 183.4799792099793
3.1998361111111113 183.28336099585073
3.199925 183.28336099585073
3.2013527777777777 183.28336099585073
3.2018833333333334 182.96536231884068
3.20275 182.72336776859512
3.2037222222222224 182.51282474226812
3.204641666638889 182.51282474226812
3.2054694444444443 182.51282474226812
3.2055555555555557 186.0991975308643
3.207525 186.0991975308643
3.208283333333333 185.75630390143746
3.2083333333333335 185.75630390143746
3.2093666666666665 185.75630390143746
3.2111111111111112 187.05341513292444
3.2121194444166665 187.05341513292444
3.213138888888889 187.05341513292444
3.213911111111111 186.49235772357736
3.2159305555555555 186.49235772357736
3.220072222222222 185.45233400402432
3.2205555555555554 185.45233400402432
3.222272222222222 184.93571142284586
3.2230527777777778 184.78998000000018
3.223511111111111 184.78998000000018
3.2242972222222224 184.47439121756503
3.2258138888888888 184.18665338645434
3.226358333333333 184.18665338645434
3.2285916666666665 184.5983333333335
3.2285916666666665 184.5983333333335
3.2298666666666667 185.04526732673284
3.23145 185.14733727810668
3.231925 185.14733727810668
3.232788888888889 185.14733727810668
3.232813888861111 185.14733727810668
3.2329333333333334 185.14733727810668
3.235697222222222 184.95811023622065
3.2357222222222224 184.95811023622065
3.238366666666667 188.30394117647074
3.238563888888889 188.30394117647074
3.24145 188.07508806262248
3.243086111111111 189.08544921875017
3.245963888888889 189.04662768031207
3.2464055555555555 189.04662768031207
3.248797222222222 188.85834630350212
3.24885 188.85834630350212
3.2515694444444443 188.43586073500987
3.2595916666666667 192.5332629558543
3.260425 192.44252873563235
3.2607416666666666 192.44252873563235
3.2620555555555555 192.44252873563235
3.2624138888888887 192.44252873563235
3.2632916666666665 192.44252873563235
3.263513888888889 192.44252873563235
3.263525 192.44252873563235
3.2648916666666667 192.44252873563235
3.265325 192.44252873563235
3.2661805555555556 192.44252873563235
3.26765 192.1098664122139
3.2682055555555554 192.1098664122139
3.268972222222222 192.011942857143
3.2697527777777777 192.011942857143
3.2705444444166667 191.78298479087468
3.2718166666666666 191.77524621212135
3.2725 191.77524621212135
3.272663888888889 191.77524621212135
3.2733694444166668 191.52688090737254
3.2746583333333334 191.3388323917139
3.2753694444444443 191.3388323917139
3.2754194444444447 191.3388323917139
3.2774555555555556 191.5195131086144
3.278125 191.5195131086144
3.2782805555555554 191.5195131086144
3.278963888888889 191.5195131086144
3.2808722222222224 190.75322160148994
3.2810444444444444 190.75322160148994
3.2815194444444447 190.75322160148994
3.2837638888888887 191.2647495361783
3.2843222222222224 191.2647495361783
3.2865166666388888 192.49715341959353
3.286911111083333 192.49715341959353
3.287138888888889 192.49715341959353
3.2921 191.8800183150185
3.292111111111111 191.8800183150185
3.292797222222222 191.8800183150185
3.2949166666666665 191.8800183150185
3.295575 191.8800183150185
3.2966527777777777 194.66368613138707
3.297813888861111 194.46322404371605
3.299558333333333 194.46322404371605
3.3002694444444445 194.46322404371605
3.300638888888889 194.46322404371605
3.301169444416667 194.23176363636384
3.3023611111111113 194.06413793103468
3.3030916666388888 194.06413793103468
3.303286111111111 194.06413793103468
3.303447222222222 194.06413793103468
3.3052 194.06413793103468
3.306013888888889 194.06413793103468
3.306302777777778 198.62670289855095
3.3079638888888887 199.30048736462115
3.308752777777778 199.30048736462115
3.30887777775 199.30048736462115
3.3091583333333334 199.30048736462115
3.3116583333333334 198.755852782765
3.3117638888888887 198.755852782765
3.3120499999722224 198.755852782765
3.313547222222222 198.48734767025107
3.3143833333333332 198.48734767025107
3.314677777777778 198.48734767025107
3.3149555555555557 198.48734767025107
3.3157083333333333 198.12339285714305
3.317363888888889 198.12339285714305
3.3203194444444444 197.9306761565838
3.3230055555555555 197.44750442477894
3.3231194444444445 197.44750442477894
3.325875 197.20768551236768
3.3281666666666667 197.26924295774668
3.3287222222222224 197.26924295774668
3.3297666666666665 197.26924295774668
3.3329444444444443 200.62045534150633
3.3338722222222223 200.62045534150633
3.335472222222222 200.6176048951051
3.336625 200.4268237347297
3.3371333333333335 200.4268237347297
3.33775 200.4268237347297
3.3382722222222223 200.52744347826106
3.3395194444444445 200.28598958333353
3.3400305555555554 200.28598958333353
3.342361111111111 202.21195164076013
3.3429166666666665 202.21195164076013
3.343347222222222 202.21195164076013
3.3434694444444446 202.21195164076013
3.3449333333333335 201.91722413793124
3.34515 201.91722413793124
3.3457194444444442 201.91722413793124
3.3461583333333333 201.91722413793124
3.3476666666666666 201.91722413793124
3.3480416666666666 201.68012048192793
3.348497222222222 201.68012048192793
3.3489 201.68012048192793
3.3504416666666668 201.68012048192793
3.3563833333333335 204.5645704467356
3.357352777777778 204.52207191780843
3.3602194444444446 204.52207191780843
3.361658333333333 205.4921672354951
3.362041666666667 205.4921672354951
3.364447222222222 205.21088285229223
3.3648861111111112 205.21088285229223
3.3651944444444446 209.819525423729
3.3658361111111113 209.819525423729
3.3673416666666665 209.819525423729
3.3702722222222223 209.81923986486507
3.3704472222222224 209.81923986486507
3.37305 209.81923986486507
3.3748916666666666 209.81923986486507
3.375861111111111 209.75430976430997
3.3761527777777776 209.75430976430997
3.3766944444444444 209.75430976430997
3.3782972222222223 209.75430976430997
3.3789694444444445 209.69495798319346
3.3821694444444446 209.69495798319346
3.383338888888889 209.69495798319346
3.3846083333333334 209.69495798319346
3.3860888888888887 209.69495798319346
3.3874194444166665 209.63563758389282
3.3877444444166667 209.63563758389282
3.388913888888889 209.63563758389282
3.3895 209.63563758389282
3.390222222222222 209.63563758389282
3.390597222222222 209.63563758389282
3.3917166666666665 212.45530100334466
3.3930666666666665 212.45530100334466
3.393486111111111 212.45530100334466
3.394641666638889 213.48023372287162
3.3950555555555555 213.48023372287162
3.39637777775 213.48023372287162
3.3974277777777777 213.48023372287162
3.397886111111111 213.48023372287162
3.4002416666666666 213.84418333333352
3.4006694444444445 213.84418333333352
3.4017444444444442 213.84418333333352
3.4018055555555557 213.84418333333352
3.4029861111111113 214.0084026622298
3.404516666666667 214.54073089701015
3.404611111111111 214.54073089701015
3.4062277777777776 215.77665008291893
3.407436111111111 215.77665008291893
3.407452777777778 215.77665008291893
3.409047222222222 218.11344370860945
3.410225 218.11344370860945
3.4102972222222223 218.11344370860945
3.4119888888888887 221.05019834710762
3.4127472222222224 221.05019834710762
3.412988888888889 221.05019834710762
3.413175 221.05019834710762
3.415913888888889 221.15232673267346
3.417561111111111 221.15232673267346
3.4204305555555554 221.15232673267346
3.4215027777777776 221.15232673267346
3.4216083333333334 221.15232673267346
3.4240333333333335 221.15232673267346
3.424122222222222 221.15232673267346
3.4261138888888887 221.36578253706773
3.426947222222222 221.36578253706773
3.4289416666666668 221.36578253706773
3.4296694444444444 221.36578253706773
3.431841666638889 223.00200328407243
3.4325555555555556 223.49762295081985
3.434658333333333 225.0258333333335
3.4353861111111113 225.0258333333335
3.4381166666666667 229.84995106035907
3.4392416666666668 229.84995106035907
3.4403805555555556 229.84995106035907
3.441072222222222 229.84995106035907
3.441813888888889 229.84995106035907
3.4430805555555555 234.69306188925097
3.444733333333333 234.69306188925097
3.444813888888889 234.69306188925097
3.4459611110833333 236.0275934959351
3.4466472222222224 236.0275934959351
3.4474944444444446 236.0275934959351
3.4477166666666665 236.0275934959351
3.4498194444444445 236.0275934959351
3.450363888888889 236.0275934959351
3.4506055555555557 236.0275934959351
3.4535722222222223 236.0275934959351
3.4554833333333335 236.0275934959351
3.4560333333333335 236.0275934959351
3.45670277775 236.0275934959351
3.458286111111111 236.6357792207794
3.4589305555555554 236.6357792207794
3.461527777777778 242.38192556634317
3.4622444444444445 242.38192556634317
3.4670638888888887 245.77490322580658
3.469908333333333 245.77490322580658
3.4723194444444445 245.77490322580658
3.4727333333333332 245.77490322580658
3.473047222222222 245.77490322580658
3.4752388888888888 249.2345893719808
3.4754972222222222 249.2345893719808
3.4780583333333333 249.2345893719808
3.4783444444444442 249.2345893719808
3.4787 254.19282958199372
3.480730555527778 254.19282958199372
3.480836111111111 254.19282958199372
3.481227777777778 254.19282958199372
3.4834944444444442 254.19282958199372
3.4837555555555557 254.19282958199372
3.4840583333333335 254.19282958199372
3.4863138888888887 254.19282958199372
3.4865666666666666 254.19282958199372
3.489325 256.4872873194223
3.4898499999722223 256.4872873194223
3.4920388888888887 257.6222596153848
3.492586111111111 259.55217600000014
3.494883333333333 259.55217600000014
3.4985055555555555 259.55217600000014
3.5012777777777777 261.3405271565497
3.5018333333333334 261.3405271565497
3.5028805555555556 261.3405271565497
3.5041444444444445 262.0845933014356
3.505802777777778 263.2392675159237
3.5069666666666666 263.2392675159237
3.5073333333333334 263.2392675159237
3.50755 263.2392675159237
3.51015 263.2392675159237
3.510236111111111 263.2392675159237
3.512513888888889 263.2392675159237
3.51365 263.2392675159237
3.5157305555277776 263.2392675159237
3.5158388888888887 263.2392675159237
3.5163361111111113 263.2392675159237
3.518175 263.2392675159237
3.5186166666666665 263.2392675159237
3.520958333333333 272.1724920634922
3.5214416666666666 272.1724920634922
3.521775 272.1724920634922
3.5221583333333335 272.1724920634922
3.5237694444444445 272.1724920634922
3.5249361111111113 272.1724920634922
3.5265472222222223 272.1724920634922
3.5276555555555555 272.1724920634922
3.5304777777777776 272.1724920634922
3.5322138888888888 272.1724920634922
3.533333333333333 273.85152139461184
3.5348888888888887 273.85152139461184
3.5349916666666665 273.85152139461184
3.5360472222222223 273.85152139461184
3.5377222222222224 273.85152139461184
3.5382583333333333 273.85152139461184
3.540497222222222 273.85152139461184
3.5406583333333335 273.85152139461184
3.541038888888889 273.85152139461184
3.5433222221944445 273.85152139461184
3.543416666666667 273.85152139461184
3.543588888888889 273.85152139461184
3.5436666666666667 273.85152139461184
3.543975 273.85152139461184
3.546238888861111 273.85152139461184
3.5463083333055554 273.85152139461184
3.549177777777778 273.85152139461184
3.550911111111111 273.85152139461184
3.5543 273.85152139461184
3.5547916666666666 273.85152139461184
3.5548055555555558 273.85152139461184
3.5548166666666665 273.85152139461184
3.5576416666666666 273.85152139461184
3.5592166666666665 273.85152139461184
3.5593222222222223 273.85152139461184
3.5603805555555557 273.85152139461184
3.5652833333333334 273.85152139461184
3.5686555555555555 273.85152139461184
3.5705555555555555 273.85152139461184
3.570863888888889 273.85152139461184
3.5708777777777776 273.85152139461184
3.5715444444444446 274.1801269841271
3.5734194444444443 274.1801269841271
3.5737111111111113 274.1801269841271
3.5743666666666667 274.1801269841271
3.5748 274.1801269841271
3.5763 274.1801269841271
3.577125 274.5825437201909
3.5791944444444446 274.5825437201909
3.5798916666666667 274.97156050955425
3.5820305555555554 274.97156050955425
3.5827722222222222 275.2391228070177
3.583175 275.5041373801918
3.585652777777778 275.9104320000001
3.5876444444444444 276.16094551282066
3.5884305555555556 276.55462279293755
3.588988888888889 276.55462279293755
3.5911333333333335 276.77639871382655
3.5912194444444445 276.77639871382655
3.593486111111111 276.77639871382655
3.593522222222222 276.77639871382655
3.5939638888888887 276.77639871382655
3.5967722221944443 276.9774557165863
3.599111111111111 276.9774557165863
3.601424999972222 277.3755483870969
3.6019361111111112 277.3755483870969
3.6035083333055558 277.68969255663444
3.6044111110833335 277.68969255663444
3.604738888888889 277.68969255663444
3.606963888888889 278.2514123376625
3.6073416666666667 278.2514123376625
3.607702777777778 278.2514123376625
3.609783333333333 278.99294788273625
3.6102 278.99294788273625
3.61232777775 279.6702287581701
3.6126805555555555 279.6702287581701
3.612972222222222 279.6702287581701
3.6154805555555556 280.1116393442624
3.6155583333333334 280.1116393442624
3.617886111111111 280.5344170771758
3.618461111083333 280.60639802631596
3.6207999999722222 280.67303130148287
3.6222333333333334 281.1611404958679
3.6232277777777777 281.4068543046359
3.623727777777778 281.4068543046359
3.624813888888889 281.83971807628535
3.6298305555555554 282.5034666666668
3.6311333333333335 282.5034666666668
3.634341666638889 283.3497324414717
3.634377777777778 283.3497324414717
3.637063888888889 283.7224705882354
3.637611111111111 283.7224705882354
3.6382055555555555 283.7224705882354
3.639577777777778 283.7224705882354
3.6403083333333335 283.7224705882354
3.641652777777778 283.7224705882354
3.643186111111111 283.7224705882354
3.6476361111111113 283.9677403035414
3.649525 284.20846283783794
3.650427777777778 284.20846283783794
3.6526083333333332 284.9868983050848
3.653188888888889 284.9868983050848
3.653513888888889 284.9868983050848
3.6554055555277776 285.28535714285726
3.6581833333055553 285.5583617747441
3.6617416666666665 286.45422680412383
3.6625833333333335 287.1786724137932
3.6640305555555557 287.63005181347165
3.6646666666666667 287.63005181347165
3.667288888888889 287.98611111111126
3.6694694444444442 287.98611111111126
3.6697083333333333 287.98611111111126
3.6747805555277777 289.68019230769244
3.6752194444444446 289.41479859894935
3.6776722222222222 289.1374210526317
3.677827777777778 289.1374210526317
3.678366666666667 289.1374210526317
3.6806111111111113 289.0811619718311
3.683411111111111 289.9305830388694
3.6840166666388887 289.9305830388694
3.684083333333333 289.9305830388694
3.6863083333055555 290.77925531914906
3.691902777777778 290.8635231316727
3.6919166666666667 290.8635231316727
3.693788888888889 291.7754642857144
3.6945055555555557 291.7754642857144
3.695586111111111 292.0784615384617
3.696616666666667 292.58019748653516
3.6972277777777776 292.58019748653516
3.6973416666666665 292.58019748653516
3.698488888888889 292.16651079136705
3.6995055555555556 292.8323646209388
3.7014388888888887 293.3117059891108
3.702386111111111 293.69134545454557
3.703025 294.18225865209484
3.705477777777778 295.39553113553126
3.708211111111111 295.4050919117648
3.7103083333333333 295.44277264325336
3.710802777777778 295.44277264325336
3.7131944444444445 296.40217472118974
3.713213888888889 296.40217472118974
3.713661111111111 296.40217472118974
3.7163805555555554 297.3715485074628
3.718275 297.3715485074628
3.718852777777778 297.3715485074628
3.719222222222222 297.3715485074628
3.7194777777777777 297.3715485074628
3.7216916666666666 297.18404494382037
3.722025 297.18404494382037
3.723044444416667 297.6477485928707
3.723891666666667 297.46355932203403
3.7247916666666665 297.42607547169825
3.72665 298.452234848485
3.7273416666666668 298.452234848485
3.7294666666666667 299.2408174904944
3.7301944444444444 299.6194476190478
3.731352777777778 299.6194476190478
3.7330277777777776 301.51861538461554
3.736511111111111 302.54083011583026
3.737711111111111 302.54083011583026
3.738686111111111 303.3796705426358
3.742188888861111 303.7905242718448
3.7443472222222223 304.1650778210118
3.747713888888889 303.8685937500001
3.7498444444444443 303.6346078431374
3.749938888888889 303.6346078431374
3.7504805555555554 303.6346078431374
3.7534472222222224 303.93278978389014
3.7545916666666668 303.93278978389014
3.7562944444444444 303.93278978389014
3.759186111111111 303.93278978389014
3.7596166666666666 304.4743110236222
3.7674861111111113 307.5016867469881
3.7675 307.5016867469881
3.7685944444444446 308.3307862903227
3.7703777777777776 309.16242914979773
3.770827777777778 309.70965517241393
3.771325 309.70965517241393
3.773172222222222 311.011448979592
3.7739944444166666 311.56425357873223
3.7741611111111113 311.56425357873223
3.7760805555555557 313.27923868312774
3.776475 313.27923868312774
3.7769166666666667 313.27923868312774
3.7793 313.9993360995852
3.7795916666666667 313.9993360995852
3.779825 313.9993360995852
3.7815805555555557 314.12025052192087
3.782147222222222 314.12025052192087
3.785502777777778 314.73979035639434
3.7864722222222222 314.73979035639434
3.7876916666666665 315.8585864978904
3.7882944444444444 315.8585864978904
3.7892083333333333 315.8585864978904
3.7905305555555557 315.8585864978904
3.7910833333333334 315.8585864978904
3.795775 316.8895309168445
3.796177777777778 316.8895309168445
3.7975222222222222 317.11837606837616
3.8008166666666665 319.40379310344844
3.8014972222222223 319.68684665226795
3.8060833333333335 322.3638074398251
3.806766666666667 322.8211622807019
3.8071 322.8211622807019
3.8095916666666665 325.2380752212391
3.809911111111111 325.2380752212391
3.8102027777777776 325.2380752212391
3.8127805555555554 326.90187082405356
3.8152055555555555 329.4785393258428
3.8156416666666666 329.4785393258428
3.8180083333333332 330.41762979683983
3.8186694444444442 330.41762979683983
3.8208944444444444 331.07178733031685
3.8212722222222224 331.07178733031685
3.8216638888888887 331.07178733031685
3.8242555555555557 332.36129545454554
3.827038888888889 333.0253530751709
3.8271305555555557 333.0253530751709
3.8298277777777776 334.2578440366973
3.83 334.2578440366973
3.832825 334.2578440366973
3.834877777777778 335.53218894009217
3.8356083333333335 336.19545034642033
3.8378444444444444 335.67141860465114
3.8378555555555556 335.67141860465114
3.838433333333333 336.38291375291374
3.840516666666667 336.4296721311475
3.8406972222222224 336.4296721311475
3.8413138888888887 336.4296721311475
3.8435972222222223 338.7621276595745
3.8477305555555557 341.9434928229665
3.851075 340.5128260869565
3.856727777777778 339.4043583535109
3.856952777777778 339.4043583535109
3.861152777777778 340.62851581508517
3.8612083333333334 340.62851581508517
3.8621333333333334 342.0844009779951
3.8640194444444442 342.0844009779951
3.8640444444444446 342.0844009779951
3.864888888888889 343.15734643734646
3.8673555555555557 344.09945544554455
3.869588888888889 344.09945544554455
3.8756833333333334 344.04760000000005
3.8758222222222223 344.04760000000005
3.878525 343.7828282828283
3.8868722222222223 347.4537851662405
3.8907694444444445 351.65251948051946
3.89135 351.65251948051946
3.893686111111111 353.63780104712043
3.899325 356.74177718832897
3.9025055555555554 357.0824664879357
3.903077777777778 357.6699731182796
3.9048833333333333 359.2977027027027
3.9075027777777778 361.9140871934605
3.911497222222222 364.5620604395604
3.914241666666667 365.0713055555555
3.9245638888888887 363.4674220963173
3.930188888888889 366.85054441260746
3.9304805555555555 366.85054441260746
3.932411111111111 367.84580459770115
3.933 368.7029971181556
3.9335 368.7029971181556
3.9365305555555556 370.6643768115942
3.94245 370.5330882352941
3.9458333333333333 373.18264094955487
3.957361111111111 382.4308588957055
3.9611222222222224 381.8368518518518
3.9614583333333333 381.8368518518518
3.9627833333333333 381.7692857142857
3.9670111111111113 381.7692857142857
3.974238888888889 386.6889274447949
3.9784888888888887 391.11939297124593
3.989152777777778 395.03490131578945
3.991041666666667 397.113940397351
3.992286111111111 398.33122923588036
4.001033333333333 400.8118791946308
4.003086111111111 399.5636949152542
4.005591666666667 400.67323129251696
4.02035 410.9878647686832
4.020791666666667 410.9878647686832
4.032505555555556 415.29771217712175
6.034780555555556 162.74312668463608
6.035905555527778 162.06093833780156
6.0376055555555554 162.06093833780156
6.038741666666667 161.86072192513365
6.041486111111111 161.22792553191485
6.044355555555556 165.143852242744
6.045922222222222 165.143852242744
6.047194444444444 165.143852242744
6.04875 167.19180628272247
6.050033333333333 167.19180628272247
6.051516666666667 171.79216710182763
6.0528055555555556 171.6101302083333
6.055638888888889 171.3732124352331
6.057922222222222 171.03414948453604
6.058447222222222 170.7443444730077
6.0593 170.36443589743587
6.061286111111111 170.36443589743587
6.064930555555556 174.96813299232736
6.067719444444444 174.97404580152673
6.069661111111111 174.74967005076144
6.075208333333333 173.25090225563915
6.075827777777778 173.25090225563915
6.077341666666666 172.88860000000005
6.0780722222222225 172.88860000000005
6.080186111083333 172.41584577114435
6.080186111083333 172.41584577114435
6.0808583333333335 172.35977667493805
6.083130555555556 172.18175742574266
6.083130555555556 172.18175742574266
6.083141666666666 172.18175742574266
6.085922222222222 172.63199507389172
6.089261111111111 172.18907317073177
6.091205555555556 171.57922518159813
6.094886111111111 170.57126794258377
6.096777777777778 169.87942857142863
6.097333333333333 169.62819905213277
6.097666666666667 169.62819905213277
6.098236111111111 169.482718676123
6.098263888888889 169.482718676123
6.100116666638889 168.99882352941182
6.103055555555556 168.73058685446014
6.103211111111111 168.73058685446014
6.103913888888889 168.73058685446014
6.1047722222222225 168.73058685446014
6.105741666638889 168.42971896955507
6.106041666666667 168.42971896955507
6.106763888888889 168.42971896955507
6.107536111111111 168.42971896955507
6.108555555555555 168.5078321678322
6.109036111111111 168.5078321678322
6.109586111083333 171.43397674418608
6.110388888888889 171.43397674418608
6.111380555555556 171.43397674418608
6.1119055555555555 171.43397674418608
6.11312777775 171.15635730858472
6.117475 170.92518433179725
6.1176 170.92518433179725
6.117905555555556 170.92518433179725
6.120355555555555 170.76404597701153
6.120402777777778 170.76404597701153
6.1207 170.76404597701153
6.123180555555556 171.2725917431193
6.123611111111111 171.38112128146457
6.125855555555556 171.23200913242016
6.126502777777778 170.95173120728936
6.129416666666667 170.61554545454553
6.131625 170.29659863945585
6.131772222222223 170.29659863945585
6.132236111111111 169.98040723981907
6.132572222194445 170.0306094808127
6.135 169.45943946188345
6.140063888888889 168.98175555555557
6.14025 168.98175555555557
6.142941666666666 173.13236725663717
6.143380555527778 173.15977924944812
6.145863888888889 173.15977924944812
6.146625 172.8805947136564
6.148588888861111 172.8805947136564
6.148702777777777 172.8805947136564
6.148827777777778 172.8805947136564
6.151488888888889 172.8805947136564
6.151752777777777 172.8805947136564
6.15225 172.8805947136564
6.154288888888889 172.8805947136564
6.154541666666667 172.7818241758242
6.155111111111111 172.7818241758242
6.157033333333334 172.7818241758242
6.157944444444444 172.7818241758242
6.1593 172.67074398249457
6.159888888888889 172.67074398249457
6.15995 172.67074398249457
6.1622055555555555 172.67074398249457
6.162786111111111 174.00368995633193
6.1651 173.86413943355123
6.167908333333333 177.759393939394
6.168291666666667 177.759393939394
6.168402777777778 177.759393939394
6.1708 177.6834773218143
6.171177777777777 182.3888146551725
6.17122777775 182.3888146551725
6.173991666666667 182.06232258064526
6.174016666666667 182.06232258064526
6.176783333305556 181.80931330472112
6.177386111111111 181.80931330472112
6.1791527777777775 181.50312633832988
6.183088888888889 180.94495744680862
6.184436111111111 180.94495744680862
6.184813888888889 180.6248619957538
6.185091666666667 180.6248619957538
6.1859222222222225 180.6248619957538
6.1873 180.6248619957538
6.187619444444445 180.6248619957538
6.18875 180.29819915254245
6.189222222222222 180.28610993657514
6.190336111111111 180.28610993657514
6.191547222222222 179.96324894514777
6.192025 180.214905263158
6.1928 180.05785714285724
6.1928527777777775 180.05785714285724
6.1932 180.05785714285724
6.194833333333333 179.17022964509405
6.196041666666667 178.89439583333345
6.197608333333333 178.27809128630716
6.198383333333333 177.98215320910984
6.198861111111111 177.98215320910984
6.201208333333334 177.36133744855977
6.201208333333334 177.36133744855977
6.2040138888888885 182.6775255623723
6.204466666666667 182.6775255623723
6.2064 183.9910000000001
6.206425 183.9910000000001
6.207308333333334 183.9910000000001
6.209019444444444 183.6630487804879
6.210097222222222 183.6630487804879
6.211813888888889 186.56720081135916
6.21195 186.56720081135916
6.211994444444445 186.56720081135916
6.212944444444444 186.56720081135916
6.2146083333333335 187.0279149797572
6.214727777777778 187.0279149797572
6.215744444444445 187.0279149797572
6.217516666666667 187.0279149797572
6.220411111111111 186.59544354838724
6.220411111111111 186.59544354838724
6.221344444444444 191.33344064386333
6.223125 191.10851405622506
6.223177777777778 191.10851405622506
6.225908333333333 190.87458917835687
6.227266666666667 190.87458917835687
6.228169444444444 190.58908000000017
6.228725 190.58908000000017
6.2296999999722225 190.58908000000017
6.230091666666667 190.58908000000017
6.230986111111111 190.58908000000017
6.232561111111111 190.46852295409198
6.233822222194444 190.30731075697227
6.2358 190.00847222222237
6.236638888888889 189.8646138613863
6.2387805555555556 189.8646138613863
6.2394694444444445 189.76492094861675
6.245694444444444 191.8733925049311
6.246888888888889 191.8733925049311
6.248497222222222 191.8733925049311
6.249838888861111 196.55255402750507
6.251275 196.55255402750507
6.251830555555555 196.55255402750507
6.252602777777778 196.55255402750507
6.253972222222222 196.55255402750507
6.254186111111111 196.22333333333347
6.2547194444444445 196.00309197651674
6.2581694444444445 195.42702334630363
6.261025 194.91767441860478
6.261472222222222 194.27588803088815
6.262336111111111 194.27588803088815
6.262583333333334 193.95992292870918
6.2643305555555555 196.4003639846744
6.264491666638889 196.4003639846744
6.264908333305556 196.4003639846744
6.267755555527778 196.08269598470372
6.270044444444444 199.3084440227705
6.270158333333334 199.3084440227705
6.272833333333334 199.3084440227705
6.273002777777778 199.3084440227705
6.273786111111111 199.3084440227705
6.275708333333333 199.00475378787888
6.275905555527777 199.00475378787888
6.2762 199.00475378787888
6.278211111111111 198.69775047258992
6.2789777777777775 198.69775047258992
6.282199999972222 198.89177358490576
6.287366666666666 198.26474671669806
6.287916666666667 198.26474671669806
6.288675 198.41297752808998
6.294933333305556 198.41297752808998
6.294994444444445 198.41297752808998
6.296263888888889 198.31523364485992
6.297847222222222 197.70611524163579
6.298474999972222 197.70611524163579
6.299030555527778 197.70611524163579
6.300625 197.70325925925937
6.300663888888889 197.70325925925937
6.302144444444444 197.29057195571968
6.306069444444445 196.85108455882366
6.306330555555555 196.85108455882366
6.307752777777778 196.85108455882366
6.307936111111111 196.85108455882366
6.310786111111111 198.37976190476203
6.311936111111111 198.37976190476203
6.312938888888889 198.1951005484462
6.3135916666666665 198.1951005484462
6.314788888888889 197.95036496350377
6.318513888888889 201.90876363636374
6.318583333333334 201.90876363636374
6.32195 201.42853260869578
6.323594444444445 201.4875587703437
6.325147222222222 201.20525270758134
6.3270333333333335 201.52787387387397
6.328044444444444 201.28158273381305
6.328188888888889 201.28158273381305
6.329855555555556 201.28158273381305
6.331102777777778 201.28158273381305
6.332380555555556 201.28158273381305
6.333641666666667 201.14066427289058
6.335566666666667 201.14066427289058
6.337619444444444 200.86344086021515
6.339508333333334 200.57354203935608
6.340397222222222 200.57354203935608
6.3410472222222225 200.57354203935608
6.342030555555556 200.57354203935608
6.342122222222223 200.57354203935608
6.344813888888889 200.81488413547243
6.344936111111111 200.81488413547243
6.347849999972222 200.50055160142355
6.347888888888889 200.50055160142355
6.350902777777778 205.76480496453908
6.351219444444444 205.76480496453908
6.352211111111111 205.76480496453908
6.355033333333333 206.30091872791525
6.3567277777777775 205.9496126760564
6.3567527777777775 205.9496126760564
6.357772222222223 205.9496126760564
6.357905555555556 205.9496126760564
6.359516666638889 208.1424428822496
6.360536111111111 208.1424428822496
6.362352777777778 207.56381786339762
6.363502777777778 207.56381786339762
6.365202777777778 208.2471553228622
6.366075 208.29118466898962
6.366355555555556 208.29118466898962
6.367955555555556 208.29118466898962
6.369213888861111 208.29563478260877
6.372013888888889 208.29563478260877
6.372738888888889 208.29563478260877
6.375175 208.29563478260877
6.376344444444444 208.135920138889
6.378033333305556 208.135920138889
6.378138888888889 208.135920138889
6.3783 208.135920138889
6.3811527777777775 208.16381282495675
6.383891666638889 207.4915172413794
6.3840111111111115 207.4915172413794
6.3849833333333335 207.4915172413794
6.386769444444444 207.22503436426123
6.390563888888889 212.09260273972612
6.392486111111111 212.5190940170941
6.393352777777777 212.5190940170941
6.394263888888889 217.4612436115844
6.396197222222222 217.4612436115844
6.396363888888889 217.4612436115844
6.397511111111111 217.4612436115844
6.399822222222222 218.1013265306123
6.400305555555556 218.1013265306123
6.401608333333333 218.1013265306123
6.401997222222223 218.1013265306123
6.404794444416667 221.36247457627127
6.405983333333333 221.36247457627127
6.407163888888889 221.36247457627127
6.409361111111111 221.36247457627127
6.415430555555556 221.17453625632388
6.4160305555555555 221.17453625632388
6.416588888888889 221.17453625632388
6.419183333333334 222.87442016806733
6.4225972222222225 222.87442016806733
6.424452777777778 222.87442016806733
6.425227777777778 223.12171140939608
6.4254638888611115 223.12171140939608
6.426661111111111 223.12171140939608
6.427316666666667 223.12171140939608
6.430161111111111 224.53651591289795
6.431122222222222 224.53651591289795
6.432358333333333 227.21851170568573
6.435180555555555 227.21851170568573
6.436805555555556 227.68145242070128
6.439430555555556 228.2037166666668
6.445086111111111 233.81546511627917
6.445130555555555 233.81546511627917
6.445705555555556 234.07789386401336
6.447805555555555 234.07789386401336
6.447897222222222 234.07789386401336
6.4489527777777775 234.07789386401336
6.450702777777778 234.07789386401336
6.4514555555555555 234.07789386401336
6.453436111111111 234.9955132450332
6.454627777777778 234.9955132450332
6.455263888888889 234.9955132450332
6.4563138888888885 234.9955132450332
6.457419444444445 234.9955132450332
6.459138888888889 236.5286446280993
6.460247222222222 236.5286446280993
6.460324999972222 236.5286446280993
6.460949999972223 237.89100660066018
6.461922222194445 237.89100660066018
6.463075 244.14690789473696
6.463205555555556 244.14690789473696
6.463775 244.14690789473696
6.464769444416667 244.14690789473696
6.466030555555555 244.14690789473696
6.472025 245.70809523809535
6.475 247.91154098360667
6.475327777777777 247.91154098360667
6.476511111111111 247.91154098360667
6.476625 247.91154098360667
6.477802777777778 247.91154098360667
6.478122222222222 249.53348608837985
6.4806 249.53348608837985
6.480925 251.13750000000013
6.483388888888889 251.68528548123993
6.483747222222222 251.68528548123993
6.4839472222222225 251.68528548123993
6.486713888861111 251.68528548123993
6.489083333333333 251.68528548123993
6.4895 251.68528548123993
6.489875 251.68528548123993
6.491966666666666 251.68528548123993
6.4922611111111115 251.68528548123993
6.492575 251.68528548123993
6.498225 259.02014634146354
6.500349999972222 259.02014634146354
6.501047222222223 262.53043760129674
6.502194444444444 262.53043760129674
6.503669444444444 262.53043760129674
6.5039444444444445 262.53043760129674
6.505016666666666 267.8707605177995
6.506427777777778 267.8707605177995
6.5064472222222225 267.8707605177995
6.506769444444444 267.8707605177995
6.507733333333333 267.8707605177995
6.509822222222223 267.8707605177995
6.510436111111111 267.8707605177995
6.510725 267.8707605177995
6.512086111083334 267.8707605177995
6.512683333333333 269.57000000000016
6.513538888888889 271.1201451612905
6.514136111111111 271.1201451612905
6.5155111111111115 271.1201451612905
6.516077777777777 271.84876006441243
6.516541666666667 271.84876006441243
6.518405555527778 271.84876006441243
6.518958333333333 271.84876006441243
6.520788888888889 271.84876006441243
6.521191666666667 271.84876006441243
6.524111111111111 274.981800643087
6.524283333305555 274.981800643087
6.527125 274.981800643087
6.527125 274.981800643087
6.5284749999722225 274.981800643087
6.532702777777778 276.1177688603533
6.532702777777778 276.1177688603533
6.5328333333333335 276.1177688603533
6.533561111111111 276.1177688603533
6.5339833333333335 276.1177688603533
6.535580555555556 276.4478938906754
6.535580555555556 276.4478938906754
6.538388888888889 277.0884193548389
6.539194444444444 277.4871243941844
6.541138888888889 277.4871243941844
6.541980555555556 277.7825566343044
6.543980555555556 277.7825566343044
6.544158333333334 277.7825566343044
6.547608333333334 283.8292045454547
6.547663888888889 283.8292045454547
6.54812777775 283.8292045454547
6.5509916666666665 289.4637398373985
6.552597222222222 289.9026710097722
6.553816666666667 291.08557003257346
6.555486111111111 291.08557003257346
6.556055555555556 291.322479608483
6.5566361111111116 291.322479608483
6.558213888888889 291.54673202614396
6.558916666666667 291.7686252045828
6.562455555555555 296.1199016393444
6.56500277775 300.28604918032806
6.565041666666667 300.28604918032806
6.568125 300.7297701149427
6.570383333333333 300.9014638157896
6.570538888888889 300.9014638157896
6.570608333333333 300.9014638157896
6.573188888888889 300.9014638157896
6.57335 300.9014638157896
6.57605 305.73565074135104
6.578838888888889 306.32626446281006
6.579 306.32626446281006
6.580847222222222 306.87948590381444
6.581758333333333 306.99614617940216
6.584605555555555 309.15493333333353
6.585830555555556 309.15493333333353
6.586955555555556 309.6199165275461
6.587375 309.6199165275461
6.588 309.6199165275461
6.588683333305555 309.6199165275461
6.589766666666667 310.0663377926423
6.590258333333334 310.0663377926423
6.5908694444444444 310.0663377926423
6.591425 310.3468174204357
6.592538888888889 310.3468174204357
6.593038888888889 310.3468174204357
6.59305 310.3468174204357
6.594402777777778 310.3468174204357
6.595408333333333 310.38573825503374
6.595858333333333 310.38573825503374
6.597175 310.8417815126052
6.597197222222222 310.8417815126052
6.598205555555555 310.8899156829681
6.59865 310.92927241962786
6.599286111111111 310.92927241962786
6.6026444444444445 311.4244237288137
6.60560277775 313.2785153583619
6.607761111111111 314.20178694158085
6.6085111111111114 314.20178694158085
6.609275 314.6682413793105
6.612602777777778 316.6783333333335
6.613352777777778 317.1771826086958
6.616152777777778 317.1771826086958
6.616788888888889 317.1771826086958
6.618980555555556 317.5683216783218
6.622575 318.5572056239017
6.623302777777778 318.9034683098593
6.625336111111111 319.4147266313934
6.6260972222222225 319.2747526501768
6.628983333333333 319.13014159292044
6.630911111111111 319.6568085106384
6.6318 319.6325978647688
6.632427777777778 320.1474866310162
6.633041666666666 320.58332142857154
6.633794444444445 320.58332142857154
6.634505555555555 320.58332142857154
6.635533333305555 320.9753309481218
6.638358333333334 320.9753309481218
6.638633333333333 320.9753309481218
6.638658333305556 320.9753309481218
6.640452777777778 321.86649910233405
6.6412305555555555 321.86649910233405
6.6430694444444445 321.86232014388503
6.6459472222222225 322.1531949458485
6.654538888888889 324.72421245421265
6.658272222222222 325.508228782288
6.658338888888889 325.508228782288
6.66265 326.9982342007437
6.6629805555555555 327.3231098696464
6.665202777777778 327.88020522388075
6.665527777777778 327.88020522388075
6.665769444444445 327.88020522388075
6.670588888888889 327.5977861163229
6.670944444444444 327.8751691729325
6.673733333333334 328.8654339622643
6.6761083333333335 329.71043560606074
6.678941666666667 330.58039923954385
6.680836111083333 330.08527619047635
6.6817416666666665 330.08527619047635
6.682199999972222 330.08527619047635
6.68455 330.1305736137669
6.688219444444444 332.84905405405425
6.689030555527777 333.278433268859
6.691036111111111 334.21188349514586
6.691719444444445 334.8228015564204
6.692288888888889 335.19118908382086
6.693847222222222 336.8557647058825
6.694561111083333 336.8557647058825
6.694625 336.8557647058825
6.695213888888889 337.33013752455815
6.696741666666667 337.934566929134
6.697472222222222 337.934566929134
6.698113888888889 338.5280078895465
6.699255555555555 339.7520396039605
6.699669444444444 339.7520396039605
6.7003055555555555 339.7520396039605
6.702427777777777 340.997574552684
6.703080555555555 340.997574552684
6.703711111111111 340.997574552684
6.706161111111111 341.1783033932137
6.708652777777778 342.8672088353415
6.708991666666667 342.8672088353415
6.711094444444444 344.01098790322595
6.714422222194444 345.4535569105692
6.719936111111111 347.9386475409837
6.7200388888888885 347.9386475409837
6.721061111111111 349.07627572016474
6.721713888861111 349.52261855670116
6.723827777777778 349.2955900621119
6.727330555555556 349.0767983367984
6.731397222222222 350.2297689075631
6.732966666666667 350.92686315789473
6.7338555555555555 351.23409282700425
6.735541666666666 351.23409282700425
6.7363333333333335 351.81617336152226
6.739044444444445 353.06770700636946
6.742155555527778 353.7540425531915
6.7487916666666665 355.5128479657388
6.748944444444445 355.5128479657388
6.754111111111111 355.46573593073595
6.754655555527778 356.04889370932756
6.75545 356.649847826087
6.755563888888889 356.649847826087
6.756930555555556 356.649847826087
6.758375 357.36196078431374
6.758494444444445 357.36196078431374
6.761097222222222 358.0761135371179
6.761238888888889 358.0761135371179
6.762538888888889 359.3458771929825
6.763888888888889 358.1776923076924
6.764025 358.1776923076924
6.764236111111111 358.1776923076924
6.765413888888889 359.008871681416
6.768208333333333 358.5380487804879
6.769025 358.5380487804879
6.7695694444444445 358.5380487804879
6.770033333333333 358.5380487804879
6.7747222222222225 361.68311659192835
6.777433333305556 363.52408577878106
6.780544444444445 364.8070068027211
6.782719444444444 365.5537727272728
6.783891666638889 365.5537727272728
6.784975 365.5537727272728
6.788169444444445 364.862191780822
6.795255555527778 363.3559310344828
6.796494444444445 363.9767050691245
6.796569444444445 363.9767050691245
6.796569444444445 363.9767050691245
6.799372222222222 364.6316473317866
6.799372222222222 364.6316473317866
6.80085 365.8781818181819
6.800911111111111 365.8781818181819
6.803655555555555 366.4884579439253
6.803827777777777 366.4884579439253
6.809333333333333 367.0909198113208
6.810219444444445 367.0909198113208
6.812125 368.53561611374414
6.814369444444444 369.9587142857143
6.814883333333333 370.76241050119336
6.817708333333333 370.76241050119336
6.820005555555555 372.3669544364509
6.8218 372.3669544364509
6.823416666666667 373.0778605769231
6.824677777777778 373.75915662650607
6.8255888888888885 373.75157004830925
6.827286111111111 374.61232445520585
6.833513888888889 377.8155882352941
6.8363611111111116 379.3794827586207
6.839158333333334 380.14750617283954
6.843041666666666 383.7383500000001
6.843297222222223 383.7383500000001
6.845883333333333 385.4663819095478
6.847986111111111 386.6071717171717
6.848158333333333 386.6071717171717
6.853844444444444 388.38811704834615
6.854066666666666 388.38811704834615
6.855919444444444 389.25140306122455
6.856172222222222 389.25140306122455
6.8591194444444445 391.38889175257736
6.8617944444444445 393.0668393782384
6.862302777777778 393.0668393782384
6.864541666666667 394.8710677083334
6.865175 394.8710677083334
6.865788888888889 395.80039164490864
6.868888888888889 398.4354473684211
6.8756305555555555 401.08869680851075
6.880080555555556 404.8805107526882
6.881319444444444 405.89048517520223
6.882869444444444 405.89048517520223
6.88385 405.89048517520223
6.886469444444445 408.42366847826094
6.886736111111111 408.42366847826094
6.88945 408.2341961852861
6.889572222222222 408.2341961852861
6.892269444416667 409.2820765027323
6.893588888861111 411.3634615384616
6.8936166666666665 411.3634615384616
6.898819444444444 414.6171666666667
6.904241666666667 416.72008426966295
6.904511111111111 416.72008426966295
6.909488888888889 418.8076136363636
6.911894444444444 418.8076136363636
6.914838888861111 418.8076136363636
6.917125 420.05189111747853
6.918019444444444 420.05189111747853
6.924672222222222 423.24586705202313
6.928413888888889 426.1444444444445
6.932344444444444 428.23288235294126
6.936727777777778 426.26186390532547
6.938474999972223 425.2887537091989
6.940766666638889 426.29758928571437
6.943261111111111 426.29758928571437
6.945283333333333 428.63305389221557
6.951958333333334 428.6093292682928
6.957533333333333 434.3750464396286
6.960825 437.5707812500001
6.961966666666667 440.08147798742147
6.962938888888889 440.08147798742147
6.970366666666667 445.6723003194889
6.974458333333334 445.78291666666684
6.977991666666667 442.19332247557014
6.980641666666667 444.68560655737707
6.983072222222222 445.9391118421053
6.9951638888888885 458.21040816326536
6.9974694444444445 458.21040816326536
7.000461111111111 457.57284246575347
7.000872222222222 457.57284246575347
7.004802777777778 456.60468749999995
7.012558333333334 465.88584229390676
7.012808333333333 467.0362589928057
7.015927777777778 469.94450909090904
7.022830555555555 478.5153531598512
7.031477777777778 485.6260984848484
7.045577777777778 500.31864541832664
7.050286111111111 501.21866935483865
7.053244444444444 497.03743902439015
7.061772222222222 507.1973749999999
7.064852777777777 501.0751464435146
7.073372222222222 515.3350216450217
7.082108333333333 524.8144690265487
