# SectorTime IS OB PP PS RB RP TA
0 0 0.3271991065833368 0.587947017230219 2.2747082618497694 0 0 5.0095715539622185
0.016591666666666668 0 0.3271991065833368 0.587947017230219 2.2747082618497694 0 0 5.0095715539622185
0.033325 0 0.32415337357472807 0.5933373653383098 2.200255326155197 0 0 4.877536207921404
0.049994444444444446 0 0.32415337357472807 0.5933373653383098 2.200255326155197 0 0 4.877536207921404
0.06658888888888889 0 0.3220969336293047 0.596225019592198 2.1639563688751995 0 0 4.810349585258698
0.08332777777777778 0 0.3182104893452608 0.6009201906583759 2.095285384292176 0 0 4.67954184673653
0.09998611111111111 0 0.3162070986671141 0.6030954302070309 2.0636692681819127 0 0 4.616837706674832
0.11665555555555555 0 0.31393906249887316 0.6048577421424927 2.032522264255053 0 0 4.555347644753712
0.13329166666666667 0 0.31393906249887316 0.6048577421424927 2.032522264255053 0 0 4.555347644753712
0.14999722222222223 0 0.30933579329048233 0.6073916484251831 1.972749594909295 0 0 4.437004326602025
0.16655277777777777 0 0.30933579329048233 0.6073916484251831 1.972749594909295 0 0 4.437004326602025
0.18333333333333332 0 0.3047751238557379 0.6089770559041052 1.9165819619148527 0 0 4.324024601837875
0.19993611111111112 0 0.3047751238557379 0.6089770559041052 1.9165819619148527 0 0 4.324024601837875
0.21664166666666668 0 0.30016685812830285 0.6104184999645698 1.8645961661840977 0 0 4.216693716812218
0.23330277777777778 0 0.29779025668466114 0.6108649042649996 1.8398838124258166 0 0 4.165023191559763
0.24999722222222223 0 0.29529592170146474 0.6110708624994746 1.8160248791416886 0 0 4.1138307198198865
0.26666666666666666 0 0.2929077836430951 0.6112682429787336 1.7899358144691344 0.00021637521626252085 0 4.0607060660179695
0.2833 0 0.29034731303809663 0.6112422095720605 1.7645208478593368 0.00042020709852564047 0 4.008817355761097
0.29990555555555554 0 0.29034731303809663 0.6112422095720605 1.7645208478593368 0.00042020709852564047 0 4.008817355761097
0.31659166666666666 0 0.2877997217292406 0.6112237524830196 1.739910509511218 0.0006227479471579622 0 3.958672232219573
0.3333138888888889 0 0.2825470735389576 0.6107835732404111 1.6927946583400209 0.001000567486163595 0 3.862759014990054
0.34996666666666665 0 0.2825470735389576 0.6107835732404111 1.6927946583400209 0.001000567486163595 0 3.862759014990054
0.3665833333333333 0 0.27985137732605325 0.6101849050966012 1.6700191340359498 0.0011768901862482667 0 3.816245330095254
0.38332222222222223 0 0.2747596854508131 0.6086781599737001 1.6262460270646162 0.0015099569430924247 0 3.7253747182850385
0.3999916666666667 0 0.2721677528031712 0.6079656757091552 1.6051833103937958 0.0016674030264075394 0 3.681862512313138
0.41665555555555556 0 0.2694505905573477 0.6071097013721989 1.5841983207477657 0.0018162093221220736 0 3.6386162175198513
0.43330277777777776 0 0.2694505905573477 0.6071097013721989 1.5841983207477657 0.0018162093221220736 0 3.6386162175198513
0.44997777777777775 0 0.2640498951305522 0.6054500380243725 1.543718807891922 0.0021072818006077692 0 3.554175937570616
0.46663055552777777 0 0.2640498951305522 0.6054500380243725 1.543718807891922 0.0021072818006077692 0 3.554175937570616
0.4832194444444444 0 0.2612979551470414 0.6043226274027407 1.5239309656154933 0.0022439133567049496 0 3.512376924498344
0.49995833333333334 0 0.2586670924787207 0.6032159205168378 1.5043940672412772 0.002378925125839535 0 3.4712507519230846
0.51665 0 0.25239815637286034 0.6039239111255359 1.4376003241069937 0.0025916106407331213 0 3.3359398614720663
0.5332444444444444 0 0.24971686660215156 0.6025021408968639 1.4185553230270247 0.0027179000377029997 0 3.2964417400074977
0.5499972222222222 0 0.24055202732321804 0.6013249959202824 1.334907290368227 0.0030569175649091556 0 3.1275450827502667
0.5666583333333334 0 0.23584732668705347 0.6005391491219795 1.2938593074536928 0.003226409569123857 0 3.043430605047996
0.5832972222222222 0 0.23314796790001924 0.5986964678776903 1.2768163235304453 0.003340230584800904 0 3.006875338113339
0.59992777775 0 0.23103339591345348 0.5995313191780274 1.2543796035850194 0.0033959010945475857 0 2.961269715830722
0.616625 0 0.22350823628476998 0.5963573631625969 1.1987969638718377 0.003673675375142861 0 2.8447651239177287
0.6333249999722222 0 0.21634077255715248 0.5955844231131611 1.1379472215576754 0.003901585706956082 0 2.719301652845257
0.6499916666388889 0 0.2136139611764604 0.5931985719967883 1.1225713837180373 0.004001577017776262 0 2.686363510214287
0.6666583333055556 0 0.20621253196165626 0.5917903452759568 1.0632543269541093 0.004234942190479947 0 2.5643522749140355
0.6832805555555556 0 0.20621253196165626 0.5917903452759568 1.0632543269541093 0.004234942190479947 0 2.5643522749140355
0.6999972221944445 0 0.196348146643142 0.5866634188402043 0.9897966508780082 0.004573940563287758 0 2.412673908869428
0.7165527777777778 0 0.196348146643142 0.5866634188402043 0.9897966508780082 0.004573940563287758 0 2.412673908869428
0.7332472222222223 0 0.19144379581799795 0.5835042579409625 0.9532827709789384 0.004743423470936522 0 2.337626558841731
0.7499833333333333 0 0.1864970771868945 0.580170969975731 0.9170186595323451 0.004912912602445963 0 2.2624009611317892
0.7666416666666667 0 0.1814498741844494 0.5766641790651179 0.8813794165930925 0.005082404606660665 0 2.187476354424749
0.7832944444444444 0 0.1741296876765829 0.5699247020583467 0.8340071713423434 0.005332507740668408 0 2.086979365949844
0.7999527777777777 0 0.1692132438273052 0.5693369564513854 0.7891411798245702 0.005513270714928354 0 1.9954372523056318
0.8166472222222222 0 0.16404919110848382 0.5648551905973841 0.7543287191498567 0.005685644229756954 0 1.9231440906051516
0.8333 0 0.16165404778852951 0.5610346001963477 0.7427736034262536 0.005760388425187876 0 1.8982108962639943
0.85 0 0.15193164192509095 0.5514819466149389 0.6756658766991742 0.006099393501788898 0 1.7593650030841852
0.8666583333055555 0 0.14717259342105918 0.5465402242142113 0.6425917848508595 0.006268888857616148 0 1.6908772827457612
0.8832333333333333 0 0.14717259342105918 0.5465402242142113 0.6425917848508595 0.006268888857616148 0 1.6908772827457612
0.8999194444444445 0 0.14224716662571527 0.5410961004909823 0.6107940277847337 0.0064383784679030364 0 1.6243099637866172
0.9166555555555556 0 0.13533031576851265 0.5311939996428233 0.5707518994418417 0.006666374207639561 0 1.5388396004576055
0.9333194444444445 0 0.12993307139332097 0.5281217379663216 0.5257534951271524 0.0068923529943392065 0 1.4467800267301179
0.9498972222222222 0 0.1279369954515723 0.5232176397074364 0.5176688378675932 0.006946955692573562 0 1.428090234225096
0.9666611111111111 0 0.11879846807963952 0.508520719428186 0.4572672309479417 0.007283137572811327 0 1.3000670593791896
0.983325 0 0.11607790058829988 0.5059181422908136 0.43415819894763225 0.007406580582519994 0 1.252668615170804
0.9999833333333333 0 0.10939746598129492 0.4929100270368934 0.3977694567719094 0.007622132114999198 0 1.1746719353471033
1.0166583333333334 0 0.1047422534363592 0.4845843653872989 0.38052207844695296 0.007791622204066239 0 1.1323395109821723
1.033311111111111 0 0.10016598224991853 0.47577083479296683 0.3635729297349403 0.00796111564467009 0 1.0906446531833385
1.0499333333333334 0 0.10016598224991853 0.47577083479296683 0.3635729297349403 0.00796111564467009 0 1.0906446531833385
1.0665638888888889 0 0.0959287419927463 0.46678767719604364 0.34797984393820297 0.008130591371509113 0 1.0528480258190305
1.08325 0 0.09169103487481091 0.4578442348960338 0.33290228448192727 0.008302992284084609 0 1.0170019409225388
1.0999833333333333 0 0.0834559602046319 0.4399399544696581 0.30316865504557305 0.008644897190488016 0 0.9477758412026681
1.1165611111111111 0 0.0834559602046319 0.4399399544696581 0.30316865504557305 0.008644897190488016 0 0.9477758412026681
1.1333027777777778 0 0.07865043409697016 0.4264115126423287 0.2847714419591282 0.00883662989082796 0 0.905194974880914
1.1499416666666666 0 0.07514935940758402 0.41790886453480064 0.27143401723975197 0.00900334427948838 0 0.8743520975936792
1.1666555555555556 0 0.07170654336763199 0.40954771878695445 0.25831852903843433 0.009167285992016223 0 0.8440224854723822
1.183325 0 0.06595242758363572 0.39722083623208154 0.23669136011725564 0.009489573757121322 0 0.7946991792993806
1.1999583333333332 0 0.06595242758363572 0.39722083623208154 0.23669136011725564 0.009489573757121322 0 0.7946991792993806
1.2166388888888888 0 0.059508819728100217 0.3805708950777847 0.21193671580792467 0.009825741829991377 0 0.7400317199221088
1.2333305555555556 0 0.05645516437943517 0.37256256824751677 0.1998944019691266 0.009992416367400087 0 0.7138399704449918
1.249986111111111 0 0.0535709933112641 0.3645570546490541 0.18802154978156257 0.009992416367400087 0 0.6890041233821617
1.2666583333333334 0 0.05068678424476103 0.35655146632448864 0.1786909469044308 0.009822922447994443 0 0.6673883976462155
1.2832694444444444 0 0.05068678424476103 0.35655146632448864 0.1786909469044308 0.009822922447994443 0 0.6673883976462155
1.299975 0 0.045430954743747205 0.3410853804533525 0.16088895697674918 0.009483838877221084 0 0.6259473976808011
1.3166555555555555 0 0.04301423743758155 0.3334583853339711 0.1522623971165716 0.009311424093228073 0 0.6058570624994438
1.3333111111111111 0 0.040641374754310615 0.3258313112173015 0.14361839970148782 0.00914193400416103 0 0.5860266775522973
1.3499305555555556 0 0.040641374754310615 0.3258313112173015 0.14361839970148782 0.00914193400416103 0 0.5860266775522973
1.3666361111111112 0 0.0384380246630958 0.31854339922010644 0.13548293862585045 0.008972444872651588 0 0.5672136511253952
1.383325 0 0.03402835926327351 0.304097140902733 0.11988381274551219 0.008633455118616903 0 0.5322109499413098
1.3999666666666666 0 0.03236437569433732 0.29959893099559753 0.11398698567052949 0.008607420603247297 0 0.5186517560448827
1.4166 0 0.031636676457818154 0.2944440049212185 0.11091656312267625 0.008325210091665418 0 0.5119830433350696
1.43332777775 0 0.0284338863014149 0.28287364550946487 0.09903460274125386 0.008124865946213942 0 0.48484783001036724
1.4499444444444445 0 0.02673900982890556 0.275755252807497 0.09259405404701058 0.007955377293479244 0 0.4704416062278851
1.4666444444444444 0 0.02646460575177845 0.27352983974078604 0.09140399942735965 0.007824961272274665 0 0.4679755398302617
1.483325 0 0.023653503477919648 0.2624746607357001 0.08112820943766003 0.007613491241560552 0 0.4453949125226967
1.4999805555555557 0 0.023653503477919648 0.2624746607357001 0.08112820943766003 0.007613491241560552 0 0.4453949125226967
1.5166277777777777 0 0.022297574147559694 0.2560340517191909 0.07621295472214899 0.007443999237345853 0 0.43420864804861375
1.5332305555555557 0 0.02094463780837991 0.24963175121467215 0.07164277005965304 0.007274516329697088 0 0.423452476541413
1.5499888888888889 0 0.018568661496783587 0.2373871695391052 0.0628226071099865 0.006935498802490932 0 0.40336198018049924
1.5666305555555555 0 0.01750446657260947 0.23296480813483203 0.05940591355973314 0.0068806848796029475 0 0.39589234965831777
1.583325 0 0.016473254302924005 0.22714604951637432 0.05544748212579169 0.006708320616460172 0 0.3873633357763146
1.5999027777777777 0 0.01636818919605138 0.2257331298655669 0.054862335686714045 0.006596515272852503 0 0.38633093238834487
1.6165972222222222 0 0.014676076589197892 0.21458663489964797 0.04808808843786383 0.006257513069338179 0 0.3718436883694908
1.6332305555555555 0 0.014676076589197892 0.21458663489964797 0.04808808843786383 0.006257513069338179 0 0.3718436883694908
1.6498861111111112 0 0.013848376113536566 0.2093327597783679 0.04493254580649362 0.006090830660444005 0 0.3651867682379254
1.666625 0 0.013137888384170593 0.20339806909201877 0.04158949903219953 0.005827029245240217 0 0.358151338116663
1.683286111111111 0 0.012523492078536369 0.1996211313467003 0.03928255734606941 0.005757474176920141 0 0.35295348818397737
1.699961111111111 0 0.011506485468512824 0.19046801439848787 0.03487555551636765 0.0054184758041123295 0 0.34278316926853936
1.7166305555555557 0 0.01148456235483382 0.1896794970719112 0.0346372406893483 0.0053296483319137675 0 0.3423317147158895
1.7333305555555556 0 0.010984462042892962 0.18551206919329224 0.03313692656748662 0.005162943832587115 0 0.33866463768395433
1.7499722222222223 0 0.010651044097135636 0.18167777435503019 0.03180324819134466 0.004996233211430286 0 0.33599736993869145
1.7666416666666667 0 0.01031761296521684 0.17784330574200985 0.03046953214043283 0.004829519764661729 0 0.3334965326089494
1.7833027777777777 0 0.009642125608673838 0.1706379861359851 0.028265527741790156 0.00457103349772054 0 0.32871591176279086
1.7999277777777778 0 0.009650763416862175 0.17017451827661279 0.028135569316782526 0.004496098522348072 0 0.3286617004398139
1.8165555555555555 0 0.0094726082279803 0.16741723969170166 0.027417991111658713 0.00440153287480575 0 0.3266813680388934
1.8332694444444444 0 0.009303093239810567 0.16419650519435774 0.026909446147149508 0.004232027942212212 0 0.3249859969345198
1.8499694444444446 0 0.0089669935100494 0.15813508867129725 0.026240152034467036 0.00389302286561119 0 0.3221945042135728
1.8666444444444446 0 0.00879750006948884 0.15525369443596757 0.02573166979751865 0.00372352750978394 0 0.320838600740222
1.8832638888888888 0 0.00881999738417978 0.15520933131381304 0.025643276399711333 0.0036624860751973175 0 0.3209139476215357
1.8999972222222221 0 0.008794578409301283 0.15093741422328122 0.02470008505224701 0.0033816137014851004 0 0.31921089209173237
1.916588888888889 0 0.008794578409301283 0.15093741422328122 0.02470008505224701 0.0033816137014851004 0 0.31921089209173237
1.933325 0 0.008819899717305665 0.14887416162485106 0.02414231900650189 0.003162232055376918 0 0.3184125363290656
1.9499 0 0.008797422797787417 0.1474574669447118 0.023866789997383554 0.0030454606748265235 0 0.3182962039940697
1.9666166666666667 0 0.008822767937467812 0.1465832352681422 0.02364793252671358 0.0028288061006479332 0 0.31850146151343944
1.9832833333333333 0 0.008825531195160673 0.14547432888814732 0.023489517329571455 0.00266486438812009 0 0.31858988575961095
2 0 0.009142121131664054 0.14400047098347413 0.02354201570052332 0.002370284252400888 0 0.31915380892065753
2.0166333333333335 0 0.009297072337285479 0.14351098929084855 0.02359630731090431 0.002238095759322555 0 0.31921994863686026
2.033313888888889 0.00016667731549515661 0.009481214717507923 0.1436631416479347 0.0232031422270254 0.0020313007227299976 0 0.3196600687336141
2.049988888888889 0.0003306701216688858 0.009492510189222427 0.14364216127484228 0.02298948806743634 0.0019980007108819646 0 0.31975494681580013
2.066638888888889 0.0003418792783356277 0.009814290195636746 0.14347164266181087 0.02272577927150853 0.0017180583898123492 0 0.3196439434380077
2.0833305555555555 0.0006751700867836455 0.01032869628521669 0.1447684261044969 0.022168757755388444 0.001517008308421512 0 0.32219221841938556
2.0999333333333334 0.0006866136475765886 0.01050375893411867 0.14480906264070986 0.022027413926298423 0.0013703584849953257 0 0.3221375249604238
2.1165583333333333 0.0008446577819769745 0.01066767167560335 0.14544635677684464 0.021999265751246774 0.0013475191769120702 0 0.32337858632362326
2.1332666666666666 0.0010313270806320812 0.010848430005124152 0.14635967636929398 0.0216825734070929 0.0010256026898898237 0 0.3255833314615666
2.1499333333333333 0.0012036825799359085 0.01102077527986256 0.14773837721980873 0.021510187234092808 0.0008532369660205751 0 0.32765127026711904
2.166611111111111 0.0013531151230092848 0.011345577450081775 0.14917443107914166 0.021490671952335876 0.0008390163499202322 0 0.3298176421359209
2.1833027777777776 0.0016921259459298065 0.012026436179201872 0.15243474731657128 0.021160172379252513 0.0005028426102787644 0 0.334654580321738
2.1999444444444443 0.0016921259459298065 0.012026436179201872 0.15243474731657128 0.021160172379252513 0.0005028426102787644 0 0.334654580321738
2.2166083333333333 0.001864534289344239 0.01254657323940442 0.1541995991701451 0.02099650012571583 0.00033334629682358203 0 0.33733389043165046
2.2332833333333335 0.00203403682764475 0.013227414171492103 0.15610375799584966 0.021004992462372748 0.000166674537408711 0 0.3401365159687991
2.2499277777777777 0.0022035230865463094 0.014077657187492749 0.15801028266615952 0.021013427626851298 0 0 0.3436162162346015
2.2665694444444444 0.002373007430430043 0.014927886861339102 0.16042237484251934 0.02102185149013434 0 0 0.347095757653962
2.2832444444444446 0.0025424855508047028 0.015778074100788585 0.16300369957420588 0.021030241402862908 0 0 0.3509137687046425
2.299913888888889 0.0027148859680137124 0.016642974065742132 0.165457875719851 0.021038935039588404 0 0 0.3547964121294042
2.3166611111111113 0.0030567946547706577 0.01886964796504705 0.17083900129289456 0.02156753032173419 0 0 0.3633491614623265
2.333283333333333 0.003108604733665076 0.019017111165063407 0.17132151880129706 0.02158835899959131 0 0 0.3641644202314076
2.3499333333333334 0.0032262756474773255 0.020394969239379033 0.1742285139066355 0.021906476987091462 0.00016948099270666796 0 0.36843335378265757
2.366561111111111 0.003395759512613365 0.02192031014082205 0.1777874806875537 0.022245416947800876 0.00033896485784270706 0 0.37351743930851744
2.383227777777778 0.003568165379010312 0.023474860520074105 0.18144567244372353 0.022596023843953837 0.0005113707242396544 0 0.37877944033249134
2.3999277777777777 0.0037405742178367824 0.02503226603639293 0.18514642159540762 0.023124702294194426 0.0006837795630661249 0 0.38447402814823656
2.416663888888889 0.0040795907872716135 0.028761479903594147 0.19294424514026176 0.02414181520933507 0.001022796132500956 0 0.39634058778441594
2.433236111111111 0.0040795907872716135 0.028761479903594147 0.19294424514026176 0.02414181520933507 0.001022796132500956 0 0.39634058778441594
2.4499583333333335 0.004321113317430329 0.031147983989962876 0.19849276440579244 0.024901502798348695 0.0012125085837652542 0 0.40383973413437485
2.4666083333333333 0.004418585329989723 0.03283222830551218 0.20196417437969186 0.025503421158808944 0.0013617906752190659 0 0.4086344305125951
2.483236111111111 0.004588062014234889 0.03503822919954196 0.20708773089084373 0.02618693589347488 0.001531267359464231 0 0.4149947957926306
2.499919444416667 0.00475755306087035 0.03724442236963996 0.21238128723026092 0.027040010254326168 0.0017007584060996924 0 0.42152255204372474
2.51665 0.005013536699375041 0.039982840211816965 0.2191760977229663 0.028030338340138 0.0019049319657099659 0 0.42998714363602614
2.5332944444444445 0.005182576863710278 0.043673203669593326 0.22766066174664573 0.029445239770992435 0.0021758935967227454 0 0.43956191209135576
2.5499833333333335 0.005268953144772116 0.0442315940839647 0.22908205772071727 0.029597001140265276 0.0022121584900014575 0 0.4416335582424344
2.566647222222222 0.005605125627004889 0.04927127092764927 0.24097403201351184 0.031272042771815084 0.0025483309722342307 0 0.4556655060813482
2.58325 0.005605125627004889 0.04927127092764927 0.24097403201351184 0.031272042771815084 0.0025483309722342307 0 0.4556655060813482
2.599972222222222 0.005947047279922919 0.05440011197247959 0.25328050138891056 0.03298168353852499 0.0028902526251522605 0 0.46968480050654887
2.6166638888888887 0.006113714409553834 0.05706396883232143 0.25974107844497685 0.033976051887804844 0.0030569197547831765 0 0.47693082056847175
2.6333305555555557 0.0062803852429913366 0.05972497902305526 0.26632778776274996 0.03496463059989744 0.003223590588220679 0 0.48425359060090684
2.649958333333333 0.006449874374500778 0.062433887401520366 0.2728970157320148 0.03597572993758217 0.0033930797197301212 0 0.4916206628910576
2.666638888888889 0.006619371645594714 0.06531534675578748 0.27950749548973136 0.036992725055486196 0.0035625769908240565 0 0.4992482239517313
2.6832833333333332 0.006619371645594714 0.06531534675578748 0.27950749548973136 0.036992725055486196 0.0035625769908240565 0 0.4992482239517313
2.6999944444444446 0.006903935465428702 0.06918033355114876 0.28924380833003766 0.03830922419290055 0.0037953307317636262 0 0.5099511939318664
2.7166361111111113 0.007127864416526093 0.07395974349244307 0.3020509485556663 0.040043720942718714 0.004071069761755437 0 0.5223005130888531
2.733299999972222 0.007294539416942781 0.07695707218690494 0.3098451751927117 0.04103812831914185 0.004237744762172124 0 0.5300439560912055
2.7499972222222224 0.007464044828403042 0.08000818252164152 0.31764261804666194 0.04205518664480718 0.004407250173632385 0 0.538011111211846
2.766661111111111 0.007633540663042906 0.0830591156846056 0.3257785320616268 0.043241673766179295 0.004576746008272249 0 0.5458081800675689
2.7833055555555557 0.0077629227081792256 0.08429453742526667 0.3288871637610031 0.043629863728805986 0.0046543179745141515 0 0.5497160098559402
2.7999638888888887 0.007935289892799707 0.08756952464465659 0.33750567295443806 0.04466408825973043 0.004826685159134632 0 0.5579899774889482
2.8165833333333334 0.007975443404667477 0.0895581994355343 0.3429147123837211 0.04529895353605038 0.004918648749896821 0 0.5624828120039536
2.833327777777778 0.008314541588455616 0.09599824502726555 0.36050260597129713 0.046985984754260905 0.005257746933684959 0 0.580019954819269
2.8499444444444446 0.008481214273858145 0.09932888420429194 0.36963020023409776 0.04781090458820103 0.005424419619087488 0 0.5889302148382322
2.866563888861111 0.008624963668330318 0.10084005450833694 0.37348193739537217 0.04827651869086084 0.005516358934665242 0 0.5935686095942239
2.883311111111111 0.008800312325999812 0.10435000621319912 0.3828200945239395 0.04933456773982235 0.005691707592334737 0 0.6029574020978198
2.8999805555555556 0.0089926206320339 0.10955992830677753 0.398303909285601 0.051224156793330713 0.00593582597726324 0 0.6168060661948497
2.9166166666666666 0.0089926206320339 0.10955992830677753 0.398303909285601 0.051224156793330713 0.00593582597726324 0 0.6168060661948497
2.9332861111111113 0.009334519759910646 0.11640081257704447 0.4185165530812002 0.05362325411393199 0.006277725105139987 0 0.6355280565387709
2.9499833333333334 0.009504021819360668 0.11978794252783202 0.42881251013445787 0.05480394605365632 0.006447227164590009 0 0.6445909193644715
2.9666638888888888 0.009670689874927798 0.1231184859145987 0.4394369998221154 0.05596498699347439 0.006613895220157139 0 0.6535008271786673
2.9832972222222223 0.009840177091354497 0.12650823407316839 0.4502842352939234 0.05715140516853259 0.00678338243658384 0 0.6624837722104234
2.9999666666388887 0.010006959753919829 0.1284800708372044 0.4553306125883012 0.0577753318664724 0.006898355020254753 0 0.6681964517421026
3.0166666666666666 0.009840177091354497 0.13322595147000899 0.4727188716994274 0.06000172264459042 0.0071195553612079686 0 0.6802896384253084
3.03325 0.009840177091354497 0.13322595147000899 0.4727188716994274 0.06000172264459042 0.0071195553612079686 0 0.6802896384253084
3.0499944444444442 0.009503995800991129 0.14034750263349385 0.4959816469401815 0.06305541974233987 0.007458543200019252 0 0.6975011504395219
3.066647222222222 0.009348192591138815 0.14154764694609062 0.5010209393404204 0.06368883054829602 0.0075029826211757645 0 0.6989034231794252
3.0832777777777776 0.009320346106343238 0.14565640352781514 0.5117994813496906 0.06550303958747188 0.007757321015113926 0 0.7091504242427371
3.099913888888889 0.00916500700457085 0.14667703302952134 0.516890023091183 0.06596302856324042 0.007800444142887183 0 0.7106069599799619
3.1166638888888887 0.008848051779715595 0.15060984200178001 0.5314316491693136 0.06755009503382704 0.008006106455102555 0 0.7166347212399896
3.1333166666666665 0.008681349634819294 0.15361090445526654 0.5407685587035805 0.06871720077851004 0.008172829792266512 0 0.7214706092852536
3.1499305555555557 0.008656555887750852 0.1558321203808901 0.5460527440470341 0.06952352164285434 0.008309043622137621 0 0.7260378715034623
3.1665555555555556 0.008487061968345212 0.15854390483134645 0.5546964733450107 0.07070992306078301 0.00847853131733095 0 0.7302747837937413
3.1833055555555556 0.00814805114542469 0.16368129535933676 0.5718588287935547 0.0731091129133179 0.008820443706039386 0 0.7380998160667643
3.199997222222222 0.007975642802010258 0.16604251806154363 0.5799244528550667 0.07412023226020664 0.008989935710254087 0 0.7415220802128857
3.216552777777778 0.007975642802010258 0.16604251806154363 0.5799244528550667 0.07412023226020664 0.008989935710254087 0 0.7415220802128857
3.2332916666666667 0.007678170751189915 0.1678234354833089 0.5897607303095371 0.07507324753865567 0.009176093774716499 0 0.7430373110114376
3.2499444444444445 0.007636654004808188 0.16960357518795469 0.5951834330832555 0.07581600955426193 0.009329028670961774 0 0.7466079807320803
3.2666555555277776 0.007467169660924454 0.17129880168013095 0.6019644348152952 0.07666362280035006 0.009498536955679189 0 0.7484738167873235
3.283325 0.007125291123340785 0.17433234803679817 0.6152735306817451 0.078010902059278 0.00983752479449047 0 0.7515410100201252
3.299977777777778 0.007070722204875233 0.1760597776443768 0.620617135234462 0.07863177447975335 0.010004262502871666 0 0.7548108187511162
3.316602777777778 0.006898355020254753 0.17696010416384722 0.6264947444936724 0.07916960173935139 0.010179590502597376 0 0.7548072180274938
3.333327777777778 0.006672179445820171 0.17515965188943308 0.6269619045568188 0.07890809613193964 0.009845833436938446 0 0.7490666525683146
3.349938888888889 0.00650547683004312 0.17549324360767418 0.6316305413131258 0.07940831276317153 0.009679130821161393 0 0.7482340097606354
3.3666222222222224 0.006378316995604257 0.17796532239234464 0.6410481175570377 0.08070938208450082 0.00965955247794688 0 0.752389121660814
3.3833277777777777 0.006099602873517715 0.17697311999116325 0.6448366234792182 0.08051925862790567 0.009326151097821294 0 0.7471412400709095
3.3999 0.006099602873517715 0.17697311999116325 0.6448366234792182 0.08051925862790567 0.009326151097821294 0 0.7471412400709095
3.416655555527778 0.005858223360084288 0.17755930175719542 0.6533525733863499 0.08119445198919624 0.00913945884242691 0 0.7460140197817164
3.4332194444444446 0.005760586304082883 0.17612527883620127 0.6522930670463138 0.08068859933102025 0.008987134528386462 0 0.7423932901517849
3.4499472222222223 0.005591082329214672 0.17547342008863157 0.655509800555995 0.08053362710720931 0.008817630553518252 0 0.7396570400895981
3.466655555527778 0.005332713207899777 0.17307484170466075 0.6559509745286548 0.07986643869672014 0.008506367199018053 0 0.7327281684177318
3.4832555555555555 0.0052521150771196075 0.1735867488203061 0.6594265166640116 0.08018068590286113 0.008478663301423188 0 0.7332464133451109
3.4999694444444445 0.004910199336969039 0.1715118847957011 0.6618404492445207 0.07914325389055864 0.008136747561272618 0 0.7259259652997394
3.51665 0.004829704265871186 0.16984780016508455 0.6591876458995392 0.07850158670573067 0.008003358256989461 0 0.7218946981209342
3.5333222221944443 0.004571223946582381 0.16876071042833274 0.662576152242287 0.07810382986552715 0.007797772170885961 0 0.7178595570743884
3.5499916666666667 0.004571223946582381 0.16876071042833274 0.662576152242287 0.07810382986552715 0.007797772170885961 0 0.7178595570743884
3.56655 0.0044017343362954915 0.16706577985455873 0.6624063868647594 0.07759533805406307 0.007628282560599071 0 0.7134525629299903
3.583302777777778 0.00413147981252164 0.16543170190625914 0.6646317628814554 0.07719786641667438 0.007412715294864263 0 0.7084360003715361
3.599988888861111 0.003959115062472791 0.16355059155727192 0.6637316914951137 0.07669269368776792 0.007240350544815414 0 0.703393214223402
3.616661111111111 0.0038293080112441744 0.15984161293661586 0.6568500194016791 0.0751701806546069 0.007002962002362449 0 0.6950444457082917
3.6333055555555553 0.003726462681800662 0.15967229861516727 0.6589641618546018 0.07508967996180303 0.006953010906104242 0 0.6941284850811112
3.649938888888889 0.003390302716853717 0.1553134577921422 0.6555567076255115 0.0734173091780323 0.006616850941157296 0 0.6829865419779201
3.666625 0.0032753953685692692 0.15484322736859465 0.6573598525285821 0.07328270950096354 0.006556630850911893 0 0.6812900868851055
3.683288888888889 0.0032208054457597817 0.15294045003302362 0.653352771972304 0.07256978834970994 0.006447353670063361 0 0.677053654869695
3.699936111111111 0.0030513072170162718 0.1505790994365229 0.6504151437625281 0.07173101566042374 0.006277855441319852 0 0.6710708708454902
3.7165555555555554 0.0027582840760966786 0.14744304776475795 0.6476491877057922 0.07070595791300835 0.006039519558439301 0 0.6629667720601494
3.73325 0.002667848532618099 0.14361771812193136 0.6385212118433916 0.06939659842925554 0.005841502523736373 0 0.6548484387714015
3.7499694444444445 0.002376132262951453 0.14013238776249554 0.6345883632763287 0.06820274432863464 0.005602680487255031 0 0.6463229063125352
3.766661111111111 0.0022066364283115894 0.137250948997609 0.629842317114263 0.0670162639101468 0.005433184652615167 0 0.6397123820294087
3.7832805555555558 0.0022066364283115894 0.137250948997609 0.629842317114263 0.0670162639101468 0.005433184652615167 0 0.6397123820294087
3.7999833333333335 0.0018963393423935774 0.13297395533106224 0.6238757276784285 0.06572122429245138 0.0051775748247361985 0 0.6288759282697438
3.8166527777777777 0.0016923179117930532 0.12799321401779187 0.6128697785043096 0.0639303511285521 0.00491886613609663 0 0.6160507744951625
3.8332333333333333 0.0016923179117930532 0.12799321401779187 0.6128697785043096 0.0639303511285521 0.00491886613609663 0 0.6160507744951625
3.8499083333333335 0.00152563550289888 0.12483197517414978 0.6067019278013994 0.06294171052588143 0.004752183727202457 0 0.6075722777691224
3.8666444444444443 0.0011865366374546821 0.11804708024269524 0.5930562857708259 0.06090128208807509 0.004413084861758259 0 0.5898428612403654
3.883322222222222 0.0011670852171685399 0.11627860931117205 0.5876689563141617 0.06006962751974241 0.004340739208286812 0 0.5856753006110608
3.899947222222222 0.0008475564593205984 0.11126748865111073 0.577124536307381 0.058189452634099595 0.004074104683624175 0 0.5718773068454654
3.916661111111111 0.0006751416753275869 0.10781628311985104 0.568267365592949 0.05680722451075604 0.0039016898996311637 0 0.5628157129816461
3.9332555555555557 0.0005142277946886643 0.10602418159148407 0.5649722438661042 0.0562188461855618 0.0037954632770312844 0 0.5575322638043848
3.949975 0.0003361552719938308 0.10103656702264997 0.5491148523668158 0.05409534525356005 0.003562703496297407 0 0.5450193306570508
3.9666555555555556 0.00033064452982999753 0.0995441702046418 0.5432278361207841 0.05337247666127467 0.0035042985209482696 0 0.5416585593056428
3.983327777777778 0 0.09431065955289511 0.5287284235824997 0.05140330104773116 0.003226548224303577 0 0.5277801552706511
3.9999333333333333 0 0.09431065955289511 0.5287284235824997 0.05140330104773116 0.003226548224303577 0 0.5277801552706511
4.016647222222222 0 0.089594040506641 0.5115160859304742 0.048893381189699124 0.0030069297119506935 0 0.5163630903624227
4.033313888888889 0 0.08615135061462897 0.5004101634896796 0.04725400505064579 0.002842992098045359 0 0.5082638253782816
4.049994444444445 0 0.0801294740043579 0.48311456450181484 0.04465169341337706 0.002551387460868166 0 0.49443275041119633
4.066591666666667 0 0.07786800228067077 0.47768636248735824 0.04368488348977897 0.0024222694874834485 0 0.48954110571352816
4.0833055555555555 0 0.07436132137168457 0.46624824982718965 0.042279254004329955 0.002246935442034137 0 0.48190119961615396
4.0999944444444445 0 0.0696736009715663 0.4499431009739559 0.04036194947593418 0.0020370682658040567 0 0.47281284330034556
4.116588888888889 0 0.06853141079170455 0.4450677498450331 0.03986699585841577 0.002003673704069564 0 0.4707302143847428
4.133327777777778 0 0.06294997643048114 0.4293142962071219 0.03767530675011575 0.0017008870387497973 0 0.45996671858561083
4.149911111111111 0 0.06294997643048114 0.4293142962071219 0.03767530675011575 0.0017008870387497973 0 0.45996671858561083
4.166661111111111 0 0.056626065738535965 0.4092276691963261 0.0349342595890807 0.0013589746500413608 0 0.4479739572141542
4.1833277777777775 0 0.05448334294073496 0.40358142452258955 0.03397512237187194 0.0012096477506929138 0 0.4436738707584554
4.199958333333333 0 0.050524431149191425 0.39007515746804683 0.032391903943891395 0.0010199949506333307 0 0.4366177875436041
4.216652777777778 0 0.048575400467324996 0.3844130765601411 0.03153823077870896 0.0008619469398608973 0 0.43279658113727126
4.233216666666666 0 0.04776581045953624 0.38054832067290556 0.03118206884720382 0.0010170564056698915 0 0.4313454632217437
4.249891666666667 0 0.04509894377786845 0.37125625721728917 0.030018112669322226 0.0010198544010179467 0 0.4262763388631943
4.266644444444444 0 0.042386811222389804 0.36227224629664895 0.0288315498875925 0.0010198496123101366 0 0.42136043579032373
4.283313888888889 0 0.037934230820563276 0.3475560907430174 0.0270794536414817 0.0008647689881786369 0 0.41281678564328933
4.299991666666667 0 0.03565496682412906 0.33909294255189476 0.026024522880359408 0.000861806225410601 0 0.4088558729524425
4.3165611111111115 0 0.03506071737706024 0.33615326557679837 0.025760272836568118 0.0010169347925351256 0 0.40814332055496444
4.333241666666667 0 0.031517803780257314 0.32293609791428296 0.023958881605353893 0.0012095100593302703 0 0.4017216865151599
4.349947222222222 0 0.028958545543307887 0.3124688492374973 0.022712078162439156 0.0015283403547617105 0 0.39773810137707105
4.366575 0 0.02848381528849956 0.3100136434044037 0.022506451157131537 0.0016699877397438844 0 0.3972190818494515
4.383288888888889 0 0.027093975482087838 0.3048406489398325 0.02186452046120613 0.0016978208687396157 0 0.3946860559433772
4.399905555555556 0 0.02526057084968547 0.29738532106967613 0.021033964957195887 0.0018673042551306646 0 0.39178710783984333
4.416633333333333 0 0.023565511946388576 0.2899736279754741 0.02018934588556647 0.0020397205254793762 0 0.3890073710049044
4.433277777777778 0 0.020488520245712447 0.27586185822046144 0.018816071778137447 0.0023758862517593033 0 0.3840121492568478
4.449922222222222 0 0.020488520245712447 0.27586185822046144 0.018816071778137447 0.0023758862517593033 0 0.3840121492568478
4.466638888888889 0 0.018818848631294557 0.2676711464082016 0.01800741048967704 0.002670357597274133 0 0.38171720528019365
4.483269444444445 0 0.017507351363170692 0.261485811837592 0.01735442919642628 0.0028370620966007855 0 0.37968841382950563
4.4999666666666664 0 0.015087184215053898 0.2510496124178354 0.01645436327369678 0.0030510182242923364 0 0.37591167113332974
4.516611111111111 0 0.014839853326282524 0.2497681896083767 0.016351334002132664 0.0031677159207512432 0 0.37591761710174354
4.533255555555556 0 0.013920472176252393 0.2455973353485056 0.015957163641900682 0.0032205111860970975 0 0.3741825995968956
4.549927777777778 0 0.012544650222907293 0.23875450643743368 0.015376078416026824 0.0035040049651455275 0 0.37262177617833053
4.566605555555555 0 0.010702297185489358 0.22937899541803045 0.014434216596721804 0.0037318956157478523 0 0.36954807720144817
4.583308333333333 0 0.010006966401245642 0.2253762441352375 0.01397748381421379 0.003795148083811375 0 0.36827176332824446
4.599961111111111 0 0.009678869142188408 0.22332180994241885 0.013852640085170446 0.00400415142789598 0 0.3685343531502856
4.616574999972222 0 0.008992697272421867 0.21941646290889874 0.01357502560664148 0.004070887285027579 0 0.3672187124413238
4.633311111083334 0 0.008159292173649472 0.21479722992924202 0.013244477424395384 0.004240382162044922 0 0.365989377002014
4.649986111111111 0 0.006803413592576405 0.20598468660951028 0.01256657739604963 0.004579391069503965 0 0.3642959814767314
4.666655555555556 0 0.0066918822222063 0.20523094129565284 0.012524508732245749 0.004668259886463129 0 0.36455366667141603
4.683330555555556 0 0.005435852951121739 0.19781215759644186 0.011874249970829271 0.004912734125374603 0 0.3627760352447623
4.699905555555556 0 0.005435852951121739 0.19781215759644186 0.011874249970829271 0.004912734125374603 0 0.3627760352447623
4.716658333333333 0 0.004410139668235748 0.19087980785533573 0.011184724156119468 0.00524892159355079 0 0.3615359845139732
4.733313888888889 0 0.003901703870966048 0.18766011329874974 0.01084579041829979 0.005418423653000813 0 0.36102844021038805
4.749997222222222 0 0.00339323504010538 0.18443984900614385 0.010676303201940714 0.005587915657215514 0 0.3603505703445695
4.766647222222222 0 0.003054252946834457 0.1813890944358211 0.010506817422124974 0.005757411970670697 0 0.36018127943708345
4.783322222222222 0 0.0027094243697408445 0.1787052492415466 0.010328660141456263 0.0059240832670955975 0 0.3604802886020914
4.799994444444445 0 0.0023645977744149683 0.17624189062259246 0.010153330817224325 0.006093580538189533 0 0.3608896355120272
4.816599999972222 0 0.0020599500979127635 0.17388579443543814 0.009980695565176514 0.0061968615642605425 0 0.36097371090984476
4.833302777777778 0 0.0018532082620395282 0.1714581872997791 0.009811429478811548 0.006435478046393551 0 0.3617457728340232
4.849913888888889 0 0.0018532082620395282 0.1714581872997791 0.009811429478811548 0.006435478046393551 0 0.3617457728340232
4.8665722222222225 0 0.001683705723739017 0.1692980927639377 0.009817221273753575 0.0066078764821650765 0 0.36253093119365276
4.883311111083334 0 0.0013475211288362199 0.16552765668137073 0.009998157911605805 0.006949776450829145 0 0.3640899483505926
4.899916666666667 0 0.001198001562645417 0.16419659640786438 0.009995259307834826 0.007067569272029639 0 0.36457312048153334
4.916655555555556 0 0.0010085299373411214 0.16344589181117122 0.010331521291933739 0.007285953736740661 0 0.365844658304786
4.933263888888889 0 0.0009919966596797915 0.16360067563255723 0.01049559028698539 0.007333230970483309 0 0.36618253062456996
4.949991666666667 0 0.0006695315645333105 0.16271993032569015 0.010664876754169142 0.007622130654262268 0 0.3674324348679494
4.9666194444444445 0 0.0006695315645333105 0.16271993032569015 0.010664876754169142 0.007622130654262268 0 0.3674324348679494
4.983244444444445 0 0.000502858879130782 0.16260378993757538 0.010837164139270309 0.007791610689514115 0 0.36820580490383364
4.9999416666666665 0 0.00033066720237808763 0.1628191015830555 0.011162388804750971 0.007997294958016953 0 0.3694346691277359
5.016566666666667 0 0.0001666800936742128 0.16299027984495376 0.011348428618163488 0.008130583207317235 0 0.3698289738359189
5.0333194444444445 0 0 0.1636053893128832 0.011891459080054415 0.00844373180941923 0 0.3709696789444757
5.049905555555555 0 0.0003389820932709234 0.16443794480367985 0.012032250188657763 0.00847249399256437 0 0.37190547492075715
5.066566666666667 0 0.0006838067068518412 0.16555838100430245 0.012204662495448222 0.00864490629935483 0 0.37331293990801
5.083311111083333 0 0.001522825913861077 0.16799759876458784 0.012198900678609242 0.00898107909715921 0 0.37681787036470404
5.099894444444445 0 0.001522825913861077 0.16799759876458784 0.012198900678609242 0.00898107909715921 0 0.37681787036470404
5.1166583333333335 0 0.0025398124133652975 0.17075180053395658 0.012201716529988632 0.009320074596993954 0 0.38098155530962025
5.1333166666666665 0 0.0030482927351768436 0.1721077696046246 0.01220171796637778 0.0094895680375978 0 0.3830155254340975
5.149972222222222 0 0.0030482927351768436 0.1721077696046246 0.01220171796637778 0.0094895680375978 0 0.3830155254340975
5.166647222222222 0 0.004665587065356837 0.17512191131825788 0.012168426328004312 0.009667454616903269 0 0.3880743298081156
5.183330555555556 0 0.0056492127487888415 0.17692523873287413 0.012332364852686819 0.009831392230808604 0 0.3910252387356127
5.199986111111111 0 0.006760324065430554 0.17885729539438694 0.012537920545239525 0.009995248767988747 0 0.3946615154391359
5.216644444416667 0 0.007816470132367328 0.18059309279110675 0.012665801164631727 0.009831392230808604 0 0.3971940026427636
5.2333083333333335 0 0.00794674463457345 0.18106084894885835 0.012707422602568914 0.009825773519848738 0 0.39805174425004947
5.249908333305555 0 0.009325951935177426 0.1833459170566879 0.012882747264767618 0.009656296356896446 0 0.40142969282579605
5.2666305555555555 0 0.010705214719219352 0.18614800790470634 0.013058059464768493 0.00948679286088684 0 0.4051490056017577
5.2833194444444445 0 0.013836360317168218 0.19199940573880908 0.013338605298890515 0.009164555864927901 0 0.412011845326297
5.2998916666666664 0 0.014066966322454355 0.19248751610632187 0.013391422904196978 0.009147805979668322 0 0.4129464725097753
5.316625 0 0.016201342817028723 0.19656405262322899 0.01378777052253997 0.00895514970472608 0 0.4175974315028368
5.333263888888889 0 0.017827763169921167 0.1994945249335399 0.014075186001666918 0.008805897209647312 0 0.42063689963150674
5.349972222222222 0 0.020058575437196014 0.20384730463499556 0.014495008686071906 0.008610415335485117 0 0.42570046137011863
5.366644444416667 0 0.02212702255483171 0.2079844793194514 0.014839767400418554 0.008438062270422838 0 0.43001035720919145
5.383286111111111 0 0.02396160377931408 0.21129765574226947 0.015100906774605582 0.008297427899249124 0 0.43335187376015877
5.399969444444444 0 0.02836842078623787 0.2197256841024237 0.015775964888694392 0.007955528242509365 0 0.44189404372805696
5.416588888888889 0 0.030237194736323157 0.22312511379294664 0.016017448948158795 0.007825109746730521 0 0.4449854120603479
5.433255555555555 0 0.030741147981928545 0.2241319399962598 0.016114911074800856 0.007786032886682114 0 0.4461305074290788
5.449988888888889 0 0.03490550092941486 0.2323425181839018 0.01702059590487921 0.007494454933996167 0 0.45375856185808944
5.466652777777778 0 0.037987287056324856 0.238791345489333 0.01763196927198085 0.007280385210760038 0 0.45961249795839776
5.483311111083333 0 0.04048738428232809 0.24407993009016313 0.018129178957932944 0.0071109023031112745 0 0.4643420581698076
5.499936111111111 0 0.04048738428232809 0.24407993009016313 0.018129178957932944 0.0071109023031112745 0 0.4643420581698076
5.516588888888889 0 0.04393139260279656 0.25102328386389594 0.018784036116256383 0.006889563642601671 0 0.47076683991095264
5.533333333333333 0 0.04866998480478749 0.2613466191046307 0.019666249583335144 0.006602322797898632 0 0.4787664310994311
5.549944444444445 0 0.04949489980147881 0.2630185971454629 0.01982722424290912 0.006541874969583851 0 0.4805041070039398
5.566661111111111 0 0.054309969778536936 0.2735297920713523 0.020864395543371043 0.006263353152240888 0 0.4882760166560672
5.583269444444444 0 0.05625361088851775 0.2780477146548671 0.021355876414344548 0.006160675231712349 0 0.49127395766958026
5.599980555555556 0 0.06007247002735829 0.28657982609191895 0.02222025688845054 0.00592436148296116 0 0.4979358965082963
5.616625 0 0.06007247002735829 0.28657982609191895 0.02222025688845054 0.00592436148296116 0 0.4979358965082963
5.633244444444444 0 0.06312312789607831 0.29318934877419756 0.02289816697496654 0.0057548666059438185 0 0.5030198125700014
5.649991666666667 0 0.06927754638519197 0.3069122668453376 0.024268718758927957 0.005415857698484776 0 0.5133845962590509
5.666616666666667 0 0.06927754638519197 0.3069122668453376 0.024268718758927957 0.005415857698484776 0 0.5133845962590509
5.683311111083333 0 0.07430914828413324 0.31909384421944886 0.02553846722671539 0.005163132344345469 0 0.5214124290288964
5.699891666666667 0 0.07554763408886879 0.32157868652944255 0.025797438439690228 0.005082514642614137 0 0.523769179695502
5.716586111111111 0 0.07876780933419529 0.3292049778224135 0.026644827121979735 0.004913005879011058 0 0.5291916760699528
5.733327777777777 0 0.08343432826365016 0.33984390149510163 0.027806599190983394 0.004654398422021622 0 0.5372681353612985
5.749952777777778 0 0.0867094342976021 0.3482903756104714 0.02866847845165621 0.004482033671972774 0 0.5429568197345771
5.7666444444166665 0 0.09170515516569057 0.36248616516629023 0.03005513567128523 0.004237836797318045 0 0.5518742175817122
5.7832944444444445 0 0.0935361174157745 0.36788047554439623 0.03056272616398946 0.004168364062935782 0 0.5548306708789779
5.799994444444445 0 0.09848487363874664 0.38016132442013156 0.03175288264568322 0.0039016682297992097 0 0.5638457868367277
5.816655555555555 0 0.10015410878516608 0.3837994322768845 0.03211573557095783 0.0037924666734486644 0 0.5670905601397005
5.833325 0 0.10360139404802157 0.3936242498082706 0.032977560294937196 0.003620105818571381 0 0.5732957997186635
5.849991666666667 0 0.10865472906381281 0.40956396129961536 0.034117144893456 0.0033873722858236656 0 0.583126222282854
5.866661111111111 0 0.1120447127918909 0.4196873184114423 0.034789317380020696 0.003214960969894298 0 0.5896289417601643
5.883325 0 0.11543458160396788 0.4298570014535796 0.035467300718174395 0.003045472317159599 0 0.5960698744421382
5.899969444444444 0 0.11543458160396788 0.4298570014535796 0.035467300718174395 0.003045472317159599 0 0.5960698744421382
5.916561111111111 0 0.11882423018215155 0.4403647004281102 0.03614520553759481 0.0028759774401422565 0 0.6026792161414863
5.9333277777777775 0 0.12560414017884633 0.46176927771509313 0.037506818218980165 0.002539797281330713 0 0.6158403411850285
5.949916666666667 0 0.12560414017884633 0.46176927771509313 0.037506818218980165 0.002539797281330713 0 0.6158403411850285
5.966644444416667 0 0.1304887687283996 0.47868967680236113 0.03887862984033059 0.0024981507858349876 0 0.6251388390106377
5.983305555555556 0 0.13393163076686082 0.4896244406352335 0.03969284717178125 0.002495394923172074 0 0.6314280028723036
5.999952777777778 0 0.13972332763855275 0.5064298274228863 0.04086295059756388 0.002367512464830279 0 0.6416138856755629
6.016616666666667 0 0.14209151963242653 0.5120325679998182 0.041204858766448 0.002232297687679935 0 0.6456503551217365
6.033241666638889 0 0.14299893556552393 0.5176355260776268 0.0417249140408036 0.0023674931434276127 0 0.6474747463259652
6.049980555555556 0 0.14800211518030304 0.533930420126305 0.04311858326428994 0.0022322831621048047 0 0.6562555815040423
6.066599999972222 0 0.1487556430833492 0.5396073568831685 0.043586340670886424 0.002364564222879437 0 0.6573514788691311
6.083269444444444 0 0.1514675180230271 0.5506242686838959 0.04477278517892061 0.002364557998280293 0 0.6617580219936926
6.099955555555556 0 0.15401854287823488 0.5615346675269294 0.045962131873924214 0.002367386925180329 0 0.6659533846234065
6.116638888888889 0 0.15910335471429568 0.582551818726454 0.0483350467454517 0.0023673802217658675 0 0.6734108297875874
6.1332611111111115 0 0.1612829231110008 0.5884611555178632 0.048981918615099505 0.002235139099486799 0 0.6768957269692988
6.1499 0 0.16130662389462383 0.592890154478799 0.04952142805591772 0.002367371125045753 0 0.6764611295283695
6.166658333333333 0 0.16507494373563314 0.6086278289390299 0.05122268326153057 0.002235120109789515 0 0.6812039688071122
6.183311111083333 0 0.16462249768351064 0.6157866494327527 0.05185784637649959 0.0024924939622464654 0 0.679370114151241
6.199994444444444 0 0.16772229781889428 0.6308699202629602 0.05323635260571232 0.002536870553407022 0 0.6830466132711226
6.216647222222222 0 0.16935851923703532 0.6367365132064969 0.05379394098329788 0.0025798683593969713 0 0.6853161620577447
6.233330555555556 0 0.16956387290084335 0.6474012145327813 0.05492568275677434 0.0028758861650759393 0 0.6842474822211694
6.249997222222222 0 0.17021851416737785 0.6547684715607216 0.05576731109026676 0.00304537816929064 0 0.6844260948211193
6.266599999972223 0 0.17021851416737785 0.6547684715607216 0.05576731109026676 0.00304537816929064 0 0.6844260948211193
6.283272222222222 0 0.17041996156993872 0.6614156971728352 0.05663514397370636 0.0032177830449005226 0 0.6839020177222999
6.299986111111111 0 0.1704481458138992 0.6674494141142595 0.0573187526697175 0.0033872760067052837 0 0.6830541654152343
6.316663888888889 0 0.1700489913906649 0.6785033619363329 0.05831006625676603 0.003723440249128533 0 0.6807022349381704
6.3333305555555555 0 0.16967795984446882 0.683819495236254 0.05880981900768121 0.0038929370414017396 0 0.6793439174161371
6.349941666666667 0 0.16967795984446882 0.683819495236254 0.05880981900768121 0.0038929370414017396 0 0.6793439174161371
6.366630555555555 0 0.16899997267540848 0.6883959665653744 0.05931831513039016 0.004062435270145249 0 0.677479466108353
6.383294444444444 0 0.16817596961439252 0.692996117603786 0.0598443677040647 0.004234855504234454 0 0.675592121975026
6.399986111111111 0 0.16612241103046013 0.7009493800921445 0.06084448858151451 0.004571035278947515 0 0.6713867895957851
6.416658333333333 0 0.1649164542143588 0.7043321319213761 0.06116945445357314 0.004737716761745985 0 0.6688797089034817
6.43325 0 0.1649164542143588 0.7043321319213761 0.06116945445357314 0.004737716761745985 0 0.6688797089034817
6.449963888888889 0 0.1621874331534774 0.7099228661931632 0.061494331184151194 0.005073898467650733 0 0.6631532457093096
6.466641666666667 0 0.16051231403803698 0.7079577505167319 0.061305970114351065 0.005154668348267421 0 0.6599874625945279
6.483272222222222 0 0.15905359904101823 0.7097586549099917 0.0614838323893208 0.005321389801456066 0 0.6570007933378863
6.499938888888889 0 0.1592043951323653 0.7135876547019477 0.06184187033554196 0.005410079631480334 0 0.6569503787657702
6.516622222222222 0 0.15720128213447557 0.7177772118250677 0.06236104690550037 0.00567414454181715 0 0.6534130369352202
6.533330555555556 0 0.15355014111824208 0.7156593404745574 0.062324566713263356 0.005915748933147588 0 0.6467998466085124
6.549988888888889 0 0.15145824317392753 0.7158669123406952 0.06230162834090404 0.006082427637720696 0 0.6432659372638743
6.566655555555555 0 0.1492548868622579 0.7158675099174066 0.062132181825334996 0.006251931612588907 0 0.6397071007625309
6.583333333333333 0 0.14705167082462253 0.7153597707425249 0.061962754934609794 0.00642142792604409 0 0.636148594560008
6.599975 0 0.14467039825753902 0.7145383698093676 0.06178201591850543 0.006588103389471326 0 0.6324655836432334
6.616638888888889 0 0.14467039825753902 0.7145383698093676 0.06178201591850543 0.006588103389471326 0 0.6324655836432334
6.633305555555555 0 0.13952474525393518 0.7115283166735394 0.061417212072528614 0.006924275245443897 0 0.6243499622898075
6.649997222222222 0 0.13698234508252458 0.7096642331066577 0.06124774784064395 0.007093777783744409 0 0.6201129121382671
6.6666638888888885 0 0.13421230737989723 0.7073314416745891 0.06105239251285884 0.0072604518581477154 0 0.6155617314828684
6.6833 0 0.1323455362806969 0.7032380341454193 0.060551679610894193 0.0073081433877574 0 0.6123058841099998
6.699969444444444 0 0.13138459336646566 0.7047918884169582 0.06056086315984119 0.007429945777553357 0 0.6110108543993021
6.716658333333333 0 0.12556082979484348 0.6978802257634356 0.059517993898919055 0.007766125010269197 0 0.6010335251614334
6.733230555555555 0 0.12556082979484348 0.6978802257634356 0.059517993898919055 0.007766125010269197 0 0.6010335251614334
6.7499472222222225 0 0.12267929957311194 0.6936424683823101 0.05900947335585783 0.007935620366096447 0 0.5956092715598676
6.766608333333333 0 0.11838093090115501 0.6888515259204557 0.058458298583182675 0.008242489103900429 0 0.5874330532982444
6.783330555555556 0 0.11335712411950478 0.6782195214653817 0.05748434316583988 0.008444220559217973 0 0.5781524834858534
6.799994444444445 0 0.11013397402023305 0.6723552982046496 0.056800738552902116 0.008610891392655475 0 0.5719464579186524
6.816658333333334 0 0.10849521577973145 0.6670014494781403 0.056203012391367164 0.008636445982114155 0 0.568572089241082
6.833272222222222 0 0.10691363886758572 0.6657452589468437 0.056122780112014235 0.008780386748482725 0 0.5656754093725012
6.84995 0 0.10046978963769489 0.6510806130431773 0.054761124010438214 0.00911656243518345 0 0.5513412880372779
6.866647222222222 0 0.09872522634876284 0.6490156015693023 0.05465504633086249 0.009271080442559441 0 0.5475857795294046
6.883327777777778 0 0.09402894600499888 0.6348094227994413 0.053405186063309754 0.009455571342642495 0 0.536765142330837
6.899947222222222 0 0.09265419614032294 0.6289038341472161 0.05286310774291997 0.00946727024292322 0 0.5333003782977501
6.916625 0 0.08948683561185283 0.6200689369469431 0.0521963236527786 0.009633990283158322 0 0.5257992093957583
6.9332722222222225 0 0.08436786057054889 0.6075209716224463 0.05120177707650979 0.009964044483070955 0 0.5137139946160724
6.949955555555555 0 0.08298478088906448 0.6013961073631113 0.050529120896212774 0.009967416705945068 0 0.5106274045815227
6.966633333333333 0 0.07948372927689508 0.5913929577063858 0.04952881384238714 0.009967416705945068 0 0.5029582299940578
6.983236111111111 0 0.07730841920885566 0.5874160199627474 0.049187614443319934 0.009966871799171724 0 0.4983407227145761
6.999983333333334 0 0.0702486731108425 0.5655644545776357 0.047170545613610226 0.009630693413552051 0 0.48321273997687936
7.016666666666667 0 0.06697306518387128 0.5544787091531804 0.046133247625740684 0.009458292996343041 0 0.4760516673636148
7.033330555555556 0 0.06587514608249634 0.5481025021872378 0.0455465653739157 0.009303239012796434 0 0.4735051570494068
7.049966666666666 0 0.06270765322811014 0.5363539886784662 0.04455216494970519 0.009136528862565583 0 0.4668517156823541
7.066594444444444 0 0.06053255095919412 0.5307174447308054 0.04410830057119895 0.009119318563465295 0 0.4625990872202372
7.083225 0 0.057481677646708425 0.5185046075939796 0.042752356876760864 0.008949825601660537 0 0.45618894353632794
7.099955555555556 0 0.05353832651537629 0.500402343391505 0.040717708101990276 0.008636383341009862 0 0.4481358600418816
7.116641666666666 0 0.048328833621734214 0.48219262098324484 0.03868442619899455 0.008441334266939748 0 0.4380255779441017
7.133275 0 0.04753655766072218 0.4765577361317181 0.038050255277699556 0.008302951737973524 0 0.43614129259682566
7.149897222222222 0 0.04561708411959446 0.47026368018101306 0.03732855144792468 0.008271849923056015 0 0.43256331613154725
7.16665 0 0.042201599238927676 0.4534375911369524 0.03554950505614767 0.007969516836611366 0 0.4255919177921907
7.18325 0 0.040362600708494636 0.4470966577588766 0.03495556283213418 0.007932851549371655 0 0.4221767012153668
7.199972222222223 0 0.035489378865070344 0.4244523810580709 0.0326022903366592 0.007596669764303799 0 0.4125064508653338
7.216569444444445 0 0.03490758576892165 0.419796146061402 0.032067826560648396 0.00747213419439718 0 0.41118514273310447
7.233327777777777 0 0.031082175913374435 0.40308007603410184 0.030229181054976784 0.007257654152634881 0 0.4038106175977298
7.249988888888889 0 0.02904827186279802 0.3928128374657101 0.029042737025473876 0.007088162148420179 0 0.39970562278410765
7.26665 0 0.027612018540090825 0.3870224657261781 0.028307697860547158 0.0070329734977731834 0 0.39718796377300053
7.283311111083333 0 0.02670670645680916 0.37890847344719353 0.027379576619217742 0.006802384202764226 0 0.39468852603616256
7.299991666666667 0 0.025039562570204954 0.3694139045834326 0.02637929028725522 0.0066356698141038055 0 0.39107290033009656
7.316633333333334 0 0.023761963782957918 0.3637063291825699 0.02580199022732587 0.0065767718279971564 0 0.3887771728858292
7.333275 0 0.020569775058350354 0.34534417319426475 0.02378497891719741 0.006240603276309081 0 0.3821300572813255
7.349925 0 0.020232565631164285 0.3419526642923923 0.02339506123003024 0.006138298304566308 0 0.38116199574808135
7.366661111111111 0 0.017834427355688638 0.32728444975476595 0.02173346814020113 0.005898684813476366 0 0.37594571859083226
7.383269444444444 0 0.017834427355688638 0.32728444975476595 0.02173346814020113 0.005898684813476366 0 0.37594571859083226
7.3999083333055555 0 0.016647926347162778 0.3187668825208522 0.020716467275750397 0.005729184669401244 0 0.37319563848886067
7.416569444444445 0 0.015481168932697206 0.3105040493893861 0.01971638949192277 0.005562505038763305 0 0.3704567270698237
7.433233333333333 0 0.014314398553107911 0.30235596488096833 0.01888298207793042 0.005395823555964834 0 0.3680440320517262
7.449888888888889 0 0.013297383323304846 0.2944404055540002 0.018035469386427864 0.005226321017664323 0 0.36570113018596956
7.466555555555556 0 0.012297308317679423 0.2867728200899068 0.01720207354840668 0.005059641850060086 0 0.36317937729807104
7.483327777777777 0 0.010280221334701821 0.2722696434621711 0.015521167729258677 0.004723460686230486 0 0.35851763801719344
7.499930555555555 0 0.010111693116100152 0.2704292012203504 0.015266722356647878 0.004646026904489003 0 0.35788628876153816
7.516583333333333 0 0.009432742161502503 0.2656140836688303 0.01467368855605936 0.0045539648515906216 0 0.3560542518474634
7.533322222222222 0 0.00873072722461139 0.2606352061408637 0.014060503219075992 0.0044587723119969775 0 0.35433204237127297
7.549916666666666 0 0.008019180854860915 0.25564607894723157 0.013440849538885252 0.00436323246678955 0 0.3525101149403418
7.566638888888889 0 0.006864797259214579 0.24568894954524545 0.012480096967668369 0.004158866469773479 0 0.3490725655453635
7.583288888888889 0 0.006249991477941322 0.2407258628247434 0.011967387544730639 0.004049577154545524 0 0.3470986113492975
7.599922222222222 0 0.006249991477941322 0.2407258628247434 0.011967387544730639 0.004049577154545524 0 0.3470986113492975
7.6165972222222225 0 0.005810147182775373 0.23573880624580637 0.01144822599514164 0.003939374364710548 0 0.3453777851993233
7.633266666638889 0 0.005344116613336724 0.2309762124427389 0.010896688941892147 0.00382181685358544 0 0.34345139269381963
7.649952777777778 0 0.004367187390210106 0.22124947909931578 0.009742006845335488 0.0035761912164310725 0 0.3399168687152663
7.666619444444445 0 0.004367187390210106 0.22124947909931578 0.009742006845335488 0.0035761912164310725 0 0.3399168687152663
7.683258333333334 0 0.003722171380482482 0.2115524368636071 0.008700646240046963 0.0033105239267234247 0 0.3367099305151911
7.699955555555555 0 0.003722171380482482 0.2115524368636071 0.008700646240046963 0.0033105239267234247 0 0.3367099305151911
7.716569444444445 0 0.003375972242782442 0.2070611474276037 0.008246293141191142 0.0031676209878001168 0 0.3352498332383891
7.733258333333334 0 0.003022231696122142 0.2023169542745728 0.007783391571775537 0.0030222323073722844 0 0.3336586286757115
7.749927777777778 0 0.0026457705873580563 0.19787191297651133 0.007289353039664029 0.0028668521108013555 0 0.3325110029667893
7.766663888888889 0 0.0022997782057189073 0.18961866617692397 0.00622192322554613 0.0025309088893187203 0 0.3301425881939759
7.78325 0 0.0022997782057189073 0.18961866617692397 0.00622192322554613 0.0025309088893187203 0 0.3301425881939759
7.799969444444445 0 0.002120684544911143 0.18542305822855584 0.0056688884898295705 0.0023571903606876957 0 0.32898240155715663
7.816663888888889 0 0.0017321820506169257 0.17725395067598304 0.004961518593924429 0.0019802247354557497 0 0.32707619629608825
7.8332194444444445 0 0.0017321820506169257 0.17725395067598304 0.004961518593924429 0.0019802247354557497 0 0.32707619629608825
7.849911111111111 0 0.0015212327944315823 0.17380343141190885 0.004577048943871012 0.0017754765463913768 0 0.3266084717501644
7.866586111111111 0 0.0013038185352115474 0.1703109025756911 0.004181568716584996 0.001564581357734414 0 0.3262647601864138
7.883308333333333 0 0.000824551038532641 0.1641240604302908 0.0033081111095062173 0.0010994091487594466 0 0.3257591354189522
7.899916666666667 0 0.0005649773379428065 0.16105615891408498 0.002835047292561025 0.0008474703956759123 0 0.3257687076163526
7.916627777777777 0 0.0002905503346171355 0.15810296391697673 0.002334910217814701 0.0005811146225711875 0 0.32577817016142213
7.933263888888889 0 0 0.15527565277365274 0.002104488115056324 0.000299110296423289 0 0.3260879071350054
7.949983333333333 0 0 0.15289296795458124 0.001860086237379498 0 0 0.32610778303277715
7.966569444444445 0 0 0.15067946627785553 0.0016004227084200522 0 0 0.326447123312347
7.98325 0 0 0.15067946627785553 0.0016004227084200522 0 0 0.326447123312347
7.999922222222223 0 0 0.14897868710667517 0.0013239788916199866 0 0 0.32680749464803915
