# SectorTime OrderThroughputAgeAverage
0 311.1790322580645
0.016591666666666668 311.1790322580645
0.033325 330.1033333333334
0.049994444444444446 330.1033333333334
0.06658888888888889 338.2644117647059
0.08332777777777778 354.63583333333344
0.09998611111111111 362.0751351351352
0.11665555555555555 369.37000000000006
0.13329166666666667 369.37000000000006
0.14999722222222223 385.06875
0.16655277777777777 385.06875
0.18333333333333332 400.42642857142863
0.19993611111111112 400.42642857142863
0.21664166666666668 416.7325000000001
0.23330277777777778 424.84733333333344
0.24999722222222223 432.5145652173914
0.26666666666666666 439.9046808510639
0.2833 446.87791666666675
0.29990555555555554 446.87791666666675
0.31659166666666666 451.7818367346939
0.3333138888888889 462.24313725490197
0.34996666666666665 462.24313725490197
0.3665833333333333 467.2011538461539
0.38332222222222223 475.1614814814816
0.3999916666666667 480.003090909091
0.41665555555555556 486.91428571428577
0.43330277777777776 486.91428571428577
0.44997777777777775 505.9575862068966
0.46663055552777777 505.9575862068966
0.4832194444444444 516.4516949152543
0.49995833333333334 528.7011666666668
0.51665 559.2494915254238
0.5332444444444444 572.632
0.5499972222222222 605.7078333333334
0.5666583333333334 617.2568333333334
0.5832972222222222 607.1378688524591
0.59992777775 614.3215
0.616625 601.1208196721312
0.6333249999722222 604.2393333333333
0.6499916666388889 594.3337704918033
0.6666583333055556 596.9526666666667
0.6832805555555556 596.9526666666667
0.6999972221944445 588.4638333333334
0.7165527777777778 588.4638333333334
0.7332472222222223 583.6476666666666
0.7499833333333333 578.7488333333333
0.7666416666666667 573.8896666666667
0.7832944444444444 559.5611475409837
0.7999527777777777 567.4686440677965
0.8166472222222222 561.2676271186441
0.8333 551.9131666666667
0.85 538.6723333333333
0.8666583333055555 531.4938333333333
0.8832333333333333 531.4938333333333
0.8999194444444445 524.3326666666668
0.9166555555555556 508.0249180327869
0.9333194444444445 508.4028813559322
0.9498972222222222 499.9295
0.9666611111111111 482.52083333333337
0.983325 481.21389830508474
0.9999833333333333 463.70883333333325
1.0166583333333334 453.3086666666667
1.033311111111111 442.92783333333335
1.0499333333333334 442.92783333333335
1.0665638888888889 432.8015
1.08325 422.75249999999994
1.0999833333333333 401.205
1.1165611111111111 401.205
1.1333027777777778 384.147868852459
1.1499416666666666 372.88868852459024
1.1666555555555556 361.7431147540983
1.183325 344.1861666666667
1.1999583333333332 344.1861666666667
1.2166388888888888 318.8808333333334
1.2333305555555556 305.8491666666667
1.249986111111111 292.89016666666674
1.2666583333333334 279.8926666666667
1.2832694444444444 279.8926666666667
1.299975 255.5295
1.3166555555555555 243.64916666666664
1.3333111111111111 231.578
1.3499305555555556 231.578
1.3666361111111112 219.57699999999997
1.383325 196.83933333333334
1.3999666666666666 187.60864406779658
1.4166 181.45754098360652
1.43332777775 152.84333333333333
1.4499444444444445 135.3923333333333
1.4666444444444444 133.1727868852459
1.483325 95.7835
1.4999805555555557 95.7835
1.5166277777777777 73.639
1.5332305555555557 50.93566666666666
1.5499888888888889 13.99
1.5666305555555555 0
1.583325 0
1.5999027777777777 0
1.6165972222222222 0
1.6332305555555555 0
1.6498861111111112 0
1.666625 0
1.683286111111111 0
1.699961111111111 0
1.7166305555555557 0
1.7333305555555556 0
1.7499722222222223 0
1.7666416666666667 0
1.7833027777777777 0
1.7999277777777778 0
1.8165555555555555 0
1.8332694444444444 0
1.8499694444444446 0
1.8666444444444446 0
1.8832638888888888 0
1.8999972222222221 0
1.916588888888889 0
1.933325 0
1.9499 0
1.9666166666666667 0
1.9832833333333333 0
2 0
2.0166333333333335 0
2.033313888888889 0
2.049988888888889 0
2.066638888888889 0
2.0833305555555555 0
2.0999333333333334 0
2.1165583333333333 0
2.1332666666666666 0
2.1499333333333333 0
2.166611111111111 0
2.1833027777777776 0
2.1999444444444443 0
2.2166083333333333 0
2.2332833333333335 0
2.2499277777777777 0
2.2665694444444444 0
2.2832444444444446 0
2.299913888888889 0
2.3166611111111113 0
2.333283333333333 0
2.3499333333333334 0
2.366561111111111 0
2.383227777777778 0
2.3999277777777777 0
2.416663888888889 0
2.433236111111111 0
2.4499583333333335 0
2.4666083333333333 0
2.483236111111111 0
2.499919444416667 0
2.51665 0
2.5332944444444445 0
2.5499833333333335 0
2.566647222222222 0.8438333333333333
2.58325 0.8438333333333333
2.599972222222222 5.192333333333333
2.6166638888888887 8.403333333333332
2.6333305555555557 12.260166666666665
2.649958333333333 16.682499999999997
2.666638888888889 21.456
2.6832833333333332 21.456
2.6999944444444446 27.08423728813559
2.7166361111111113 38.0335
2.733299999972222 44.120999999999995
2.7499972222222224 50.62366666666666
2.766661111111111 57.63149999999999
2.7833055555555557 58.60830508474575
2.7999638888888887 65.81423728813559
2.8165833333333334 72.04533333333332
2.833327777777778 88.44083333333333
2.8499444444444446 96.86516666666667
2.866563888861111 98.50694915254238
2.883311111111111 107.50322033898304
2.8999805555555556 123.49733333333332
2.9166166666666666 123.49733333333332
2.9332861111111113 142.46149999999997
2.9499833333333334 152.1135
2.9666638888888888 162.17716666666666
2.9832972222222223 172.52716666666666
2.9999666666388887 175.45135593220337
3.0166666666666666 194.22783333333334
3.03325 194.22783333333334
3.0499944444444442 216.355
3.066647222222222 224.22426229508193
3.0832777777777776 231.8250847457627
3.099913888888889 240.1128333333333
3.1166638888888887 260.7244262295082
3.1333166666666665 274.3295081967213
3.1499305555555557 278.90166666666664
3.1665555555555556 291.39966666666663
3.1833055555555556 317.57516666666663
3.199997222222222 330.08399999999995
3.216552777777778 330.08399999999995
3.2332916666666667 349.3318032786884
3.2499444444444445 355.1539999999999
3.2666555555277776 367.95066666666656
3.283325 393.8804999999999
3.299977777777778 400.556440677966
3.316602777777778 413.5016949152542
3.333327777777778 424.8240983606557
3.349938888888889 438.6391803278688
3.3666222222222224 453.5083050847457
3.3833277777777777 479.87666666666667
3.3999 479.87666666666667
3.416655555527778 508.8481355932203
3.4332194444444446 523.0763333333333
3.4499472222222223 550.4045
3.466655555527778 596.0468852459015
3.4832555555555555 605.9809999999999
3.4999694444444445 660.3683333333332
3.51665 689.9837704918032
3.5333222221944443 701.4834999999999
3.5499916666666667 701.4834999999999
3.56655 701.4834999999999
3.583302777777778 710.735254237288
3.599988888861111 708.0927118644065
3.616661111111111 684.8765573770489
3.6333055555555553 693.0801666666664
3.649938888888889 684.8009999999997
3.666625 691.5533898305084
3.683288888888889 680.0274999999999
3.699936111111111 674.8506666666666
3.7165555555555554 674.694915254237
3.73325 652.5737704918031
3.7499694444444445 650.8598333333333
3.766661111111111 643.852
3.7832805555555558 643.852
3.7999833333333335 640.1066101694914
3.8166527777777777 621.5436666666666
3.8332333333333333 621.5436666666666
3.8499083333333335 613.0426666666666
3.8666444444444443 595.7720000000002
3.883322222222222 586.0052459016395
3.899947222222222 577.9861666666667
3.916661111111111 568.5760000000001
3.9332555555555557 568.4969491525425
3.949975 549.3700000000001
3.9666555555555556 540.3639344262295
3.983327777777778 528.9563333333333
3.9999333333333333 528.9563333333333
4.016647222222222 509.44180327868855
4.033313888888889 498.94
4.049994444444445 485.1285
4.066591666666667 481.5479661016949
4.0833055555555555 469.1905084745763
4.0999944444444445 449.4778333333333
4.116588888888889 442.10934426229505
4.133327777777778 422.58183333333335
4.149911111111111 422.58183333333335
4.166661111111111 397.2368333333333
4.1833277777777775 390.41525423728814
4.199958333333333 371.39950000000005
4.216652777777778 365.2377966101695
4.233216666666666 359.15049999999997
4.249891666666667 346.3295
4.266644444444444 333.5328333333334
4.283313888888889 312.8166101694915
4.299991666666667 299.8713559322034
4.3165611111111115 294.8735
4.333241666666667 274.1481355932204
4.349947222222222 255.53366666666668
4.366575 251.34459016393444
4.383288888888889 239.95483333333334
4.399905555555556 221.60683333333333
4.416633333333333 201.11616666666666
4.433277777777778 151.079
4.449922222222222 151.079
4.466638888888889 122.56131147540984
4.483269444444445 93.93688524590164
4.4999666666666664 41.11516666666667
4.516611111111111 40.44114754098361
4.533255555555556 0
4.549927777777778 0
4.566605555555555 0
4.583308333333333 0
4.599961111111111 0
4.616574999972222 0
4.633311111083334 0
4.649986111111111 0
4.666655555555556 0
4.683330555555556 0
4.699905555555556 0
4.716658333333333 0
4.733313888888889 0
4.749997222222222 0
4.766647222222222 0
4.783322222222222 0
4.799994444444445 0
4.816599999972222 0
4.833302777777778 0
4.849913888888889 0
4.8665722222222225 0
4.883311111083334 0
4.899916666666667 0
4.916655555555556 0
4.933263888888889 0
4.949991666666667 0
4.9666194444444445 0
4.983244444444445 0
4.9999416666666665 0
5.016566666666667 0
5.0333194444444445 0
5.049905555555555 0
5.066566666666667 0
5.083311111083333 0
5.099894444444445 0
5.1166583333333335 0
5.1333166666666665 0
5.149972222222222 0
5.166647222222222 0
5.183330555555556 0
5.199986111111111 0
5.216644444416667 0
5.2333083333333335 0
5.249908333305555 0
5.2666305555555555 0
5.2833194444444445 0
5.2998916666666664 0
5.316625 0
5.333263888888889 0
5.349972222222222 0
5.366644444416667 0
5.383286111111111 0
5.399969444444444 0
5.416588888888889 0
5.433255555555555 0
5.449988888888889 0
5.466652777777778 0
5.483311111083333 0
5.499936111111111 0
5.516588888888889 0
5.533333333333333 1.1606666666666667
5.549944444444445 1.1803389830508475
5.566661111111111 5.754333333333333
5.583269444444444 8.930655737704917
5.599980555555556 12.820666666666666
5.616625 12.820666666666666
5.633244444444444 17.146166666666666
5.649991666666667 26.68066666666667
5.666616666666667 26.68066666666667
5.683311111083333 36.972131147540985
5.699891666666667 37.58833333333334
5.716586111111111 43.57383333333334
5.733327777777777 51.12406779661017
5.749952777777778 57.98694915254237
5.7666444444166665 71.8325
5.7832944444444445 78.51868852459016
5.799994444444445 87.57216666666665
5.816655555555555 89.05644067796608
5.833325 97.544406779661
5.849991666666667 114.27899999999998
5.866661111111111 124.51233333333332
5.883325 135.4765
5.899969444444444 135.4765
5.916561111111111 146.63366666666664
5.9333277777777775 170.24183333333332
5.949916666666667 170.24183333333332
5.966644444416667 191.35672131147538
5.983305555555556 203.41737704918032
5.999952777777778 219.79316666666665
6.016616666666667 223.51847457627116
6.033241666638889 232.3433333333333
6.049980555555556 249.48779661016948
6.066599999972222 258.45216666666664
6.083269444444444 271.09933333333333
6.099955555555556 284.27166666666665
6.116638888888889 312.16783333333325
6.1332611111111115 317.458813559322
6.1499 326.57816666666656
6.166658333333333 347.11016949152537
6.183311111083333 364.6611475409835
6.199994444444444 386.1863333333332
6.216647222222222 392.73186440677955
6.233330555555556 415.10949999999985
6.249997222222222 429.11016666666654
6.266599999972223 429.11016666666654
6.283272222222222 443.6303333333332
6.299986111111111 458.2514999999999
6.316663888888889 489.20616666666655
6.3333305555555555 504.62116666666657
6.349941666666667 504.62116666666657
6.366630555555555 519.7936666666666
6.383294444444444 535.1889999999999
6.399986111111111 571.7161666666665
6.416658333333333 593.1534999999998
6.43325 593.1534999999998
6.449963888888889 642.1124999999997
6.466641666666667 658.1150819672129
6.483272222222222 687.9785245901636
6.499938888888889 699.444833333333
6.516622222222222 741.6635593220335
6.533330555555556 798.5823333333329
6.549988888888889 831.4146666666662
6.566655555555555 859.003333333333
6.583333333333333 855.6781666666664
6.599975 851.9369999999998
6.616638888888889 851.9369999999998
6.633305555555555 843.0669999999997
6.649997222222222 838.0769999999998
6.6666638888888885 832.7543333333331
6.6833 819.1026229508195
6.699969444444444 827.1693333333333
6.716658333333333 814.4856666666667
6.733230555555555 814.4856666666667
6.7499472222222225 807.7371666666666
6.766608333333333 806.3645762711864
6.783330555555556 784.9303333333332
6.799994444444445 777.1854999999998
6.816658333333334 764.4447540983605
6.833272222222222 768.8389999999998
6.84995 750.4786666666665
6.866647222222222 752.7918644067797
6.883327777777778 729.2811666666665
6.899947222222222 717.325737704918
6.916625 706.351475409836
6.9332722222222225 694.5158333333333
6.949955555555555 683.1303278688524
6.966633333333333 671.6918032786884
6.983236111111111 670.2116666666667
6.999983333333334 644.9645
7.016666666666667 632.4143333333334
7.033330555555556 622.0468852459016
7.049966666666666 609.2734426229508
7.066594444444444 606.3055
7.083225 593.6583333333333
7.099955555555556 570.9698360655739
7.116641666666666 552.5898333333332
7.133275 543.5309836065572
7.149897222222222 538.1795
7.16665 514.8518032786884
7.18325 508.7883333333333
7.199972222222223 478.57133333333337
7.216569444444445 470.72590163934433
7.233327777777777 449.6481666666667
7.249988888888889 435.64750000000004
7.26665 428.26508474576275
7.283311111083333 414.2236065573771
7.299991666666667 399.84213114754095
7.316633333333334 391.25083333333333
7.333275 360.1365
7.349925 354.2326229508197
7.366661111111111 329.56866666666673
7.383269444444444 329.56866666666673
7.3999083333055555 312.1365
7.416569444444445 293.04150000000004
7.433233333333333 271.6041666666667
7.449888888888889 248.20666666666665
7.466555555555556 222.64516666666665
7.483327777777777 165.31283333333332
7.499930555555555 162.60278688524588
7.516583333333333 135.3655
7.533322222222222 103.49118644067796
7.549916666666666 67.25655172413794
7.566638888888889 0
7.583288888888889 0
7.599922222222222 0
7.6165972222222225 0
7.633266666638889 0
7.649952777777778 0
7.666619444444445 0
7.683258333333334 0
7.699955555555555 0
7.716569444444445 0
7.733258333333334 0
7.749927777777778 0
7.766663888888889 0
7.78325 0
7.799969444444445 0
7.816663888888889 0
7.8332194444444445 0
7.849911111111111 0
7.866586111111111 0
7.883308333333333 0
7.899916666666667 0
7.916627777777777 0
7.933263888888889 0
7.949983333333333 0
7.966569444444445 0
7.98325 0
7.999922222222223 0
