# SectorTime BundleThroughputTimeAvg
0.24983611111111112 657.3399397590363
0.25264444444444445 664.6145508982037
0.25542777777777775 671.8623214285716
0.25821666666666665 679.1155621301776
0.2609972222222222 686.3432352941179
0.2637777777777778 693.5449707602342
0.26789722222222223 700.7212209302328
0.27068888888888887 707.8726011560695
0.27347777777777776 714.9994827586208
0.27625833333333333 719.4342857142859
0.27905 723.8760227272728
0.2818388888888889 728.3242937853108
0.2861722222222222 732.7790449438204
0.2889611111111111 737.2401117318437
0.2917527777777778 741.7074444444446
0.2945388888888889 747.2824309392266
0.29733055555555554 752.8526373626374
0.30011944444444444 758.4167213114755
0.30435 763.9746739130435
0.307175 769.5268648648648
0.30996666666666667 775.0733333333334
0.31275555555555556 782.1201604278075
0.31554444444444446 789.1464893617022
0.3183361111111111 796.1516402116403
0.3224444444444444 803.1356842105263
0.32526666666666665 810.0991623036649
0.32805833333333334 817.0424479166667
0.3308388888888889 815.0678238341969
0.33363055555555554 813.1661340206186
0.33641944441666666 811.3352820512821
0.3404111111111111 809.5743367346939
0.34329166666666666 807.8821319796954
0.34608055555555556 806.2575757575758
0.34886944444444445 804.3976884422111
0.35165 802.6067000000002
0.3544361111111111 800.8833830845773
0.35851666666666665 799.2268316831685
0.36136944444444447 797.6360591133006
0.36415 796.1099509803922
0.36694166666666667 794.3509756097561
0.36972222222222223 792.6578155339806
0.3725111111111111 791.0295169082126
0.37674722222222223 789.465
0.3795861111111111 787.9634928229665
0.38237777777777776 786.5240952380952
0.3851611111111111 784.8536018957345
0.38795277777777776 783.2472641509434
0.39074166666666665 781.7030985915492
0.3947805555555556 780.2202803738317
0.3975944444444444 778.7978139534883
0.400375 777.435
0.4031638888888889 775.8548847926266
0.40595555555555557 774.3353211009173
0.40873611111111113 772.8755251141552
0.41279166666666667 771.4745909090909
0.4156361111111111 770.1317647058823
0.418425 768.8462612612612
0.4212166666666667 767.3512107623319
0.4240055555555556 765.9143750000001
0.4267972222222222 764.5349333333334
0.43125555555555556 763.2121238938054
0.4340472222222222 761.9451982378855
0.436825 760.7334649122807
0.4396055555555556 759.3141484716157
0.44239444441666664 757.9513478260869
0.4451861111111111 756.6438095238095
0.4494916666666667 755.3908620689655
0.45229444444444444 754.1917596566524
0.45508333333333334 753.0458547008546
0.457875 751.6990212765957
0.46065833330555556 750.406906779661
0.46344722222222223 749.1679746835443
0.4676694444166667 747.981512605042
0.47044722219444446 746.8469874476987
0.47323611111111114 745.7637916666666
0.47602777777777777 744.4839419087137
0.47881666666666667 743.2571487603307
0.48159722222222223 742.0818106995885
0.4855583333333333 740.9572540983606
0.48836111111111113 739.8828979591837
0.49115277777777777 738.8580894308943
0.49394166666666667 737.6381376518218
0.49673333333333336 736.46875
0.4995222222222222 735.3491164658634
0.5037138888888889 734.2784399999999
0.5065055555555555 733.2563346613546
0.5092944444444445 732.2821825396825
0.5120777777777777 731.1211857707509
0.5148666666666667 730.008779527559
0.5176583333333333 728.9444705882352
0.5218277777777778 727.9277343749999
0.5246361111111111 726.957859922179
0.527425 726.034418604651
0.5302055555555556 724.9225096525095
0.5329944444444444 723.8588846153845
0.5357861111111111 722.841877394636
0.5399472222222222 721.8709541984732
0.5427416666666667 720.9456273764258
0.5455333333333333 720.0653409090908
0.5483166666666667 719.0021509433961
0.5511055555555555 717.9847368421051
0.5538972222222223 717.0125468164794
0.558175 716.0851119402984
0.5609972222222223 715.2018959107805
0.563775 714.3624444444442
0.5665638888888889 713.3398523985238
0.5693555555555555 712.3630147058822
0.5721444444166667 711.4301098901097
0.5763916666666666 710.5406934306568
0.5792027777777777 709.6942545454543
0.5819888888888889 708.8903260869563
0.584775 707.9085198555955
0.5875555555555556 706.9698201438847
0.5903472222222222 706.0738709677418
0.5946055555555556 705.2200714285713
0.5973972222222222 704.4080782918148
0.6001861111111111 703.6374822695034
0.602975 702.6934982332153
0.6057583333333333 701.7918309859153
0.60855 700.9317543859647
0.6128833333333333 700.1127972027971
0.6156722222222222 699.3345644599302
0.6184527777777777 698.596597222222
0.6212416666388889 697.6882352941175
0.6240222222222223 696.8213103448273
0.6268083333333333 695.9948797250856
0.6308083333333333 695.2084931506846
0.6336361111111111 694.4617406143342
0.6364222222222222 693.75425170068
0.6392111111111111 697.0483389830506
0.6420027777777778 700.3541216216214
0.6447861111111111 703.6714478114476
0.6487472221944445 707.0002348993286
0.6516222222222222 710.3403010033442
0.6544111111111112 709.6085333333331
0.6572027777777778 708.9150166112953
0.6599916666388889 708.259337748344
0.6627833333333333 707.6411221122108
0.6668444444444445 707.0600328947364
0.6696305555555555 706.5156721311472
0.6724194444444445 705.8114052287578
0.6752111111111111 705.145211726384
0.678 704.5159740259737
0.6807805555555556 703.9231715210352
0.6848583333055556 703.366580645161
0.6877305555555555 702.8458842443727
0.6905194444444445 702.1634935897432
0.6933111111111111 701.518434504792
0.6961 700.9094585987258
0.6988833333333333 700.3362539682537
0.7029444444444445 699.7984493670883
0.7058277777777778 699.2957097791796
0.7086055555555556 698.6367924528299
0.7113972222222222 698.014200626959
0.7141833333333333 697.4268749999998
0.716975 696.8745171339561
0.7209611111111112 696.3567701863351
0.7238055555555556 695.8733126934982
0.7265944444166667 695.2374074074072
0.7293777777777778 694.6362461538458
0.7321666666666666 694.069570552147
0.7349583333333334 693.537094801223
0.7392055555555556 692.5734042553189
0.7420638888888889 692.5734042553189
0.74485277775 691.9566969696967
0.7476444444444444 691.3745619335344
0.7504333333333333 692.7016314199393
0.753225 694.0284894259815
0.7575055555555555 694.8858132530116
0.7603277777777778 696.6823867069484
0.7631111111111111 697.8288519637459
0.7658944444166667 698.9759516616311
0.7686861111111111 700.1085800604227
0.771475 701.2412084592141
0.7755722222222222 701.8850602409635
0.778375 703.5065558912383
0.7811638888888889 704.4573111782474
0.7839555555277777 705.4079758308154
0.7867444444444445 706.3418731117822
0.7895361111111111 707.275770392749
0.7935166666666666 707.703253012048
0.7963722222222223 709.1435045317219
0.7991555555555555 709.8968277945618
0.8019333333333334 710.6512386706946
0.8047222222222222 711.3899697885195
0.8075138888888889 712.1283081570996
0.8117222222222222 712.3487349397589
0.8145638888888889 713.6048942598186
0.8173555555555555 714.1586102719032
0.8201333333333334 714.7131419939576
0.822925 715.2533534743201
0.8257138888888889 715.7931722054379
0.8297111111111111 716.3329607250754
0.8325444444444444 716.8728096676737
0.8353277777777778 717.2308459214499
0.8381166666388888 717.589425981873
0.8408999999722222 717.9349546827793
0.84367777775 718.2794864048337
0.8477555555555556 718.6240483383684
0.85055 718.9686102719031
0.8533333333333334 719.130936555891
0.8561222222222222 719.2942296072505
0.8589138888888889 719.4434441087611
0.8616916666666666 719.5919637462234
0.8658416666666666 719.7405740181266
0.8686333333333334 719.88918429003
0.8714222222222222 719.8564652567973
0.8742027777777778 719.824018126888
0.8769916666666666 720.4131419939574
0.8797805555555556 721.0016616314198
0.8836916666666667 721.5902114803623
0.8865416666666667 722.1787915407853
0.8893277777777778 722.5869486404832
0.8921166666666667 722.995347432024
0.8948972222222222 722.7529003021147
0.8976861111111111 722.5101510574016
0.9018861111111112 722.2675528700904
0.904675 722.0249244712988
0.9074666666666666 721.5987915407852
0.91025 721.1728398791539
0.9130416666666666 720.7331117824771
0.9158305555277778 720.2927492447128
0.920125 719.8524169184288
0.9229166666666667 719.4119637462234
0.9257055555555556 718.7878851963744
0.9284944444444444 718.1638368580058
0.9312833333333334 718.5537462235648
0.934075 718.943685800604
0.9383999999722222 718.7957530120481
0.9412194444444445 719.7239274924469
0.9440111111111111 719.9298187311177
0.9468 720.1357703927491
0.9495916666666666 720.5212386706946
0.9523805555555556 720.906586102719
0.9566 720.7459036144577
0.9594388888888888 721.6772809667673
0.9622222222222222 721.8818429003019
0.9650027777777778 722.0866465256796
0.9677944444444444 721.0477039274923
0.9705833333333334 720.0087915407853
0.9748222222222223 718.4322289156623
0.9776805555555556 717.9309969788517
0.9804694444444444 716.7092145015104
0.9832583333333333 715.4882477341388
0.98605 715.8774924471297
0.9888388888888889 716.2665558912385
0.9929722222222223 716.1248192771084
0.9957777777777778 717.0447432024167
0.9985694444444444 717.2501208459214
1.0013472222222222 717.4562839879153
1.004138888888889 717.8430211480362
1.0069277777777779 718.229758308157
1.0111611111111112 718.0788855421686
1.0139416666666667 719.0033232628398
1.0167333333333333 719.2071299093654
1.0195222222222222 719.4109667673715
1.0223027777777778 719.7960120845921
1.0250944444444445 720.18084592145
1.0291583333333334 720.0212650602408
1.0320277777777778 720.950604229607
1.0348166666666667 721.1520845921449
1.0376083333333332 721.3538670694862
1.0403972222222222 721.7408761329303
1.0431861111111111 722.1278247734136
1.047475 721.9632831325298
1.0502638888888889 722.9017824773412
1.0530555555555556 723.106435045317
1.0558444444444444 723.3117824773411
1.0586361111111111 723.6993957703925
1.061425 724.0866767371599
1.0654777777777777 723.9171385542165
1.0683666666666667 724.8615105740178
1.0711583333333334 725.0672809667672
1.0739472222222222 725.2735347432022
1.0767361111111111 725.6613897280964
1.0795277777777779 726.0490030211479
1.0836055555555555 725.8745180722889
1.086386111111111 726.8241691842898
1.0891777777777778 727.031933534743
1.0919583333333334 727.2397885196372
1.0947472222222223 727.6264954682777
1.0975388888888888 728.013111782477
1.1017305555555557 727.8338554216865
1.1045444444444446 728.7863141993955
1.1073333333333333 728.9887613293049
1.110125 729.1923262839877
1.112913888888889 729.5764048338365
1.1157055555555555 729.9605135951659
1.119713888888889 729.7717469879516
1.1225472222222221 730.7287311178246
1.1253388888888889 730.9311782477339
1.1281277777777778 731.1340785498487
1.1309166666666666 728.3204833836855
1.1337083333333333 725.506525679758
1.1378666666666666 722.143222891566
1.1406555555555555 719.8783987915406
1.1434444444444445 716.8829003021146
1.146236111111111 713.8874622356494
1.1490222221944444 711.1216012084591
1.1530805555555557 707.8190662650601
1.1558722222222222 705.0907530120481
1.1586611111111111 702.8210574018126
1.16145 699.8725377643505
1.1642416666666666 696.9243504531722
1.1670305555555556 693.7200000000001
1.1712222222222222 690.0344277108435
1.1740777777777778 686.870030120482
1.1768666666666667 684.1070996978854
1.1796444444444445 680.720332326284
1.182436111111111 677.3341087613295
1.185225 677.6207250755289
1.189163888888889 677.4631325301207
1.1920277777777777 677.7782530120484
1.1948194444444444 678.4778851963748
1.1976083333333334 678.5809969788521
1.2003999999722221 678.6844410876134
1.203186111111111 675.0871299093657
1.2072138888888888 671.0645180722893
1.2100666666666666 667.5074096385543
1.2128555555555556 664.2924471299095
1.2156472222222223 660.5125075528703
1.218436111111111 656.7328096676738
1.221225 653.3786404833837
1.2252555555555555 649.6648192771086
1.2280388888611111 646.350451807229
1.23082777775 643.3145317220545
1.2336194444444444 639.7765558912388
1.2364083333333333 636.238580060423
1.2392 635.8592469879519
1.2431972222222223 627.9582831325301
1.2460305555555555 624.0074096385543
1.2488222222222223 620.2667673716013
1.251611111111111 616.0902416918431
1.2544027777777778 611.9146223564957
1.2571916666666667 611.6081024096387
1.2613777777777777 603.3097891566267
1.2642194444166666 599.160542168675
1.2670083333055555 595.1463444108763
1.2698 590.7716616314201
1.272588888888889 586.3969788519638
1.2753805555555555 586.1667771084338
1.2795472222222222 580.3168072289158
1.2823277777777777 577.3917771084338
1.2851194444444445 574.5401812688822
1.2879083333333334 571.393081570997
1.2907 568.2464350453173
1.2934777777777777 568.0705722891566
1.2976805555555555 560.6549698795181
1.3005666666666666 556.9468975903616
1.3033583333333334 553.2486102719033
1.3061472222222221 549.3168580060424
1.3089388888888889 545.3852870090634
1.3117166666666666 545.278313253012
1.3157361111111112 535.8023192771084
1.3186 531.0640060240966
1.3213916666666667 526.142560240964
1.3241805555555555 521.2213855421688
1.3269666666666666 516.3001807228917
1.3297555555555556 516.5516265060243
1.333788888888889 516.8025903614459
1.3366333333333333 517.0536746987954
1.3394222222222223 517.1215662650604
1.3422138888888888 517.190512048193
1.3450027777777778 517.2595180722894
1.3477944444444445 517.5096084337353
1.3518555555555556 517.7596686746991
1.3547277777777778 518.009789156627
1.3575166666666667 518.0777108433739
1.3603027777777779 518.1459337349403
1.3630944444444444 518.2142469879523
1.3658833333333333 518.4658132530126
1.3699694444444444 518.7173795180728
1.3727805555555554 518.968945783133
1.3755722222222222 519.0374096385547
1.3783583333333334 519.1062048192775
1.3811472222222223 519.1750000000004
1.3839388888888888 519.4296084337353
1.3881305555555556 519.6835542168678
1.3909416666666667 519.9375301204823
1.3937333333055555 520.0088855421691
1.3965222221944444 520.0806024096389
1.399313888888889 520.1523192771089
1.4021027777777777 520.4045481927715
1.4062083333333333 520.656777108434
1.4090055555555556 520.9089759036148
1.4117916666666666 520.9807831325304
1.4145805555555555 521.0529518072292
1.4173722222222223 521.1251506024099
1.4201527777777778 521.3760843373497
1.4241694444444444 521.6269879518075
1.4269583333333333 521.8779216867472
1.42975 521.9468975903616
1.4325388888888888 522.0158734939761
1.4353305555277778 522.0848493975905
1.4381194444166667 522.0744144144145
1.4422055555277777 522.5839156626507
1.4450027777777779 522.8332831325303
1.4477916666666666 522.9023493975906
1.4505833333333333 522.9714457831327
1.4533722222222223 523.040512048193
1.456163888861111 523.0284684684688
1.4603527777777778 523.5368975903617
1.4631694444444445 523.7849096385544
1.4659583333333333 523.8512650602411
1.4687416666666666 523.9187048192772
1.4715333333333334 523.9861144578315
1.4743222222222223 523.9720720720723
1.47832777775 524.4792771084338
1.4811833333333333 524.7254518072291
1.4839722222222222 524.7914759036147
1.486763888888889 524.8574397590364
1.4895527777777777 524.9234036144582
1.4923444444166667 524.9078078078081
1.4963333333333333 525.4184036144582
1.4991916666666667 525.6658132530123
1.5019833333333332 525.7321385542172
1.5047722222222222 525.7985542168678
1.5075638888611111 525.8650000000004
1.51035 525.8469969969973
1.5143694444166667 526.3549397590365
1.5171611111111112 526.5999698795184
1.51995 526.6631626506028
1.5227416666666667 526.7271987951809
1.5255305555555556 526.7912650602412
1.5283222222222221 526.7709309309312
1.5324083333333334 527.2842168674701
1.535225 527.5302710843375
1.5380055555555556 527.5945783132532
1.5407972222222222 527.6595481927714
1.543586111111111 527.7245481927713
1.5463777777777779 527.7018618618621
1.5504555555555555 528.217620481928
1.553311111111111 528.4641566265063
1.5561 528.5291265060245
1.5588916666666666 528.5941867469883
1.5616805555555555 528.6592469879521
1.5644722222222223 528.6338138138141
1.5685194444444444 529.1578915662653
1.5713555555555556 529.4066265060244
1.5741472222222221 529.4753313253016
1.576936111111111 529.5440361445785
1.5797194444444445 529.6127710843376
1.5825027777777778 529.6127710843376
1.5867944444444444 530.1172891566268
1.5895916666666667 530.3695783132534
1.5923805555555555 530.4386144578317
1.5951638888888888 530.5083433734944
1.5979527777777778 530.5780421686751
1.6007444444444445 530.5471471471475
1.6047527777777777 531.0825903614461
1.6076444444444444 531.3346987951811
1.6104361111111112 531.4069277108438
1.613225 531.4792168674702
1.6160055555555555 531.5515060240966
1.6187972222222222 531.5193693693697
1.6228944444444444 532.0616867469882
1.6257222222222223 532.3164457831327
1.628511111111111 532.3885240963858
1.63130277775 532.4606024096389
1.6340833333333333 532.5326807228919
1.6368722222222223 532.4962462462465
1.6409888888888888 525.6343975903619
1.6437805555555556 522.1852409638559
1.6465694444444445 518.5537048192776
1.649361111111111 514.922198795181
1.6521388888888888 514.9076276276279
1.6549305555555556 514.9956156156159
1.6589888888888888 515.0962048192774
1.6618083333333333 515.1542168674702
1.6645972222222223 515.0319578313256
1.6673888888888888 514.9100301204821
1.6701777777777778 514.8970870870872
1.6729694444166667 514.9860660660664
1.6770361111111112 515.085572289157
1.6798638888888888 515.1439759036148
1.6826527777777778 515.0207831325305
1.6854416666666667 514.8985542168678
1.6882333333333333 514.8865465465468
1.6910222222222222 514.9796396396399
1.6951166666666666 515.0862951807231
1.6979277777777777 515.1485843373496
1.7007166666666667 515.0291265060243
1.7035083333333334 514.9096987951809
1.7062972222222221 514.8973273273276
1.7090888888888889 514.9906306306308
1.713211111111111 515.098373493976
1.7160222222222221 515.1610240963857
1.718813888861111 515.0406927710845
1.7216027777777778 514.9210240963858
1.7243944444444443 514.907777777778
1.7271833333333333 515.0000300300302
1.7313444444444444 515.1079819277111
1.7341333333333333 515.1703313253014
1.736925 515.0504518072291
1.7397138888888888 514.9306024096388
1.7425055555555555 514.9166366366369
1.7452916666666667 515.0105105105108
1.749286111111111 515.121325301205
1.7521583333333333 515.1847590361448
1.7549472222222222 515.0664156626508
1.7577361111111112 514.9481024096388
1.7605277777777777 514.933843843844
1.7633166666388889 515.0255855855858
1.7673944444444445 515.1322590361448
1.7701833333333334 515.19343373494
1.772975 515.0737650602412
1.775763888888889 514.9541867469881
1.7785527777777779 514.9406606606608
1.7813444444444444 515.0324624624626
1.7853777777777777 515.1398795180723
1.7882111111111112 515.2018072289158
1.791 515.0803012048194
1.7937916666666667 514.9598493975903
1.7965805555277778 514.9453153153154
1.7993722222222222 515.0347747747749
1.803436111111111 515.1360542168676
1.806238888888889 515.1943975903615
1.8090305555555555 515.0690662650603
1.8118194444444444 514.9441566265061
1.8146111111111112 514.9277477477478
1.8174 515.0167867867868
1.8213416666666666 515.1049849849851
1.8241555555555555 515.1931831831832
1.8269472222222223 515.1009609609611
1.829736111111111 515.0087687687688
1.8325277777777778 514.9166066066066
1.8353166666666667 515.0051651651653
1.8392777777777778 515.0931831831832
1.8421583333333333 515.1811711711713
1.8449444444444445 515.165060240964
1.8477333333333332 515.0403313253013
1.850525 514.9157831325301
1.853313888888889 514.9730421686747
1.8573944444444443 515.0725525525526
1.860211111111111 515.158918918919
1.8630027777777778 515.142168674699
1.8657916666666667 515.0210542168676
1.8685833333333333 514.8998795180723
1.8713722221944444 514.9595481927711
1.875375 515.066036036036
1.8781944444444445 515.1554354354355
1.880986111111111 515.1378012048193
1.883775 515.0174096385542
1.8865666666666667 514.8970481927712
1.8893555555555555 514.9565662650602
1.893325 515.0646246246247
1.8961388888888888 515.153873873874
1.8989277777777778 515.1343674698795
1.9017166666666667 515.0106325301206
1.9045083333055555 514.8878614457832
1.9072972222222222 514.9480421686746
1.911475 515.0564264264264
1.9142972222222223 515.1465465465465
1.917086111111111 515.1284036144577
1.919875 515.0060843373492
1.9226666666666667 514.8849698795179
1.9254555555555555 514.9468975903612
1.9294916666666666 515.0572672672672
1.9322833333333334 515.1491891891892
1.9350722222222223 515.1326807228915
1.9378638888888888 515.0155421686746
1.9406527777777778 514.8988855421685
1.9434416666666667 514.9659638554216
1.9476333333333333 515.0842942942941
1.9504277777777779 515.1812912912911
1.9532166666666666 515.167018072289
1.9560083333333333 515.0527710843372
1.9587972222222223 514.9389156626504
1.9615888888888888 515.005331325301
1.9655305555555556 515.1233033033031
1.9684222222222223 515.2194594594592
1.971211111111111 515.2039457831323
1.974 515.0868072289155
1.9767861111111111 514.9696987951805
1.9795777777777779 515.0349096385539
1.98375 515.1493093093092
1.986536111111111 515.2438138138136
1.989325 515.2284939759036
1.9921166666666668 515.1122590361446
1.9949055555555555 514.9963855421687
1.9976972222222222 515.0636445783132
2.0018333333333334 515.1810510510509
2.0046333333333335 515.2775375375375
2.0074222222222224 515.2631927710843
2.010213888888889 515.1430120481928
2.013002777777778 515.0228614457832
2.0157944444444444 515.0851506024095
2.0198 515.1930630630629
2.0226583333333332 515.2852252252251
2.02545 515.2718072289156
2.0282388888888887 515.1515060240963
2.0310305555555557 515.031204819277
2.0338194444444446 515.0938253012047
2.037788888888889 515.2007807807806
2.0406416666666667 515.2930630630628
2.043433333333333 515.2808734939757
2.046222222222222 515.1610240963853
2.0490138888888887 515.041144578313
2.0518027777777776 515.1031024096383
2.0560055555555556 515.208198198198
2.0588055555555558 515.2994294294292
2.0615972222222223 515.2868674698793
2.0643861111111113 515.164939759036
2.067177777777778 515.0431626506023
2.069961111111111 515.1023795180722
2.074136111111111 515.2033633633633
2.076925 515.292072072072
2.079713888888889 515.2785542168674
2.0825055555555556 515.0795770392749
2.0852944444444446 515.0300602409638
2.088086111111111 515.0853614457832
2.092111111111111 515.1815315315316
2.094963888888889 515.2667867867868
2.0977527777777776 515.2511746987952
2.1005444444444445 515.1249397590361
2.1033333333333335 514.999186746988
2.106125 515.0570783132531
2.110313888888889 515.1551051051051
2.113113888888889 515.2417417417417
2.115902777777778 515.2271084337349
2.1186944444444444 515.1028915662649
2.1214833333333334 514.9790361445782
2.1242666666666667 515.0363855421685
2.1283222222222222 515.1355855855854
2.131111111111111 515.2225225225226
2.1339027777777777 515.2072289156627
2.1366833333333335 515.0827710843374
2.1394722222222224 514.9585240963856
2.142261111111111 515.0150903614459
2.1463305555555556 515.1141441441443
2.1491194444444446 515.2007507507509
2.151911111111111 515.1848795180724
2.1547 515.0607831325302
2.1574916666666666 514.9372590361447
2.1602805555555555 514.9947891566266
2.1644722222222224 515.0957057057057
2.1672944444444444 515.1828828828828
2.1700833333333334 515.166295180723
2.1728722222222223 515.0431325301206
2.175663888888889 514.9206927710844
2.178452777777778 514.9801807228916
2.1824805555555558 515.084834834835
2.1853611111111113 515.173843843844
2.188152777777778 515.1572590361448
2.190941666666667 515.0353012048193
2.1937305555555557 514.9133433734941
2.1965222222222223 514.9734337349399
2.200713888888889 515.0794894894896
2.2035027777777776 515.1693693693694
2.2062833333333334 515.1531024096386
2.209075 515.0311445783133
2.211863888888889 514.9099397590363
2.2146555555555554 514.9699096385544
2.218686111111111 515.0761861861863
2.221536111111111 515.165825825826
2.224327777777778 515.1489759036147
2.227116666666667 515.0280120481929
2.2299055555555554 514.9073493975906
2.2326972222222223 514.9694578313255
2.2367194444444443 515.0792492492494
2.2395111111111112 515.1712912912915
2.2423 515.1557228915664
2.2450888888888887 515.0354518072292
2.2478777777777776 514.9152108433738
2.2506694444444446 514.9777710843376
2.2548472222222222 515.0862162162165
2.2576388888888888 515.177777777778
2.2604277777777777 515.1626506024099
2.2632194444444442 515.0440361445785
2.266008333333333 514.9254216867473
2.2688 514.9888855421689
2.2728972222222223 515.1003903903905
2.275697222222222 515.1938438438441
2.278486111111111 515.1793072289158
2.281277777777778 515.0583132530122
2.2840666666666665 514.9381626506026
2.2868583333333334 515.0003614457833
2.29075 515.1079879879883
2.293622222222222 515.1996996996999
2.296413888888889 515.1855120481929
2.29920277775 515.0668072289158
2.3019861111111113 514.9480722891567
2.304777777777778 515.0110542168676
2.3088027777777778 515.120840840841
2.3116194444444442 515.2136036036038
2.314408333333333 515.1994578313255
2.317197222222222 515.0793373493976
2.3199888888611113 514.9598493975903
2.3227777777777776 515.0236445783132
2.3269444444444445 515.1331831831832
2.329736111111111 515.2266066066067
2.332525 515.2139759036146
2.3353166666666665 515.0950301204821
2.3381055555555554 514.9763855421688
2.3408972222222224 515.0409337349398
2.3449694444444447 515.1681325301207
2.3477722222222224 515.2317771084339
2.350563888888889 515.1895166163143
2.353352777777778 515.041238670695
2.3561444444444444 514.9971084337351
2.3589333333333333 515.0622590361448
2.3633944444444444 515.1919879518074
2.3661777777777777 515.2568373493978
2.3689694444444442 515.215075528701
2.3717555555555556 515.0660120845922
2.374547222222222 515.0200903614459
2.377336111111111 515.0849397590363
2.381516666638889 515.2139759036146
2.3843055555555557 515.2784939759038
2.3870944444444446 515.1607530120483
2.389886111111111 515.043343373494
2.3926749999722223 515.0272672672673
2.3954666666666666 515.1223423423424
2.3995083333333334 515.2381626506025
2.4023861111111113 515.3030120481928
2.405177777777778 515.263655589124
2.407966666666667 515.1163746223566
2.4107583333333333 515.0698493975906
2.4135472222222223 515.1336445783135
2.4175694444444447 515.2605421686749
2.4204583333333334 515.3240060240965
2.4232472222222223 515.2061445783136
2.426038888888889 515.1347129909367
2.428827777777778 515.089246987952
2.4316194444444443 515.1543373493978
2.4358222221944446 515.2843975903617
2.438658333333333 515.3494277108435
2.4414472221944443 515.2304518072292
2.444238888888889 515.112168674699
2.4470277777777776 515.0952252252254
2.4498166666666665 515.1872072072074
2.453886111111111 515.2981325301206
2.456713888888889 515.3600903614458
2.4594972222222222 515.2397590361446
2.4622888888888887 515.1194277108434
2.4650777777777777 515.1016816816817
2.4678694444444442 515.1930930930931
2.4718638888611113 515.3015662650603
2.4746555555555556 515.3618975903614
2.4774444444444446 515.2412048192771
2.480236111111111 515.1209337349397
2.483025 515.1040240240239
2.4858166666666666 515.1938738738738
2.489975 515.3006626506024
2.4927972222222223 515.3605722891566
2.4955861111111113 515.2405421686747
2.498377777777778 515.1204819277109
2.5011666666666668 515.1051351351351
2.5039583333333333 515.1962762762763
2.5079333333333333 515.3037650602411
2.5107222222222223 515.3648192771085
2.513513888888889 515.3208761329306
2.5163027777777778 515.1710271903323
2.519083333333333 515.1265662650603
2.521875 515.189246987952
2.5259638888888887 515.3131325301206
2.5287555555555556 515.3750602409639
2.5315444444444446 515.330664652568
2.534336111111111 515.1811178247734
2.537125 515.1373493975904
2.5399083333333334 515.2002710843374
2.543975 515.3247289156626
2.5467666666666666 515.3869578313252
2.5495555555555556 515.3421450151058
2.552347222222222 515.1906948640483
2.555136111111111 515.145421686747
2.557925 515.2062048192771
2.5618944444444445 515.3275903614457
2.564697222222222 515.388253012048
2.5674805555555555 515.3433836858004
2.5702694444444445 515.1944108761328
2.573061111111111 515.1524999999998
2.57585 515.2151204819276
2.579938888888889 515.3403614457831
2.582761111111111 515.402891566265
2.58555 515.3566465256796
2.5883416666666665 515.2089728096676
2.5911305555555555 515.1698192771082
2.593922222222222 515.237048192771
2.5980194444444447 515.3701807228914
2.60085 515.4367469879517
2.6036361111111113 515.3917522658609
2.606427777777778 515.248006042296
2.6092055555555556 515.2106024096385
2.6119944444444445 515.2773493975901
2.6160444444444444 515.410722891566
2.6188666666666665 515.4774096385539
2.6216583333333334 515.4308459214499
2.6244472222222224 515.2839879154075
2.6272361111111113 515.2449698795177
2.630025 515.311475903614
2.6342166666666667 515.4444277108431
2.637027777777778 515.5109337349395
2.6398111111111113 515.4658308157096
2.642602777777778 515.321027190332
2.645391666666667 515.2827108433731
2.6481833333055556 515.3509036144575
2.6522277777777776 515.4873192771081
2.6550694444444445 515.5555421686745
2.6578583333333334 515.5114199395767
2.6606444444444444 515.36752265861
2.6634333333333333 515.3290963855419
2.6662222222222223 515.3961144578309
2.670413888888889 515.529487951807
2.6732694444444443 515.596144578313
2.6760611111111112 515.5505740181266
2.6788444444444446 515.4060422960722
2.681636111111111 515.3684638554214
2.684425 515.4362349397588
2.688536111111111 515.5697891566263
2.691325 515.6365662650601
2.694113888888889 515.5901812688819
2.6969055555555554 515.4448036253774
2.6996944444444444 515.407379518072
2.702486111111111 515.4746385542165
2.7064305555555555 515.6092168674697
2.709288888888889 515.6764457831323
2.7120722221944447 515.6305135951659
2.714863888888889 515.4824773413895
2.717652777777778 515.4417469879515
2.7204361111111113 515.5074096385541
2.724641666638889 515.637409638554
2.727461111111111 515.7022891566263
2.73025 515.6572809667672
2.733041666666667 515.5078247734137
2.735825 515.4647289156625
2.7386166666666667 515.5281626506022
2.7426777777777778 515.6549999999997
2.7454666666666667 515.7184337349396
2.7482555555555557 515.6741993957703
2.751047222222222 515.5258006042295
2.7538305555555556 515.4837951807228
2.7566166666666665 515.5485542168673
2.7608083333333333 515.6780722891565
2.763602777777778 515.7428012048191
2.766391666666667 515.6988519637462
2.7691805555555558 515.5523867069485
2.7719722222222223 515.5121084337347
2.7747611111111112 515.5780421686745
2.7786944444444446 515.659607250755
2.781563888861111 515.7754216867468
2.7843555555555555 515.7308157099696
2.7871444444444444 515.5829305135951
2.789936111111111 515.5414156626505
2.792725 515.6080120481927
2.7969166666666667 515.7393975903614
2.7997055555555557 515.8050903614458
2.802497222222222 515.7616314199395
2.805286111111111 515.417583081571
2.8080777777777777 515.1795481927711
2.8108666666666666 515.0503614457832
2.814991666666667 514.7914457831325
2.817838888888889 514.6618975903614
2.8206277777777777 514.6168580060423
2.823411111111111 514.6693957703927
2.8262 514.8274096385543
2.8289916666666666 515.091265060241
2.8330194444444445 515.3723564954684
2.835838888888889 515.6066767371602
2.8386305555555555 515.840996978852
2.8414194444444445 515.5007552870093
2.8442083333333334 515.2649397590363
2.847 515.1387048192773
2.851036111111111 515.0294864048341
2.853875 514.8723262839882
2.856663888888889 514.7151963746227
2.859452777777778 514.7701510574021
2.8622444444444444 514.9296385542171
2.8650333333333333 515.1922891566269
2.8691027777777776 515.4694864048341
2.8718916666666665 515.7025679758312
2.8746833333333335 515.9356495468281
2.8774722222222224 515.5893957703931
2.880263888888889 515.3509337349402
2.883052777777778 515.2165361445788
2.8870388888888887 515.0821084337354
2.889858333333333 514.9476807228921
2.892638888888889 514.8131927710847
2.895427777777778 514.4945783132534
2.8982194444444445 514.1765662650606
2.9010083333055556 514.0415361445787
2.9052 513.9142296072511
2.9079916666666668 513.7473716012088
2.910775 513.5804531722058
2.9135666666666666 513.2321148036257
2.916355555527778 512.9990662650605
2.919147222222222 512.8643975903617
2.9231777777777777 512.7286445783135
2.926058333333333 512.5671903323266
2.928847222222222 512.4006948640487
2.9316333333055558 512.0498187311182
2.934422222222222 511.81846385542195
2.937213888888889 511.67840361445815
2.941177777777778 511.53783132530157
2.9440305555555555 511.39728915662675
2.9468194444444444 511.2566265060244
2.949611111111111 510.93364457831353
2.9523972221944446 510.610542168675
2.955188888888889 510.46870481927743
2.9592916666666667 510.3264759036148
2.9620805555555556 510.18430722891594
2.964872222222222 510.04204819277135
2.967661111111111 509.7158433734942
2.97045277775 509.3900602409639
2.9732416666666666 509.24765060240975
2.9773416666666668 509.1052409638555
2.980166666666667 508.96283132530124
2.9829583333333334 508.82042168674707
2.9857472222222223 508.49816265060247
2.9885361111111113 508.1757530120483
2.991327777777778 508.03412650602417
2.9955555555555557 507.89213855421696
2.9983444444444443 507.75009036144576
3.0011361111111112 507.6080421686748
3.0039249999722224 508.85795180722897
3.0067166666666667 510.1087048192772
3.0095055555555557 511.54617469879526
3.013697222222222 512.9917824773415
3.016486111111111 514.4031419939577
3.019277777777778 515.8146223564956
3.0220666666666665 515.6652870090637
3.0248583333333334 515.6212951807231
3.0276444444444444 515.6853313253014
3.0317194444444446 515.7669788519639
3.034511111111111 515.8008761329306
3.0373 515.834743202417
3.0400916666666666 515.4908459214503
3.0428805555555556 515.2521686746989
3.045672222222222 515.1217771084339
3.049725 515.0074320241695
3.052513888888889 514.8462537764352
3.055302777777778 514.6850755287011
3.058091666638889 514.3434743202419
3.0608833333333334 514.1105421686749
3.0636694444166666 513.9840963855423
3.0680222221944446 513.8717522658612
3.070888888888889 513.7145317220545
3.0736805555555557 513.5572205438067
3.0764694444444443 513.2169788519639
3.0792611111111112 512.9865361445784
3.0820416666666666 512.8608433734942
3.0862555555555558 512.7470694864049
3.089125 512.590241691843
3.091913888888889 512.4333232628398
3.0947055555555556 512.0973413897281
3.0974944444444446 511.8730421686746
3.100286111111111 511.74972891566256
3.1045583333333333 511.6344410876132
3.107349999972222 511.47996978851955
3.110133333333333 511.32558912386696
3.112922222222222 510.9900906344409
3.1157138888888887 510.7699096385541
3.1185027777777776 510.646626506024
3.122508333333333 510.52737160120836
3.125297222222222 510.3730211480362
3.128086111111111 510.218670694864
3.130875 509.88326283987914
3.133661111111111 509.6681927710843
3.1364472221944446 509.5462650602409
3.1407583333333333 509.42501510574016
3.1435472222222223 509.2721752265861
3.146333333333333 509.1193655589124
3.149122222222222 508.78326283987917
3.1519138888888887 508.57024096385544
3.1547027777777776 508.44620481927717
3.1589027777777776 508.317915407855
3.1616944444444446 508.162658610272
3.1644833333333335 508.00731117824785
3.167275 507.6723867069487
3.170061111111111 507.4650000000001
3.17285 507.34153614457847
3.177016666666667 507.2084592145015
3.1798083333333333 507.0536253776436
3.1825972222222223 506.89873111782487
3.1853861111111113 506.56217522658625
3.1881777777777778 506.3584337349399
3.1909666666666667 506.2341265060243
3.195025 506.0970392749247
3.1978333333333335 505.94190332326315
3.200622222222222 505.7867673716014
3.203413888888889 505.4501812688823
3.2062 505.2503012048194
3.2089805555555557 505.12680722891577
3.213127777777778 504.9860422960727
3.2159166666666668 504.8310574018129
3.2187083333333333 504.67595166163164
3.2214972222222222 504.33703927492473
3.224283333333333 504.13936746987974
3.2270666666666665 504.0131927710846
3.2311555555555556 503.8656495468281
3.233938888888889 503.7083383685803
3.2367305555555554 503.55111782477354
3.2395194444444444 503.2088821752268
3.242311111111111 503.0117168674701
3.2451 502.8831927710846
3.2494055555555557 502.73114803625396
3.2522611111111113 502.5717522658612
3.25505 502.41244712990954
3.2578388888888887 502.0713595166164
3.2606305555555557 501.8775903614458
3.2634194444444447 501.7477409638555
3.267513888888889 501.58963746223577
3.2703833333055554 501.4290030211481
3.273172222222222 501.2683685800604
3.2759638888888887 500.9242598187312
3.2787444444444445 500.76570996978865
3.2815333333333334 500.6051204819279
3.2857 500.446827794562
3.288525 500.287401812689
3.291313888888889 500.12797583081584
3.2941055555555554 499.7848036253778
3.2968944444444443 499.5952409638556
3.2996833333333333 499.4637951807231
3.303827777777778 499.29818731117837
3.3066194444444443 499.1359516616315
3.3094027777777777 498.97371601208465
3.3121944444444447 498.6305135951663
3.314983333333333 498.445481927711
3.3177666666388888 498.3164457831327
3.3220083333333332 498.1499093655591
3.324822222222222 497.98951661631435
3.327611111111111 497.8290936555893
3.3304027777777776 497.4883383685802
3.3331916666666666 497.33051359516634
3.3359833333333335 497.1723867069487
3.3401666666666667 497.01419939577045
3.3429583333333333 496.8559818731117
3.345747222222222 496.69779456193356
3.348536111111111 496.35694864048344
3.3513277777777777 496.1978549848943
3.3541166666666666 496.03827794561937
3.358325 495.878670694864
3.361127777777778 495.7190936555891
3.363913888888889 495.55939577039277
3.3666916666666666 495.21676737160124
3.369483333333333 495.0585498489426
3.372272222222222 494.90030211480365
3.376225 494.7419335347432
3.3790805555555554 494.5835649546828
3.3818694444444444 494.4252265861027
3.384661111111111 494.0846223564955
3.38745 493.9270996978853
3.390233333333333 493.769244712991
3.3941666666666666 493.61151057401815
3.397011111111111 493.45377643504537
3.3998 493.2960725075529
3.4025805555555557 492.9551359516616
3.4053694444444442 492.7964652567976
3.4081527777777776 492.6376435045318
3.4124055555555555 492.47891238670707
3.415188888888889 492.3201208459215
3.417977777777778 492.1612990936557
3.4207666666666667 491.8193957703928
3.4235555555555557 491.6597583081571
3.426347222222222 491.49909365558915
3.430275 491.3383987915407
3.4331055555555556 491.1777945619335
3.435897222222222 491.0170694864048
3.438686111111111 490.673172205438
3.441475 490.5138368580061
3.4442555555555554 490.35371601208465
3.4484388888611113 490.19359516616316
3.4512194444444444 490.0334743202417
3.4540083333333333 489.8733534743202
3.4568 494.26957703927485
3.459588888888889 498.848670694864
3.462375 503.42773413897277
3.4663333333333335 508.0067371601208
3.4691638888888887 512.5857099697885
3.4719527777777777 517.1647129909366
3.4747444444444446 516.8199999999999
3.477533333333333 516.6568882175227
3.480325 516.4933836858005
3.4846833333333334 516.329758308157
3.487461111111111 516.1661631419938
3.4902527777777776 516.0025377643503
3.4930416666666666 515.6593655589124
3.495825 515.4967069486404
3.498613888888889 515.3340181268882
3.5026027777777777 515.1713293051358
3.505472222222222 515.0086102719032
3.508261111111111 514.8458610271903
3.5110527777777776 514.7692121212121
3.513836111111111 514.5781818181817
3.516625 514.3870909090908
3.521047222222222 514.0245317220545
3.5238555555277777 513.8643504531724
3.5266444444444445 513.7041993957705
3.529436111111111 513.6227575757576
3.532225 513.4310303030304
3.5350166666666665 513.2393333333335
3.5391666666666666 512.8796072507555
3.541961111111111 512.7187613293053
3.54475 512.5579154078551
3.5475416666666666 512.2135347432024
3.550325 512.053232628399
3.5531166666666665 511.8929003021149
3.557236111111111 511.73253776435064
3.560088888888889 511.57220543806653
3.5628805555555556 511.41184290030225
3.5656694444444446 511.32421212121216
3.5684611110833333 511.13196969696986
3.571241666666667 510.93987878787897
3.5753305555555555 510.58830815709985
3.5781194444444444 510.4271299093656
3.580911111111111 510.26592145015104
3.5837 510.17148484848485
3.5864861111111113 509.9763636363636
3.589263888888889 509.7810909090908
3.5935361111111113 509.42951661631406
3.5963194444444446 509.2651057401812
3.5991 509.1006948640483
3.601888888888889 510.32728096676743
3.604677777777778 510.3804242424243
3.6074694444444444 511.76136363636374
3.6119 514.5486706948641
3.614691666666667 515.9558308157102
3.6174805555555554 517.3630211480363
3.6202722222222223 517.2130211480363
3.6230611111111113 517.246495468278
3.625852777777778 517.2800302114805
3.630002777777778 517.3135347432025
3.6328638888888887 517.3470392749247
3.635647222222222 517.3806042296075
3.638436111111111 517.2292749244715
3.641227777777778 517.2602416918431
3.6440166666388887 517.2911782477343
3.648338888888889 517.3221752265862
3.6511305555555555 517.3531419939579
3.6539194444444445 517.3841389728099
3.656711111111111 517.2268882175229
3.6595 517.2518731117827
3.662280555527778 517.2768580060426
3.6666666666666665 517.3018731117828
3.6694472222222223 517.3268580060426
3.6722333333333332 517.3518731117828
3.675025 517.1933836858009
3.677813888861111 517.21664652568
3.6806 517.2399093655592
3.684813888888889 517.2631722054384
3.6876055555277776 517.2864350453176
3.6903944444444443 517.3096978851967
3.6931805555555557 517.1519637462238
3.695963888888889 517.1763746223565
3.6987555555555556 517.200574018127
3.7028916666666665 517.2248036253777
3.7056805555555554 517.249003021148
3.7084722222222224 517.2732628398793
3.7112527777777777 517.1123867069488
3.7140444444444443 517.1373413897282
3.716822222222222 517.1622960725077
3.7208972222222223 517.1872507552871
3.723763888888889 517.2122054380666
3.7265555555555556 517.2371903323263
3.729336111111111 517.0813293051361
3.732127777777778 517.1099395770394
3.734916666666667 517.1386404833839
3.7390805555555557 517.1673111782479
3.7418805555555554 517.1960120845923
3.7446694444444444 517.2246827794563
3.747461111111111 517.0725377643506
3.7502388888888887 517.1021148036255
3.7530277777777776 517.1309667673717
3.7572666666666668 517.1598489425983
3.7600444444444445 517.1887009063445
3.7628222222222223 517.2175226586103
3.765613888861111 517.0650151057404
3.7684027777777778 517.0941691842901
3.7711916666666667 517.1224773413898
3.775386111111111 517.1507854984894
3.778225 517.1790634441088
3.781013888888889 517.2074320241693
3.7838055555555554 517.0516012084593
3.7865944444444444 517.0802416918428
3.7893833333333333 517.1084894259818
3.7935944444444445 517.1367673716012
3.7963833333333334 517.16501510574
3.799175 517.193262839879
3.801961111111111 517.0413897280966
3.804752777777778 517.2697583081571
3.807541666666667 517.4980664652568
3.811847222222222 517.7264652567976
3.814636111111111 517.9548338368579
3.8174277777777776 518.1832326283987
3.820211111111111 518.2287009063443
3.8229972222222224 518.062084592145
3.8257861111111113 517.8951963746223
3.8300666666666667 517.72833836858
3.8328583333333333 517.5613897280966
3.835647222222222 517.3944410876132
3.838433333333333 517.0457401812688
3.841222222222222 517.27166163142
3.844013888888889 517.4975528700908
3.8480916666666665 517.7234441087614
3.8508833333333334 517.9492749244713
3.8536722222222224 518.1751359516616
3.856463888888889 518.2208459214501
3.859252777777778 518.0544712990936
3.8620361111111112 517.8879758308157
3.866127777777778 517.721510574018
3.868975 517.555166163142
3.871761111111111 517.3888217522657
3.8745416666666666 517.03918429003
3.8773305555555555 517.2688821752265
3.880122222222222 517.4978549848942
3.8843083333333333 517.7268277945618
3.887122222222222 517.9558006042295
3.889911111111111 518.184773413897
3.8927027777777776 518.23335347432
3.8954916666666666 518.4671299093653
3.8982833333333335 518.7002114803623
3.9024194444444444 518.9332930513593
3.9052333333333333 519.1664954682777
3.908011111111111 519.3996978851961
3.9108027777777776 519.4495468277944
3.913588888888889 519.6815105740179
3.916375 519.9135347432023
3.920488888888889 520.1454682779454
3.923313888888889 520.3774018126886
3.9261 520.6093655589121
3.9288916666666664 520.6600302114801
3.9316805555555554 520.8950453172203
3.9344638888888888 521.129607250755
3.938661111111111 521.3641993957701
3.94145 521.5987915407853
3.9442305555555555 521.8333836858004
3.9470194444444444 521.8880664652567
3.949811111111111 522.1260725075527
3.9526 522.3641993957702
3.956688888888889 522.6023262839878
3.9594805555555554 522.8404531722053
3.9622694444444444 523.0785800604228
3.9650527777777778 523.1366163141993
3.9678416666666667 523.3793655589124
3.9706333333333332 523.6216918429004
3.974597222222222 523.8640181268883
3.977386111111111 524.1063444108762
3.9801777777777776 524.348670694864
3.9829583333333334 524.5000606060606
3.9857472222222223 524.7107575757575
3.988538888888889 524.9220909090908
3.992897222222222 525.1314803625378
3.995686111111111 525.3724471299093
3.998475 525.6134743202417
4.0012638888888885 525.6705740181269
4.00405 524.3319335347431
4.006841666666666 522.9924471299095
4.011413888888889 520.2716666666669
4.0142 518.8977575757577
4.016991666666667 517.5237272727275
4.019780555555555 517.4533836858008
4.022569444444445 517.493655589124
4.025361111111111 517.5337160120847
4.029522222222222 517.5629696969698
4.032311111111111 517.5727272727274
4.035097222222222 517.5825151515153
4.037886111111111 517.5109667673717
4.040677777777778 517.7458006042298
4.043466666666666 517.9806042296074
4.047469444444444 518.2154078549851
4.050311111111111 518.4501208459216
4.0530944444444446 518.6848942598189
4.0558861111111115 518.7363746223566
4.058675 518.9690030211481
4.061466666666667 519.2009667673717
4.0657861111111115 519.6217878787879
4.068666666666667 519.8239696969698
4.071458333333333 520.0262424242426
4.074247222222223 519.9461329305138
4.077038888888889 520.179244712991
4.079827777777778 520.4122658610273
4.083811111111111 520.8387575757577
4.086666666666667 521.0421212121213
4.089455555555555 521.2455757575759
4.092247222222222 521.1583685800606
4.095033333333333 521.384410876133
4.097819444444444 521.6104229607253
4.101886111111111 521.8365558912387
4.104705555555555 522.2273636363637
4.107494444444445 522.423787878788
4.110286111111111 522.3331117824774
4.113075 522.5592145015106
4.115866666666666 522.7851963746224
4.120008333333334 523.0111480362539
4.122797222222222 523.2371299093656
4.125588888888889 523.463081570997
4.128377777777778 523.506163141994
4.131169444444445 523.7307250755288
4.133958333333333 523.9545317220545
4.13805 524.1783987915409
4.140944444444444 524.4022960725076
4.143730555555556 524.6261933534744
4.146519444444444 524.6670392749245
4.149311111111111 524.8911480362538
4.1521 525.115256797583
4.156102777777778 525.3393655589124
4.158913888888889 525.5634743202415
4.161705555555556 525.7875830815708
4.164494444444444 525.8291238670694
4.167283333333334 526.0512084592143
4.170075 526.2734138972808
4.174097222222223 526.4956495468276
4.176952777777778 526.7178851963745
4.179741666666667 526.9401208459212
4.182533333333334 527.0854848484846
4.185322222222222 527.2773939393937
4.188111111111111 527.4693030303029
4.192258333333333 527.6451057401811
4.195061111111111 527.8668277945617
4.197852777777777 528.0886102719032
4.200641666666667 528.2371818181817
4.203433333333333 528.4284848484846
4.206222222222222 528.6203636363633
4.210344444444444 528.7930815709966
4.2132 529.0147734138969
4.215988888888889 529.2364652567973
4.2187777777777775 529.3880909090906
4.2215694444444445 529.5810606060603
4.224358333333333 529.7742727272724
4.228513888888889 529.9448942598183
4.231330555555555 530.1678549848939
4.2341194444444445 530.3908157099694
4.2369111111111115 530.5469696969693
4.2397 530.7438787878784
4.2424888888888885 530.9406969696965
4.2466944444444445 531.1122658610268
4.2494861111111115 531.3388519637458
4.252277777777778 531.5655589123863
4.255066666666667 531.728242424242
4.257858333333333 531.926848484848
4.260641666666666 532.1256060606056
4.264852777777778 532.2975528700903
4.267697222222222 532.5261631419935
4.270486111111111 532.7547734138969
4.2732777777777775 532.9210606060602
4.276063888888889 533.1201515151512
4.278855555555555 533.3198484848482
4.282847222222222 533.4889425981871
4.285730555555555 533.7183987915406
4.288519444444445 533.9478247734138
4.291308333333333 534.1186363636363
4.2941 534.3205454545454
4.296888888888889 534.5224545454545
4.301094444444445 534.690664652568
4.303933333333333 534.9223564954682
4.306719444444444 535.1540181268882
4.3095083333333335 535.3301818181817
4.3123 535.530909090909
4.315088888888889 535.7316666666666
4.319091666666667 535.8948036253777
4.321947222222223 536.125256797583
4.324736111111111 536.3557401812689
4.327527777777778 536.5345757575758
4.330311111111111 536.7329090909092
4.3331 536.9312424242424
4.337291666666666 537.0876132930514
4.340083333333333 537.3157099697885
4.342872222222222 537.5438066465257
4.345661111111111 537.7245757575757
4.348447222222222 537.9236666666666
4.3512361111111115 538.1229393939393
4.3556027777777775 538.2770392749243
4.3583944444444445 538.5060422960723
4.361183333333333 538.7350453172204
4.363975 538.9200909090907
4.3667638888888884 539.121515151515
4.369555555555555 539.3230303030302
4.373622222222222 539.4776435045316
4.376413888888889 539.7090332326284
4.3792027777777776 539.940422960725
4.3819944444444445 540.1295151515151
4.384783333333333 540.3306363636362
4.387572222222222 540.5323636363635
4.391925 540.683685800604
4.394763888888889 540.9151359516616
4.397547222222222 541.146586102719
4.400336111111111 541.3392424242423
4.403127777777778 541.538818181818
4.405916666666666 541.7383636363636
4.41005 541.8808157099696
4.412905555555556 542.1101510574017
4.415694444444444 542.3395468277944
4.418475 542.5369090909089
4.421263888888889 542.7368484848483
4.424055555555555 542.9366666666664
4.428208333333333 543.0752870090632
4.431 543.3049244712989
4.433788888888889 543.5345317220542
4.4365805555555555 543.7362727272725
4.439369444444444 543.9383636363635
4.442161111111111 544.1404242424242
4.4466 544.2786706948641
4.449430555555556 544.5105740181269
4.452222222222222 544.7424773413896
4.455011111111111 544.9490909090908
4.457802777777777 540.4000909090909
4.460591666666667 535.8510909090909
4.464833333333333 531.2791238670693
4.467644444444445 526.7741691842898
4.470433333333333 522.2692447129907
4.473222222222223 517.6550606060605
4.476013888888889 517.8598787878785
4.478802777777778 518.0653636363634
4.4829638888888885 518.4763333333332
4.4858 518.6818787878785
4.488586111111111 518.8874242424241
4.491375 518.8874242424241
4.494163888888889 519.090303030303
4.496955555555555 519.2932727272727
4.501147222222222 519.5073413897279
4.503977777777778 519.7400604229605
4.506766666666667 519.9728398791539
4.509555555555556 520.1053939393938
4.512347222222222 520.3043333333331
4.515127777777778 520.503303030303
4.519294444444444 520.7093957703926
4.522083333333334 520.9380362537762
4.524872222222222 521.16667673716
4.527663888888889 521.2989090909088
4.530452777777778 521.4975151515149
4.533244444444445 521.696424242424
4.537541666666667 521.8990634441085
4.540330555555555 522.1277643504529
4.543119444444445 522.3564652567973
4.545908333333333 522.4922424242422
4.548691666666667 522.6913939393937
4.551480555555556 522.8902121212118
4.555555555555555 523.0881268882172
4.558416666666667 523.3167673716009
4.5612055555555555 523.5454078549845
4.563994444444444 523.6857878787876
4.566783333305556 523.8829999999996
4.569572222222222 524.0802121212117
4.573680555555556 524.2737462235647
4.5765416666666665 524.5007250755284
4.579325 524.7276737160119
4.582113888888889 524.8690909090906
4.584905555555555 525.0662424242421
4.587694444444445 525.2626666666664
4.5917972222222225 525.4507250755285
4.594586111083333 525.6769486404831
4.597369444444444 525.9032024169181
4.600158333333333 526.0486060606058
4.60295 524.6652121212119
4.605738888888889 523.2823030303028
4.610016666666667 521.9005438066463
4.612872222222222 520.552175226586
4.61565 519.2038066465254
4.618438888888889 517.7507272727271
4.621230555555556 517.7472727272726
4.6240194444444445 517.744818181818
4.628147222222222 517.7571903323262
4.6309749999722225 517.7850755287008
4.633763888888889 517.8129607250754
4.636555555555556 517.7349393939393
4.639344444444444 517.7346666666665
4.642133333333334 517.7332727272725
4.646277777777778 517.7461027190332
4.649066666666666 517.7751057401812
4.651855555555556 517.8041087613292
4.654647222222223 517.6463141993955
4.657436111111111 517.6778247734138
4.660227777777778 517.709093655589
4.664330555555556 517.7403021148035
4.667211111111111 517.7715105740181
4.67 517.8027190332325
4.672788888888889 517.6520241691842
4.675580555555555 517.685256797583
4.678369444444445 517.717764350453
4.682644444444445 517.741424242424
4.685436111111111 517.7436060606059
4.688225 517.7457878787876
4.691016666666667 517.6673413897279
4.693805555555556 517.7484545454544
4.6965972222222225 517.7516969696968
4.700725 517.7580909090908
4.703566666666666 517.7612727272726
4.706352777777778 517.7644242424242
4.709141666666667 517.7644242424242
4.711930555555556 517.7704242424243
4.714722222222222 517.7757272727272
4.7188083333333335 517.7863636363636
4.721702777777778 517.7916969696969
4.724480555555555 517.7969696969697
4.727272222222222 517.7179154078549
4.7300611111111115 517.7518126888218
4.732852777777778 517.7854078549849
4.737019444444444 517.8101212121213
4.739808333333333 517.8133636363636
4.7426 517.8165151515151
4.745388888888889 517.7365558912386
4.748180555555556 517.7687009063444
4.750969444444444 517.8007854984895
4.755475 517.8227575757576
4.758263888888889 517.8245151515152
4.761055555555555 517.8262121212122
4.7638444444444445 517.7469788519638
4.7666361111111115 517.7783383685802
4.769425 517.8091238670697
4.7734805555555555 517.8285151515154
4.776375 517.8289696969699
4.779163888888889 517.8294242424245
4.781952777777778 517.7522658610275
4.784744444444445 517.7873111782479
4.787533333333333 517.8213595166166
4.791725 517.8453030303033
4.794516666638889 517.8489393939396
4.797305555555556 517.852575757576
4.800097222222222 517.776555891239
4.802886111111111 517.8105740181271
4.805672222194445 517.8440181268885
4.809858333333334 517.8650303030305
4.81265 517.8681515151518
4.815430555555555 517.8712424242427
4.818219444444445 517.7952567975834
4.821011111111111 517.829063444109
4.8238 517.8621752265863
4.8280111111111115 517.8830303030305
4.8308 517.885878787879
4.833586111111111 517.8887272727276
4.836377777777778 517.8090332326287
4.839166666666666 517.8388217522661
4.841958333333333 517.8685800604231
4.84615 517.8858484848486
4.8489555555555555 517.8853333333335
4.851744444444445 517.8848181818183
4.854533333333333 517.8063746223567
4.857325 517.8356797583084
4.860113888888889 517.86498489426
4.864405555555556 517.8798484848487
4.867258333333333 517.8788181818184
4.87005 517.8777575757579
4.8728388888888885 517.801389728097
4.87562777775 517.8332024169188
4.878419444444445 517.864894259819
4.882522222222223 517.8833636363639
4.885388888888889 517.8847272727276
4.8881805555555555 517.8860909090913
4.890969444444444 517.8083383685804
4.893761111111111 517.8382779456196
4.89655 517.8676132930516
4.900752777777778 517.8818484848487
4.903566666666666 517.8809393939397
4.90635 517.8800303030307
4.909138888888889 517.8018731117828
4.911930555555555 517.8322658610276
4.914719444444445 517.8619335347436
4.918811111111111 517.8771515151518
4.921625 517.8766060606064
4.924416666666667 517.876060606061
4.927205555555555 517.7991238670699
4.929994444444445 517.8290030211484
4.9327861111111115 517.858791540786
4.937069444444444 517.8733333333337
4.9398583333333335 517.8727272727276
4.942647222222222 517.8720606060609
4.945438888888889 517.79580060423
4.9482277777777774 517.8235649546831
4.951019444416667 517.8509063444113
4.955338888888889 517.8603939393944
4.958130555555556 517.8573636363641
4.960916666666667 517.8542424242429
4.963708333333333 517.7760120845926
4.966488888888889 517.799546827795
4.969280555555556 517.8227794561938
4.973286111111111 517.8259696969701
4.976136111111111 517.8188181818185
4.978922222222222 517.8116969696973
4.981713888861111 517.7345619335351
4.984502777777778 517.7596676737163
4.987291666666667 517.7842598187315
4.991483333333333 517.7886060606064
4.994286111111111 517.7829090909094
4.997077777777778 517.7772424242427
4.999866666666667 517.6996072507554
5.002655555555555 517.7248338368582
5.005444444444445 517.7496374622358
5.0097861111111115 517.7554242424244
5.012575 517.7498484848486
5.015358333333333 517.7443939393941
5.01815 517.6647129909367
5.020938888888889 517.687069486405
5.02372777775 517.7094561933536
5.027894444416667 517.7117272727274
5.030711111111111 517.7037575757577
5.033502777777778 517.6957575757576
5.036291666666667 517.6162839879156
5.039080555555556 517.6398791540787
5.0418722222222225 517.6635347432025
5.0459749999722225 517.6680000000002
5.048786111111111 517.6613636363637
5.051574999972222 517.6546060606062
5.054366666666667 517.5763444108762
5.057155555527777 517.6015407854986
5.059944444444445 517.6260120845922
5.06405 517.6317272727274
5.0669305555555555 517.6258484848486
5.069719444444444 517.6199696969697
5.072511111111111 517.5394259818731
5.0753 517.5621450151058
5.0780916666666664 517.5840483383687
5.082269444416666 517.5870303030304
5.085061111111111 517.5786363636364
5.087849999972223 517.5702727272726
5.0906416666666665 517.4904531722053
5.093430555555556 517.5182175226586
5.096219444444444 517.5459818731118
5.100349999972222 517.5589393939395
5.103213888888889 517.5564545454546
5.106005555555556 517.5539393939395
5.108794444444444 517.4773716012085
5.111586111111111 517.5070996978851
5.114375 517.5361027190331
5.118447222222223 517.5496060606059
5.121327777777778 517.5483939393938
5.124116666666667 517.5472121212119
5.126908333333334 517.4686404833836
5.129697222222222 517.4974018126887
5.1324861111111115 517.5257099697884
5.136630555555556 517.5386969696971
5.139419444444444 517.536606060606
5.1422083333333335 517.534515151515
5.145 517.4563141993957
5.147788888888889 517.485166163142
5.150580555555556 517.5140181268881
5.154477777777778 517.542839879154
5.157369444444444 517.5716918429002
5.160158333333333 517.6005135951661
5.162944444444444 517.4454380664653
5.165733333333334 517.4734743202417
5.168525 517.5005438066465
5.172727777777777 517.527583081571
5.1755555555555555 517.554652567976
5.178344444444445 517.5816918429003
5.181136111111111 517.4254984894261
5.183925 517.4516012084591
5.186716666666666 517.4777039274925
5.1909833333333335 517.5038066465257
5.193838888888889 517.4849090909091
5.196627777777778 517.4806363636364
5.199411111111111 517.4009063444109
5.202202777777778 517.4286706948642
5.2049916666666665 517.4558610271905
5.209155555555555 517.4678484848487
5.21195 517.4646363636366
5.214738888888889 517.4614242424245
5.217530555555555 517.3817824773416
5.220319444444445 517.4095166163145
5.223108333333333 517.4361329305138
5.227216666666667 517.4627492447133
5.230022222222222 517.4893655589127
5.232811111111111 517.5159818731121
5.2356 517.3587009063447
5.238391666666667 517.3826888217526
5.241172222222223 517.4065861027192
5.245294444444444 517.4304833836859
5.248155555555556 517.4543806646527
5.250947222222222 517.4782779456195
5.253736111111111 517.3204833836859
5.2565277777777775 517.3435347432024
5.2593083333055555 517.3664652567977
5.263474999972222 517.3893957703929
5.266263888888889 517.412326283988
5.269055555555555 517.4352567975831
5.2718444444444446 517.2766465256798
5.2746361111111115 517.3021450151058
5.277425 517.3264954682779
5.281758333333333 517.3508761329306
5.28455 517.375256797583
5.287338888861111 517.3996374622357
5.290130555555556 517.2405438066465
5.292911111111111 517.2638066465258
5.2957 517.2870694864048
5.299813888888889 517.3103021148036
5.302669444444445 517.3335649546827
5.305458333333333 517.3567975830815
5.30825 517.1998187311178
5.3110333333333335 517.2257099697885
5.313822222194444 517.2515709969788
5.318013888888889 517.2775528700906
5.320805555555555 517.3035045317221
5.323594444444445 517.3294561933536
5.326383333333333 517.1746223564955
5.329175 517.2027190332327
5.331963888888889 517.2308459214502
5.335955555555556 517.259003021148
5.3388 517.2871299093656
5.3415888888888885 517.3152870090635
5.3443805555555555 517.1605438066466
5.347169444444445 517.1883383685802
5.349961111111111 517.2158610271905
5.354186111111111 517.2433534743203
5.3570472222222225 517.2708761329307
5.359838888861111 517.2983987915409
5.362627777777778 517.1445317220544
5.365419444416666 517.1715709969787
5.3682083333333335 517.1977643504531
5.372447222222222 517.2239879154079
5.375238888888889 517.2502114803625
5.378019444444444 517.2764048338369
5.380808333333333 517.1209063444107
5.3836 517.1481570996979
5.386388888888889 517.1745317220543
5.3904555555555556 517.2009063444109
5.39335 517.2272809667674
5.396133333333333 517.2536555891238
5.398922222222223 517.0969184290029
5.401713888861111 517.125498489426
5.404502777777778 517.1538670694863
5.408527777777778 517.1822960725076
5.411413888888889 517.2106042296073
5.414202777777778 517.2389123867069
5.416994444444445 517.0849848942598
5.419783333333333 517.1138670694864
5.422575 517.1425075528701
5.426925 517.1711178247735
5.429777777777778 517.1997583081571
5.432561111111111 517.2283685800605
5.435349999972222 517.0761933534744
5.438133333333333 517.1058610271905
5.440919444444445 517.1355287009064
5.445102777777778 517.1652265861028
5.447891666666667 517.1948942598189
5.450683333333333 517.2245921450152
5.4534722222222225 517.0711178247736
5.456263888888889 517.0988821752268
5.459047222222222 517.1266163141995
5.4630527777777775 517.154410876133
5.465855555555556 517.1821752265862
5.4686361111111115 517.2100604229609
5.471427777777778 517.0544108761331
5.474216666666667 517.08332326284
5.477008333333333 517.1114501510576
5.481138888888889 517.1396374622358
5.483991666666666 517.1678247734142
5.486783333305556 517.1960120845924
5.489572222222222 517.0397885196377
5.492361111111111 517.0661933534745
5.495152777777778 517.0925075528703
5.499330555555556 517.1187915407857
5.502122222222222 517.1451057401814
5.504911111111111 517.1714199395773
5.5077 517.0154380664654
5.510491666666667 517.0417220543809
5.513280555555555 517.0680060422962
5.517311111111111 517.0943504531724
5.520166666666666 517.1206948640485
5.522955555555556 517.1470392749245
5.525747222222222 516.9904229607253
5.528536111111111 517.0160422960726
5.531327777777777 517.0413595166164
5.535430555555555 517.0666767371603
5.5383 517.0920241691845
5.541088888861111 517.1173413897283
5.543880555555556 516.9622054380666
5.546669444416667 516.990392749245
5.549447222194445 517.0182779456196
5.553602777777778 517.0461631419943
5.556391666638889 517.0740483383688
5.559183333333333 517.1019335347435
5.561972222222222 516.9501812688824
5.564763888888889 516.9805438066468
5.567552777777777 517.0098791540788
5.571741666666667 517.0392447129911
5.574536111111111 517.0685800604233
5.577327777777778 517.0979456193356
5.580116666638889 516.9423564954685
5.582908333333333 516.9709667673718
5.585697222194445 516.9995770392751
5.589916666666666 517.0280664652569
5.592811111111111 517.0565558912389
5.59560277775 517.0850151057404
5.598391666666667 516.931389728097
5.601180555555556 516.9621148036257
5.603972222222223 516.9919637462239
5.608163888888889 517.0217824773417
5.6109527777777775 517.0515407854988
5.613744444444444 517.0812688821756
5.616533333333333 516.9287311178251
5.619325 516.9580060422965
5.622113888888889 516.9862839879157
5.626125 517.014561933535
5.628988888888889 517.042719033233
5.631772222222223 517.0709063444112
5.634563888888889 516.9198791540789
5.63735 516.9515709969792
5.640141666638889 516.9832628398794
5.644283333305555 517.0149546827797
5.6470722222222225 517.0466163141997
5.649863888861111 517.0782477341393
5.652652777777778 516.927975830816
5.655444444444444 516.9651661631422
5.6582333333333334 517.0011480362539
5.662158333333333 517.0371299093657
5.664991666666666 517.0731419939578
5.667780555527778 517.1090332326287
5.670569444444444 516.9626888217525
5.673361111111111 516.9982477341392
5.67615 517.0332930513597
5.680225 517.0682779456195
5.683016666666667 517.1032628398793
5.685805555555556 517.1382477341391
5.6885972222222225 516.9884592145016
5.691386111111111 517.0191540785501
5.694177777777778 517.0491540785499
5.6984 517.07915407855
5.701255555555556 517.1092447129911
5.7040444444444445 517.1393051359518
5.706825 516.9877341389729
5.709616666666666 517.018580060423
5.712405555555556 517.0493957703928
5.716544444444445 517.0802114803625
5.719363888888889 517.1110271903324
5.722152777777778 517.1418429003021
5.724930555555556 516.9903625377642
5.727722222222222 517.0219335347431
5.730511111111111 517.0533534743201
5.734666666666667 517.0847734138973
5.737455555555556 517.1161027190332
5.7402388888888884 517.1474018126887
5.743027777777778 516.8033534743201
5.745819444444445 516.6433232628399
5.748608333333333 516.4824773413898
5.752833333333333 516.32166163142
5.755688888888889 516.1607854984895
5.758466666666667 515.9999093655589
5.761258333333333 515.6542296072508
5.7640472222222225 515.4913293051361
5.766838888888889 515.3283081570997
5.770963888888889 515.1652567975832
5.773833333333333 515.0022356495468
5.776625 514.8391842900302
5.779413888888889 514.4929305135951
5.782205555555556 514.3266163141992
5.784994444444444 514.1602719033232
5.789005555527778 513.993927492447
5.791869444444444 513.8275528700905
5.794661111111111 513.6612990936553
5.79745 513.3145015105739
5.8002416666666665 513.1483987915406
5.803030555555556 512.9815709969786
5.807163888888889 512.8147734138969
5.810019444444444 512.6478247734136
5.812808333333333 512.4809667673713
5.815597222222222 512.1333836858004
5.818388888888889 511.96842900302096
5.821177777777778 511.8034743202415
5.825369444444444 511.6384894259817
5.828175 511.4735347432023
5.830966666666667 511.30854984894245
5.833755555555555 510.9575830815708
5.836547222222222 510.79223564954657
5.839336111111111 510.6262839879151
5.843536111111111 510.4603323262837
5.846386111111111 510.2943806646523
5.849166666666667 510.1284290030209
5.851958333333333 509.7827492447127
5.8547472222222225 509.6184592145013
5.857538888888889 509.45341389728065
5.861758333333333 509.28827794561903
5.864547222222222 509.12317220543775
5.867327777777778 508.95803625377624
5.870116666638889 510.188519637462
5.872908333333333 511.6002416918426
5.875697222194445 513.0119637462233
5.879877777777778 514.423776435045
5.882666666666666 515.8355891238667
5.885455555555556 517.247280966767
5.888244444444444 516.8954380664649
5.891033333333334 516.7268277945616
5.893825 516.557099697885
5.898005555555556 516.3874622356492
5.900794444444444 516.2177945619331
5.903586111111111 516.0481570996975
5.906375 515.6960725075526
5.9091555555555555 515.5274320241689
5.911944444444444 515.3577039274921
5.916136111111111 515.1880060422957
5.918927777777777 515.0181873111778
5.921716666666667 514.8483987915404
5.924508333333334 514.4949244712986
5.927297222222222 514.3241993957699
5.930086111111111 514.1527492447126
5.934291666666667 513.9814199395767
5.9371527777777775 513.8100604229604
5.939941666666667 513.6387915407851
5.942730555555555 513.2878851963742
5.945522222222222 513.1188821752261
5.948311111083333 512.9499093655584
5.952408333305556 512.7809063444104
5.955269444444444 512.6119335347428
5.958058333305556 512.4429305135947
5.96085 512.0922960725071
5.963638888888889 511.9259214501507
5.966427777777778 511.75933534743166
5.970502777777778 511.59283987915376
5.973325 511.42634441087586
5.976102777777778 511.25984894259796
5.978891666638889 510.9099999999997
5.981683333333334 510.7413293051357
5.984472222222222 510.5719335347429
5.988508333333334 510.40256797583044
5.9913388888888885 510.2331722054377
5.994127777777778 510.06377643504493
5.9969166666666665 509.7143806646521
5.999708333333333 509.5490030211476
6.002497222222222 509.3835951661627
6.006688888888889 509.218187311178
6.009480555555555 509.052688821752
6.012272222222222 508.8871903323261
6.015061111111111 508.5401208459212
6.017852777777778 508.3773111782475
6.020641666666666 508.2138066465255
6.024733333333334 508.05030211480346
6.027525 507.8867975830814
6.030313888888889 507.72329305135935
6.033105555555555 507.3785498489425
6.035894444444445 507.21652567975826
6.038683333305555 507.0536555891238
6.043011111111111 506.8907854984894
6.045802777777777 506.727915407855
6.048583333333333 506.56507552870085
6.051375 506.2197280966767
6.054163888888889 506.05679758308156
6.056955555555556 505.8937462235649
6.061361111111111 505.73057401812684
6.064141666666667 505.56740181268884
6.0669305555555555 505.4041691842899
6.0697222222222225 505.0537462235649
6.072511111111111 504.8888519637461
6.075302777777778 504.72386706948635
6.079311111111111 504.5589123867069
6.082194444444444 504.3938972809667
6.084983333333334 504.22891238670684
6.0877638888888885 503.88141993957686
6.09055 503.715679758308
6.093341666666666 503.5488217522658
6.097505555555555 503.3818126888217
6.100316666666667 503.2147734138972
6.1031 503.0477039274923
6.105888888888889 502.69888217522646
6.108672222222222 502.53078549848937
6.111461111083333 502.36268882175216
6.115536111111111 502.194592145015
6.118316666666667 502.0264954682778
6.121108333333333 501.8583987915407
6.123897222222222 501.5061631419939
6.126677777777778 501.3386102719032
6.129466666666667 501.1702719033232
6.1338027777777775 501.00187311178246
6.1365944444444445 500.83347432024163
6.139383333333333 500.66498489425976
6.142175 500.3151963746223
6.144961111111111 500.14788519637455
6.14775 499.98054380664644
6.151958333333333 499.8132326283987
6.154811111111111 499.64592145015104
6.157588888888889 499.47858006042287
6.160377777777778 499.1289123867069
6.163163888888889 498.96344410876134
6.165947222222222 498.7975226586102
6.170022222222222 498.6315709969789
6.172811111111111 498.4655891238671
6.175591666666667 498.2995770392751
6.178375 497.95184290030227
6.181166666666667 497.78761329305155
6.183955555555555 497.6233836858008
6.188027777777778 497.45915407854994
6.190816666666667 497.29492447129917
6.193605555555555 497.13066465256804
6.1963944444444445 496.7852870090635
6.1991861111111115 496.6211178247734
6.201975 496.45619335347425
6.2064111111111115 496.2912990936554
6.209202777777778 496.12646525679736
6.211994444444445 495.96160120845906
6.214783333333333 495.6146223564954
6.217572222194445 495.4502719033232
6.220363888888889 495.28564954682776
6.224430555555555 495.12102719033226
6.227241666666667 494.95652567975816
6.230033333333333 494.7919033232627
6.2328222222222225 494.44462235649536
6.23560277775 494.28229607250745
6.238391666666667 494.11987915407843
6.242797222222222 493.9575226586102
6.2456805555555555 493.7951963746223
6.248472222222222 493.63287009063447
6.251261111111111 493.28719033232636
6.25405 493.12380664652574
6.256838888888889 492.95972809667677
6.260905555527778 492.7957703927492
6.263763888888889 492.6318126888217
6.266541666666667 492.46779456193354
6.269333333333333 492.12247734138964
6.272122222222222 491.95873111782475
6.2749138888888885 491.7941087613293
6.279061111111111 491.62948640483387
6.281847222222222 491.46474320241686
6.284633333333334 491.30003021148025
6.287425 490.9530513595165
6.290213888888889 490.79030211480364
6.293005555555555 490.6267069486405
6.2971916666666665 490.4631419939578
6.299972222222222 490.29957703927494
6.302763888888889 490.13586102719034
6.305552777777778 489.7901208459214
6.308333333333334 489.62492447129904
6.311125 489.4590332326283
6.315316666666667 489.29305135951654
6.318108333333333 489.12700906344406
6.320897222222222 488.96093655589124
6.323686111111111 488.6116012084592
6.326477777777778 488.4430513595167
6.329266666666666 488.2743504531723
6.333341666666667 488.1055589123868
6.336122222222222 487.9367673716012
6.338911111111111 487.76800604229607
6.341702777777778 487.41954682779453
6.344491666638889 487.2544410876133
6.347283333333333 487.08870090634434
6.351586111111111 486.9230513595166
6.354375 486.75743202416913
6.357163888888889 486.5916918429002
6.35995 486.2412386706947
6.362738888888889 486.07217522658607
6.365530555555556 485.90308157099685
6.369705555555556 485.7341087613292
6.372536111111111 485.56513595166155
6.375324999972222 485.3961027190331
6.378113888888889 485.04510574018116
6.380905555527778 484.8760422960724
6.383686111111111 484.7070090634441
6.387769444444444 484.53794561933535
6.39055 484.36888217522653
6.393341666666666 484.1998187311178
6.396130555555556 483.848912386707
6.398919444444444 483.68105740181267
6.401711111111111 483.5132326283988
6.4058166666666665 483.34537764350455
6.4086 483.1775528700906
6.411386111111111 483.0098187311177
6.414177777777778 482.6586404833835
6.4169583333333335 482.48966767371587
6.41975 482.3207250755286
6.423780555555555 482.15175226586086
6.42665 481.9828096676736
6.429438888888889 481.81383685800597
6.432230555555556 481.4640483383685
6.435019444444444 481.29504531722046
6.437811111111111 481.12528700906336
6.442211111111111 480.9555287009063
6.44500277775 480.7857703927492
6.447791666666666 480.6160120845921
6.450583333333333 480.26413897280963
6.453372222222222 480.09540785498496
6.456163888888889 479.9259516616315
6.4602611111111115 479.7564954682781
6.463075 479.5869486404834
6.465855555555556 479.41734138972816
6.468647222222223 479.0636858006043
6.471436111083333 478.8942296072508
6.474227777777778 478.7244410876134
6.478408333333333 478.554743202417
6.481197222222222 478.38504531722066
6.483988888888889 478.2153474320243
6.486777777777778 477.8634138972811
6.489566666666667 477.69652567975834
6.492358333333334 477.529244712991
6.496763888888889 477.36193353474334
6.499611111111111 477.1946223564956
6.502397222222222 477.0273111782478
6.505188888888889 476.6752870090636
6.5079722222222225 476.5061027190334
6.510761111111111 476.33688821752276
6.514875 476.16767371601225
6.5176638888888885 475.99845921450174
6.5204555555555554 475.82924471299117
6.523244444444445 475.47637462235673
6.526036111111111 475.30649546827823
6.528825 475.13661631419967
6.533 474.96673716012117
6.535788888888889 474.7967371601211
6.538580555555556 474.62667673716044
6.541369444444444 474.27277945619375
6.544158333333334 474.1000000000003
6.54695 473.9272205438069
6.551002777777778 473.7273192771088
6.553858333333333 473.5852710843377
6.5566361111111116 473.40879154078584
6.5594166666666665 473.0550755287012
6.562205555555556 472.8808761329308
6.564991666666667 472.7067673716016
6.5689222222222226 472.53256797583106
6.571811111111111 472.3583081571
6.5746 472.1839577039278
6.577391666666666 471.83253776435083
6.580180555555556 471.6661027190335
6.582969444444444 471.498640483384
6.587047222222222 471.33120845921496
6.58985 471.16386706948674
6.5926416666388885 470.99655589123904
6.595422222222222 470.6455287009067
6.598205555555555 470.4765861027194
6.600994444444445 470.3074018126892
6.6052027777777775 470.1383081571
6.608061111111111 469.9692145015109
6.6108472222222225 469.8000906344414
6.613638888888889 469.25114803625405
6.616427777777778 468.8852265861031
6.619219444444444 468.51936555891274
6.623491666666666 468.1535347432028
6.626336111111111 467.78767371601236
6.629125 467.42193353474346
6.631905555555556 467.2675226586106
6.6346944444444444 467.2923564954685
6.637475 467.31712990936575
6.64165 467.34193353474336
6.644444444444445 467.3667069486407
6.647233333333333 467.39154078549876
6.650022222222222 475.51187311178273
6.652813888888889 483.8141087613296
6.65560277775 492.11567975830826
6.659752777777777 500.41737160120863
6.662566666666667 508.71906344410894
6.665355555555555 517.0207854984897
6.668147222222222 516.8635951661632
6.670930555555556 516.8886404833838
6.6737222222222226 516.9136858006044
6.677847222222222 516.9388519637463
6.680661111111111 516.964078549849
6.683452777777778 516.9892447129911
6.686241666666667 516.8362235649547
6.689030555527777 516.8682175226587
6.691822222222222 516.900241691843
6.6959333333333335 516.9322658610273
6.698722222222222 516.9642900302116
6.701508333333333 516.9963141993959
6.7043 516.8438066465259
6.707086111083333 516.8729305135953
6.709877777777778 516.9020543806648
6.71395 516.9311782477342
6.716741666666667 516.9603021148038
6.719530555555555 516.9894259818733
6.7223194444444445 516.8338670694865
6.7251111111111115 516.8617220543808
6.727888888888889 516.8893353474322
6.7321027777777775 516.9169486404835
6.734988888888889 516.9445317220544
6.737769444444444 516.9722054380666
6.740561111111111 516.8177341389728
6.74335 517.0395166163141
6.7461416666666665 517.2602719033232
6.750338888888889 517.4810271903323
6.753183333333333 517.7017824773413
6.7559749999722225 517.9225377643504
6.758763888888889 517.9632930513594
6.761552777777778 518.1889425981873
6.764341666666667 518.413836858006
6.768577777777778 518.6388519637462
6.7713666666388885 518.8638972809665
6.774158333333333 519.0889123867067
6.776947222194444 519.1312084592142
6.779727777777778 519.3567069486403
6.782516666666667 519.5822658610269
6.786677777777777 519.8078247734137
6.789533333333333 520.0996686746985
6.792325 520.2590030211479
6.7951138888888885 520.3024169184289
6.797902777777778 520.5263746223563
6.800683333333334 520.7504229607249
6.804827777777778 520.9744712990936
6.807647222222222 521.2609939759035
6.810436111111111 521.4225075528699
6.8132166666666665 521.4636858006041
6.816002777777777 521.6856193353473
6.818791666666667 521.9075226586101
6.822786111111111 522.1580421686746
6.825575 522.4095180722892
6.828366666666667 522.5731419939576
6.83115 522.6104833836856
6.833941666666667 522.833836858006
6.8367305555555555 523.0572809667673
6.841022222222223 523.3034638554215
6.843852777777777 523.5564759036142
6.846641666666667 523.7276132930511
6.849433333333334 523.7704229607249
6.852222222222222 523.9929607250752
6.855005555555556 524.2155287009061
6.859052777777777 524.4587650602407
6.861841666666667 524.7108734939757
6.864630555527778 524.8832326283986
6.867422222222222 524.9206646525677
6.870211111083333 523.5630513595163
6.872994444444444 522.20501510574
6.877255555555555 520.8759036144576
6.880069444444445 519.5521987951805
6.882858333333333 518.1308761329303
6.885644444444444 516.5901510574015
6.888436111111111 516.8129607250753
6.891225 517.0358912386705
6.895477777777778 517.2978614457829
6.898263888888889 517.550361445783
6.901052777777778 517.704682779456
6.903844444444444 517.7450755287008
6.906633333333334 517.9678247734138
6.909425 518.1906646525679
6.913513888888889 518.4485240963854
6.916302777777778 518.7009638554216
6.919091666666667 518.859335347432
6.921883333333334 518.8990332326283
6.924672222222222 519.1231117824773
6.927463888888889 519.346344410876
6.931730555555555 519.6004518072289
6.934519444444445 519.8531626506024
6.937311111111111 520.0157703927491
6.9401 520.0568882175227
6.942888888888889 520.2776435045317
6.945680555555556 520.4983987915408
6.949661111111111 520.7465662650602
6.95245 520.9968373493975
6.955238888888889 521.1604833836857
6.958030555555555 521.2015709969787
6.960811111083333 521.4253776435045
6.963594444444444 521.648912386707
6.967747222222222 521.8999397590361
6.9706 522.1531626506023
6.973388888888889 522.3197885196374
6.976175 522.3612386706949
6.9789666666666665 522.5860120845922
6.981755555555556 522.8107854984895
6.985780555555555 523.0593072289158
6.988627777777777 523.3136144578315
6.991419444444444 523.4850151057403
6.994208333333333 523.5270392749246
6.997 523.7493353474322
6.999788888888889 523.9709969788521
7.003819444444445 524.212560240964
7.006661111111111 524.4638253012049
7.00945 524.6361027190333
7.012241666666666 524.6770996978853
7.015030555555556 524.9006042296073
7.017822222222223 525.1240785498491
7.021922222194444 525.3475830815711
7.024713888888889 525.5710574018128
7.02750277775 525.794561933535
7.030294444444444 525.8361933534744
7.033075 526.0593655589125
7.0358583333333335 526.2825377643506
7.039786111111111 526.5057099697888
7.042633333333334 526.7288519637464
7.045425 526.9520241691845
7.048208333333333 526.9943806646527
7.0509916666666665 526.9190963855423
7.053780555555556 527.1736445783133
7.0581555555555555 527.681325301205
7.060936111111111 527.8923564954684
7.063725 528.1167673716013
7.066505555527778 528.1588821752266
7.069294444444444 528.3884290030212
7.072075 528.6168882175227
7.076516666666667 528.8551506024096
7.079305555555556 529.1131626506024
7.082097222222222 529.3023262839879
7.084886111111111 529.3487009063443
7.0876777777777775 529.5775528700906
7.090466666666667 529.8062235649546
7.094508333333334 530.040843373494
7.0973 530.2990361445783
7.100088888888889 530.4921752265863
7.102880555555555 530.5348640483385
7.105669444444445 530.7604531722055
7.108449999972223 530.9853474320244
7.112380555555555 531.2098795180724
7.1152388888888884 531.4643674698796
7.118030555555555 531.6600302114805
7.120819444444445 531.7025377643505
7.123608333333333 531.9300000000001
7.126397222222222 532.1568580060424
7.130588888888889 532.3803313253013
7.133377777777778 532.6367168674701
7.1361638888888885 532.8374924471301
7.138952777777778 532.8814199395772
7.141744444444444 533.1067673716014
7.144533333333333 533.3320845921453
7.148713888888889 533.5495481927713
7.151502777777778 533.8043975903616
7.154294444444444 534.0080362537767
7.1570833333333335 534.0495468277948
7.159875 534.2737160120848
7.162663888888889 534.4974622356498
7.166725 534.7082831325304
7.169513888888889 534.9616566265063
7.1723027777777775 535.1688519637463
7.175094444444444 535.2117522658612
7.177883333333333 535.436404833837
7.180669444444445 535.6607854984895
7.184988888888889 535.8698493975905
7.187802777777778 536.123825301205
7.190594444444445 536.3339577039277
7.193383333333333 536.3735649546829
7.196175 536.594743202417
7.198963888888889 536.8159214501512
7.203086111111111 537.0160843373495
7.205875 537.2668674698796
7.208663888888889 537.479577039275
7.211455555555555 537.5198187311178
7.214244444444445 537.7425377643506
7.217036111111111 537.9652567975832
7.22122777775 538.1648493975905
7.224113888888889 538.4171686746989
7.226905555555556 538.6334138972811
7.229694444444444 538.6727794561934
7.232480555555555 538.8948036253777
7.235272222222222 539.1157703927494
7.239308333305556 539.3086445783133
7.242172222222222 539.55921686747
7.244961111111111 539.7786706948642
7.24775 539.8190332326285
7.250541666666667 540.0432628398794
7.253327777777778 540.2668882175227
7.257505555555555 540.4609638554219
7.260297222222222 540.714186746988
7.263086111111111 540.937824773414
7.265877777777778 540.9771299093657
7.268666666666666 541.1986102719035
7.271458333333333 541.4200604229609
7.275580555555556 541.6070481927712
7.2783694444444444 541.8581024096387
7.281161111111111 542.0845921450152
7.28395 542.1249244712992
7.286741666666667 542.3474320241694
7.289530555555555 542.2510843373495
7.2937 542.753795180723
7.296491666666666 543.005120481928
7.299280555555556 543.2345015105743
7.302072222222222 543.2741087613296
7.304852777777778 543.496314199396
7.307644444444445 543.3968072289159
7.311630555555555 543.8997289156629
7.314419444444445 544.1512650602411
7.317211111111111 544.3840483383688
7.319994444444444 544.4231722054383
7.322786111111111 544.2900000000002
7.325575 544.5422590361447
7.329688888888889 545.0466566265062
7.33247777775 545.2988855421688
7.335269444444444 545.5364652567977
7.338058333305556 545.5787613293053
7.340847222222222 545.4438554216869
7.343638888888889 545.6955421686747
7.3478916666666665 546.197981927711
7.350680555555556 546.4492168674701
7.353472222222222 546.6874018126891
7.356261111111111 546.7252567975833
7.35905 546.585090361446
7.361833333333333 546.837168674699
7.365841666666666 547.341295180723
7.368686111111111 547.5933734939761
7.371477777777778 547.8377643504535
7.374266666666666 547.8801208459216
7.377055555555556 547.7389156626508
7.379847222222222 547.9933734939762
7.383886111111111 548.5018373493978
7.386675 548.7561144578316
7.389466666666666 549.0038066465258
7.392255555555556 549.045649546828
7.395047222194444 548.9002409638556
7.397836111111111 549.1536746987954
7.401969444444444 549.6605722891567
7.40475 549.9139759036145
7.407541666666667 550.1649848942599
7.410330555555555 550.207824773414
7.413122222222222 550.0603915662653
7.415911111111111 550.3167469879519
7.419927777777778 550.8294879518073
7.422780555527778 551.0858734939759
7.425572222222222 551.3418126888218
7.428352777777778 551.3846827794563
7.431141666666667 551.2324096385543
7.433933333333333 551.486234939759
7.438108333333333 551.9936445783133
7.440894444444444 552.2473493975903
7.443683333305556 552.5055589123866
7.446475 552.5459516616312
7.449255555555555 552.3891265060239
7.452047222222222 552.6419578313253
7.45625 553.1475903614456
7.459127777777778 553.4004216867468
7.461919444444445 553.6622356495467
7.464708333333333 553.7056193353474
7.4675 553.5476506024096
7.470288888888889 553.8049397590361
7.4743916666666665 554.3181626506023
7.4771833333333335 554.5748192771083
7.479972222222222 554.8415709969787
7.482761111111111 554.8845619335347
7.48555 554.7215361445783
7.488338888888889 554.9767771084337
7.492530555555556 555.4857530120481
7.495347222222223 555.7402409638553
7.498136111111111 556.0100604229607
7.500927777777778 556.0548338368579
7.503716666666667 556.0548338368579
7.506508333333334 556.450818181818
7.510680555555555 557.157012195122
7.513558333333333 557.4672782874617
7.51635 557.7486503067485
7.519138888888889 558.0008307692308
7.521930555555556 558.4112037037037
7.524719444444444 558.7930030959752
7.528780555555556 559.1459937888199
7.5315972222222225 559.4698753894081
7.534386111111111 559.7645312499999
7.537177777777778 560.0295924764889
7.5399666666666665 560.4561006289307
7.542755555527778 560.8529337539431
7.547 561.2205063291138
7.549788888888889 561.5585714285713
7.552577777777778 561.8669108280253
7.555369444444445 562.1451118210862
7.55815 562.1451118210862
7.560938888888889 562.9951446945337
7.564986111111111 563.3757419354837
7.5677972222222225 563.7264077669902
7.570586111111111 564.0467857142855
7.573377777777778 564.3366449511399
7.5761666666666665 564.3366449511399
7.5789583333333335 564.7870915032678
7.583125 565.5977302631577
7.585913888888889 565.957326732673
7.588705555555555 566.2860596026488
7.591486111111111 566.5835880398669
7.594277777777778 566.5835880398669
7.597058333333333 567.0523333333332
7.600983333333334 567.8981879194629
7.603877777777778 568.2746464646461
7.6066666666666665 568.6197297297294
7.609458333333333 568.9332203389828
7.612247222222222 568.9332203389828
7.615036111111111 569.6423129251699
7.619111111111111 570.9702054794519
7.621975 571.589209621993
7.624766666666667 572.177896551724
7.627555555555555 572.7358823529408
7.630347222222222 572.7358823529408
7.633125 573.0199652777775
7.6372527777777774 573.488776223776
7.640052777777778 573.6728070175435
7.6428416666666665 573.8227816901406
7.6456333333333335 573.9383038869255
7.648422222222222 573.9383038869255
7.651208333333333 564.516879432624
7.655313888888889 545.3645357142857
7.658133333333334 535.6313978494621
7.660911111111111 525.7920863309353
7.6637 515.845487364621
7.6664916666666665 515.845487364621
7.669280555555556 515.9351086956522
7.673472222222222 516.0063868613139
7.676263888888889 515.987216117216
7.679052777777778 515.9309926470587
7.681844444444445 515.8373431734317
7.684633333333333 515.8373431734317
7.687425 515.9242592592591
7.6914138888888886 515.9869776119402
7.694247222222222 515.9622471910112
7.697036111111111 515.8995864661654
7.699825 515.7985283018868
7.702616666666667 515.7985283018868
7.705405555555555 515.8900378787878
7.709561111111111 515.9601526717556
7.712383333333333 515.9378927203064
7.715175 515.8768076923077
7.717963888888889 515.7764864864864
7.720752777777777 515.7764864864864
7.723544444444444 515.8733720930232
7.727572222222222 515.9489453124999
7.730366666666667 515.9280784313725
7.733155555555555 515.867559055118
7.7359333333333336 515.7668774703557
7.738725 515.7668774703557
7.741513888888889 515.8648015873015
7.745669444444444 515.9403199999999
7.7485083333333336 515.9180321285139
7.751297222222222 515.8550403225805
7.754088888888889 515.750931174089
7.7568777777777775 515.750931174089
7.7596694444444445 515.8473577235773
7.763602777777778 515.9190983606558
7.766472222222222 515.89341563786
7.769263888888889 515.8259917355372
7.772052777777778 515.7163485477179
7.774844444444445 515.7163485477179
7.777633333333333 515.8159583333334
7.781838888888889 515.8910924369748
7.784619444444444 515.8655696202532
7.787411111111111 515.7972457627119
7.7902 515.6856170212766
7.7929916666666665 515.6856170212766
7.7957777777777775 515.7877777777778
7.799877777777778 515.8648706896552
7.8027194444444445 515.8387012987013
7.805508333333333 515.7687391304348
7.8083 515.6543231441048
7.811083333333333 515.6543231441048
7.813875 515.7603508771929
7.817991666666667 515.8418584070796
7.820805555555555 515.8162666666666
7.823594444444445 515.7456249999999
7.826386111111111 515.6292825112106
7.829166666666667 515.6292825112106
7.831955555555555 515.7418018018017
7.836144444444445 515.832909090909
7.838947222222222 515.8103196347031
7.8417361111111115 515.7414220183485
7.8445277777777775 515.6256221198156
7.847316666666667 515.6256221198156
7.850108333333333 515.739074074074
7.854127777777777 515.8283177570094
7.856916666666667 515.8028169014085
7.8597 515.729716981132
7.862491666666667 515.6084834123222
7.865280555555556 515.6084834123222
7.868072222222223 515.7299999999999
7.872261111111111 515.8298557692307
7.8751138888888885 515.807729468599
7.877894444444444 515.7366019417475
7.880683333333334 515.6158048780487
7.883475 515.6158048780487
7.886263888888889 515.7411764705881
7.890397222222222 515.8464851485148
7.893202777777778 515.8249751243782
7.895991666666666 515.753
7.898783333333333 515.6298492462312
7.901563888888889 515.6298492462312
7.904352777777778 515.7598484848486
7.908469444444444 515.8704081632654
7.911305555555556 515.8492820512822
7.914094444444444 515.7761855670104
7.916883333333334 515.6502590673576
7.919675 515.6502590673576
7.922463888888889 515.7866145833334
7.926488888888889 515.9025789473686
7.929333333333333 515.8819576719578
7.9321222222222225 515.8076595744682
7.9349 515.6788770053478
7.937691666666667 515.6788770053478
7.940480555555555 515.8186021505378
7.944475 515.9390217391306
7.947333333333333 515.9178688524592
7.950125 515.8414835164837
7.952913888888889 515.7087292817681
7.955702777777778 515.7087292817681
7.958494444444445 515.8489444444446
7.9628194444444444 515.961179775281
7.965636111111111 515.9331073446328
7.968427777777777 515.8476704545454
7.971216666666667 515.7038285714287
7.974008333333333 515.7038285714287
7.976797222222222 515.8471839080462
7.980802777777778 515.9637209302326
7.983641666666666 515.934912280702
7.986425 515.8467647058824
7.989202777777778 515.6981065088758
7.991994444444445 515.6981065088758
7.994783333333333 515.8479166666667
7.998975 515.9703012048193
