# OrderThroughputTimeAvg ItemThroughputRate ItemThroughputRateScore OrderTurnoverTimeAvg OrdersHandled TripDistance LateOrdersFractional OrderLatenessAvg ISIdleTimeAvg TimingDecisionsOverall InvCombinedAvgRank TimeMoving TimeQueueing DistanceTraveledPerBot ItemPileOneAvg OrderThroughputRate BundlesHandled OrderOffsetAvg OSIdleTimeAvg TripTime TripTimeWithoutQueueing 
84.70504525747758 1726 0.67125084806352 469.59913508844437 546 16.7992966623252 0 0 1 0.8920613999999983 0 719.241505505121 187.40650795000317 755.9683498046339 10.186944444444444 1092 0 -10273.135100063233 0.38846905828273054 21.83342352093723 17.668834455381607 
84.76858911475935 1832 0.7098569479231752 463.1558525896308 578 17.231661079928358 0 0 1 0.6971558000000052 0 698.6554400908911 206.0930266893947 735.2175394102766 11.037918871252204 1156 0 -10278.654447943338 0.3501610096149365 22.65284189521573 17.82253658218304 
87.27457854853961 1808 0.700569871212183 481.32306634794924 553 17.04450318304611 0 0 1 0.8353541000000007 0 695.6971703267412 194.38395351436577 732.9136368709827 11.033509700176367 1106 0 -10265.444585078476 0.3576912346728525 22.617554111691806 18.096997053218182 
93.58488895571666 1772 0.6870928522388817 467.00514631533093 558 16.90390847318504 0 0 1 1.515699899999996 0 686.0536183040289 221.90407167643244 718.4161101103642 10.864269293924465 1116 0 -10272.055955942858 0.3695577949011479 23.20048326411378 17.97921098937419 
79.31083404964019 1844 0.7112089809476344 447.2764610741252 584 17.388086358275064 0 0 1 1.0567781999999937 0 645.2622274229881 237.11661722800218 678.1353679727275 12.326581196581197 1168 0 -10272.219178748956 0.34555240397967424 24.93010848652221 18.850195224265747 
85.42892933257698 1848 0.7146156958542312 467.8681905929552 568 17.298879870307864 0 0 1 0.9405009999999968 0 679.9454292116993 205.89118327651636 715.0203679727251 11.5650522317189 1136 0 -10254.610219148688 0.3444036115790081 23.25099988932887 18.26976158425186 
81.78455245162884 1824 0.7040664059140449 469.6305254395588 564 17.819105798713434 0 0 1 0.8064082000000012 0 670.1400087351234 223.2577272856096 703.8546790491806 12.079629629629629 1128 0 -10288.43297157508 0.35256071567771885 24.71733428335898 19.065239921697973 
80.01383961430989 1722 0.6700653833201372 450.6577678120743 551 17.223910762187916 0 0 1 0.9408199999999942 0 715.9682527289388 211.9780363271924 757.8520735362682 10.070157513835674 1102 0 -10246.00930948298 0.3904774905531372 22.62133485837929 17.803652214579465 
90.2873842368396 1806 0.7004126822035928 465.04138406530626 560 17.4740958204164 0 0 1 0.8476197000000032 0 709.9440476055447 196.36377227265004 754.298469581308 10.817283950617282 1120 0 -10258.669966792111 0.35870467246428933 22.55879236379235 18.00982466635644 
