# SectorTime station0 station1 station2 station3 station4
0 17.501043515556116 15.88463660440971 15.24601239223229 18.28239884132109 16.43618471456857
0.016591666666666668 17.501043515556116 15.88463660440971 15.24601239223229 18.28239884132109 16.43618471456857
0.03333055555555556 17.473793146696867 15.829027743262468 15.198060262999242 18.216456504421988 16.401129178023922
0.04998333333333333 17.44250029136972 15.787768971642887 15.159448075900423 18.165249249470328 16.373419978477415
0.06659444444444444 17.44250029136972 15.787768971642887 15.159448075900423 18.165249249470328 16.373419978477415
0.08327222219444444 17.377364525025573 15.69877490134132 15.082016403133828 18.053424353941057 16.312114160464073
0.09999166666666667 17.329061806360723 15.639570085664838 15.030619415720817 17.981532955806188 16.26557496516575
0.11664166666666667 17.283121583386322 15.582388416743834 14.981568027587812 17.910089106091988 16.220428255556126
0.13324444444444444 17.23141761116274 15.522156235117924 14.929049189273595 17.83333468456826 16.17033180455896
0.15 17.16948462990006 15.452135116125223 14.867708205443392 17.745698038765532 16.110745640592526
0.16663611111111112 17.108440289333394 15.383383853130299 14.808333208562658 17.660030606925723 16.05154046236669
0.183225 17.108440289333394 15.383383853130299 14.808333208562658 17.660030606925723 16.05154046236669
0.19999166666666668 16.97016176319701 15.236219501007303 14.676188949486166 17.474989109770064 15.919423089659057
0.21665 16.895839904942534 15.158881179014713 14.605896776391784 17.378587842123775 15.8492846861062
0.2333222222222222 16.81852494409196 15.078313449110682 14.533173144323818 17.27943403822473 15.776337619007545
0.24997222222222223 16.73841208298851 14.995451562535811 14.45853894553417 17.17698257362564 15.700765062072598
0.2666027777777778 16.656743740797264 14.91115117468044 14.381761521161105 17.07215315716552 15.622734599758996
0.28330833333333333 16.572922690641764 14.825154969652374 14.303322045025803 16.965441633057907 15.542747073375127
0.29999722222222225 16.48294333830682 14.734377300482485 14.220182986897141 16.852731047706104 15.457063710552818
0.3165527777777778 16.48294333830682 14.734377300482485 14.220182986897141 16.852731047706104 15.457063710552818
0.33331666666666665 16.391928539337297 14.643757551083006 14.135440344108352 16.742117104718087 15.371312266850236
0.34999166666666665 16.200572313465347 14.456177132451607 13.959077253950337 16.516779267357133 15.192287436073947
0.36665555555555557 16.1015203768364 14.36003521934318 13.867984240498135 16.401863234165425 15.099578022649725
0.38332222222222223 16.1015203768364 14.36003521934318 13.867984240498135 16.401863234165425 15.099578022649725
0.3999111111111111 15.998097159981405 14.262318517750407 13.775058606414836 16.28361885328582 15.004524108650038
0.41665555555555556 15.791123480003106 14.0691092498448 13.589725022438264 16.051562882847843 14.815768479437248
0.4332388888888889 15.791123480003106 14.0691092498448 13.589725022438264 16.051562882847843 14.815768479437248
0.45 15.577636463451276 13.870174448126011 13.397550596377174 15.816451519071483 14.621546577847456
0.4666222222222222 15.471518331302384 13.771527423581503 13.30239437157982 15.69950601309852 14.524571212121227
0.4832888888888889 15.361473900097618 13.66959759493711 13.204458290523435 15.579377634191685 14.423478631809918
0.49993333333333334 15.250200073732138 13.56697855347214 13.105433309141567 15.459156716243369 14.321131897990943
0.5166083333333333 15.171201935170844 13.487783731337244 13.034649747176985 15.353343548614657 14.252192684035471
0.5332722222222223 15.054459680695773 13.380209558037176 12.929905584724034 15.228287822804413 14.143545028190434
0.5499777777777778 14.78059124082346 13.122411785848788 12.681178866246192 14.925737649852328 13.883566396332368
0.5666138888888889 14.691398919974004 13.028854458549542 12.594598688232606 14.808564250146425 13.793876722828182
0.5832305555555556 14.570431160196659 12.914762439795938 12.484688710095396 14.678143734866207 13.677589888558824
0.5999722222222222 14.284286893392165 12.635831907996005 12.222612216468754 14.355486381798569 13.39853860175617
0.6165722222222222 14.23452050377753 12.578411088444588 12.173169266923413 14.288438181855573 13.346171902776433
0.6332194444444444 14.060107777045443 12.39765729718678 12.008643545841045 14.086564854469309 13.172710707415147
0.6499444444444444 13.757693231730281 12.092567497022728 11.725483773546888 13.743741807254386 12.873620452018262
0.6666 13.701154785592452 12.024526955306438 11.667575169772668 13.667387504041958 12.8123474595519
0.6832722222222222 13.447405583253728 11.75670510268176 11.423185166449262 13.36375496483804 12.554578235013508
0.6999666666666666 13.313837712421721 11.631037795414843 11.302243191452884 13.221859048757407 12.42644637554106
0.7165666666666667 13.111686549631024 11.428931852262389 11.11314758421774 12.990547679248362 12.22675645306044
0.7332638888888889 12.905632363703956 11.224784445996338 10.920370234448866 12.754915938108148 12.022743869598708
0.7499527777777778 12.689058289629884 11.015802964514855 10.720555419634051 12.513249271441481 11.81459572145056
0.7665694444444444 12.464722540837615 10.803665283355434 10.516062666010864 12.266727532311045 11.602204417102733
0.7832833333333333 12.232695354076386 10.587075448840068 10.308166684923394 12.014712165880784 11.386193778804858
0.7999861111111111 11.854017288162563 10.240634321263457 9.974494553476564 11.614880818899133 11.036693334343575
0.8166472222222222 11.656747725464514 10.046093388535619 9.792377800187289 11.38667546443774 10.85253420143651
0.8333222222222222 11.259485900896207 9.684506404009024 9.441162396049375 10.970241802325527 10.489675935602003
0.8499861111111111 11.259485900896207 9.684506404009024 9.441162396049375 10.970241802325527 10.489675935602003
0.8666305555555556 10.852688948338429 9.322171074140865 9.084140397963656 10.547799839193665 10.123977170789694
0.8833305555277777 10.469364602374814 8.974731024046509 8.742471287264703 10.13686591239767 9.77985828324027
0.8999555555555555 10.344237699841306 8.859111273669393 8.629192395084004 9.99794273577164 9.667526942152692
0.9166 10.042787283453066 8.603074838467116 8.37195111437087 9.70019597940754 9.398099829295228
0.9333222222222223 9.630246436589987 8.236538784187603 8.009618553578637 9.266389721921476 9.02977450898983
0.9499416666666667 9.630246436589987 8.236538784187603 8.009618553578637 9.266389721921476 9.02977450898983
0.9665583333333333 9.343771340804548 7.9862514278657635 7.761486369670592 8.972519990120709 8.772140409372975
0.983275 8.913953101726802 7.615058827816468 7.3918945305086305 8.541063470879129 8.382386880387237
0.9999027777777778 8.632532336699478 7.369157188472207 7.149544803732675 8.255271121152353 8.125829503338055
1.01665 8.20557299867247 6.991989673057331 6.7817769596492905 7.8156474792380575 7.734871723626934
1.0333277777777778 7.9238972245376775 6.745027013676639 6.542888070760402 7.53147625883733 7.474548408508538
1.0499 7.9238972245376775 6.745027013676639 6.542888070760402 7.53147625883733 7.474548408508538
1.0666416666666667 7.3769536290944995 6.266171776110648 6.080111373529689 6.9854171683492305 6.960961223796734
1.0832388888888889 7.2285404137684175 6.133959998304614 5.951808176470869 6.83234514295402 6.822163956403459
1.0999722222222221 7.10806474020561 6.031727331666204 5.852611373529688 6.718472723904786 6.708461223796735
1.1165972222222222 6.700176053297916 5.676758923932104 5.505248947055291 6.312682273638469 6.328262872769118
1.1333277777777777 6.334062007965173 5.361590719644346 5.197939242382146 5.958859791300049 5.9850140471118545
1.1498944444444446 6.334062007965173 5.361590719644346 5.197939242382146 5.958859791300049 5.9850140471118545
1.1666138888888888 5.843715924176465 4.939013306165294 4.782793522892162 5.482839754870178 5.527177070791271
1.1833333333333333 5.60614530270754 4.733646074526876 4.581663579389337 5.25289625204532 5.305143172486186
1.1999944444166666 5.3725341915964275 4.5317016300824315 4.383885801611559 5.02678514093421 5.086809839152854
1.2166222222222223 5.231390703318401 4.407945160535805 4.261861267175594 4.887691103774903 4.955512830776914
1.2333305555555556 4.9205897471519835 4.142257185637986 4.001941357167113 4.590951807600877 4.66347650581952
1.2499833333055557 4.701700858263095 3.9544794078602075 3.8169413571671127 4.381507363156433 4.45847650581952
1.2666555555555556 4.486700858263096 3.770590518971319 3.636108023833779 4.177340696489767 4.257920950263963
1.2832916666666667 4.276145302707543 3.5908682967490964 3.4591635793893354 3.9781740298231 4.061532061375074
1.2998888888888889 4.276145302707543 3.5908682967490964 3.4591635793893354 3.9781740298231 4.061532061375074
1.3166583333333333 3.87454300577321 3.2478609799018243 3.1222875953196865 3.5987630823376873 3.6863028310333124
1.333316666638889 3.8110259073179114 3.194617357280483 3.0711025527734623 3.5397669662337905 3.625871637081947
1.3499944444166667 3.4939874502176544 2.922305424346269 2.803954261986354 3.2359853045599096 3.3290806088110894
1.3666055555555556 3.4939874502176544 2.922305424346269 2.803954261986354 3.2359853045599096 3.3290806088110894
1.3832833333333334 3.257187333457838 2.7209454052962494 2.6082968553802894 3.0120145699245544 3.106002426296315
1.3999722222222222 2.9633146553054877 2.4649056064956323 2.3587882436479273 2.7294511592726374 2.826968756753419
1.4165722222222221 2.9633146553054877 2.4649056064956323 2.3587882436479273 2.7294511592726374 2.826968756753419
1.4332666666666667 2.796101540551389 2.3198236392825176 2.218077861134266 2.5690686456114356 2.66767913926708
1.4499944444166666 2.476101540551389 2.0431569726158503 1.950855638912043 2.2612908678336576 2.361568028155969
1.4666583333333334 2.3208237627736112 1.9089903059491833 1.821133416689821 2.112679756722547 2.213234694822636
1.4832472221944444 2.3208237627736112 1.9089903059491833 1.821133416689821 2.112679756722547 2.213234694822636
1.4998916666666666 2.173009555123337 1.781394677533883 1.697362924886542 1.9711497020777382 2.0722510882652583
1.5165777777777778 2.030113380259949 1.6578974097743202 1.5779640177827168 1.833718008088667 1.9359122904510504
1.53332777775 1.8629530516218076 1.5154182172643587 1.441440017491197 1.67496853254623 1.777400067110323
1.5499027777777779 1.657742420603338 1.337409795250721 1.2699634079146274 1.4746849799771755 1.5868034592157578
1.5665527777777777 1.630113380259949 1.3151196319965421 1.2487973511160502 1.450106896977556 1.5603567348954952
1.5832722222222222 1.408513271891282 1.130912620109478 1.0685844938094857 1.2417011630663262 1.3583681436933983
1.599988888888889 1.2658713840264268 1.0137307431076532 0.9543858633571054 1.1101728103485538 1.226562007965175
1.6166111111111112 1.153442005495354 0.9247476922601956 0.8654028125096478 1.006782979840079 1.1245846068352316
1.6332194444444443 1.153442005495354 0.9247476922601956 0.8654028125096478 1.006782979840079 1.1245846068352316
1.6499527777777778 0.9566076892043145 0.7714948282872045 0.7111441031171558 0.8283668721537525 0.9492950803974112
1.6665583333333334 0.940664227717576 0.7586365811490844 0.6992917013985366 0.8145607576178566 0.933473495724121
1.683313888888889 0.8445531166064648 0.6841921367046402 0.6251250347318699 0.7287274242845233 0.8476401623907877
1.6999249999722221 0.7539975610509093 0.6139143589268624 0.5556805902874256 0.6478940909511901 0.7665290512796765
1.716663888888889 0.5859608378870677 0.4845264116575592 0.42797814207650287 0.5014298724954462 0.6169810286808064
1.73332777775 0.5763549225118698 0.47658335572874677 0.42096210696049463 0.49320971065125857 0.6068665855876785
1.7499249999722222 0.5117941712204006 0.42647085610200364 0.3718670309653917 0.4364298724954463 0.5492032509030285
1.766625 0.4364642121293558 0.3662008420675446 0.3149511779987459 0.37025889097912745 0.4779048369537986
1.7832805555555555 0.3817941712204006 0.3225819672131148 0.2724225865209472 0.321707650273224 0.42670325090302863
1.7999555555555555 0.26846083788706737 0.23202641165755925 0.1846448087431694 0.221707650273224 0.3172588064585842
1.8166444444444445 0.2640598405446564 0.22822269999104186 0.18161784466541253 0.21807309862940066 0.3120578424182795
1.8332527777777778 0.2220719489981785 0.19563752276867033 0.15020036429872496 0.18170765027322403 0.2708699175696953
1.849936111111111 0.17644353369763208 0.15984517304189436 0.1163205828779599 0.14236338797814208 0.22524150226914885
1.8666527777777777 0.10768268963600998 0.10379735111605073 0.06631471705103269 0.08432434935630267 0.15165802490647906
1.8832194444444443 0.10588797814207648 0.10206739526411655 0.06520947176684881 0.08291894353369764 0.14913039115803775
1.8999666666666666 0.07512765385649019 0.07593836782227001 0.04371584699453552 0.057372570097644 0.11416749036238054
1.9166666666666667 0.0380464480874317 0.0422040072859745 0.018333333333333333 0.02777322404371585 0.06773694853508691
1.933313888888889 0.023324225865209474 0.02831511839708561 0.00888888888888889 0.01610655737704918 0.04745917075730913
1.9499805555555556 0.023324225865209474 0.02831511839708561 0.00888888888888889 0.01610655737704918 0.04745917075730913
1.96665 0.0152915882827197 0.01965421481680552 0.004644808743169399 0.01037803457851832 0.03383962150992155
1.9832833333333333 0.005075483930721496 0.007891080855793276 0.0008474576271186442 0.0033851995924793926 0.015212716024382164
1.999961111111111 0.001968139297953135 0.0036537927202000553 0 0.001125312586829675 0.008150569131726798
2.0166444444444442 0.000546448087431694 0.001092896174863388 0 0.000273224043715847 0.003292504090642462
2.033236111111111 0.000546448087431694 0.001092896174863388 0 0.000273224043715847 0.003292504090642462
2.049952777777778 0 0 0 0 0.0002824858757062147
2.0666416666666665 0.008333333333333333 0.008333333333333333 0.01 0.011666666666666665 0.01
2.0833166666666667 0.016944444444444443 0.016666666666666666 0.01944444444444444 0.02333333333333333 0.02
2.099975 0.02896174863387978 0.028688524590163935 0.03333333333333333 0.04016393442622951 0.03415300546448087
2.1165944444444444 0.029444444444444443 0.029166666666666667 0.033888888888888885 0.04083333333333334 0.03472222222222222
2.1332305555555555 0.04689265536723164 0.046897443263430046 0.053997893325672695 0.06565642056880207 0.05541989849660059
2.1499972222222223 0.09145480225988702 0.09230225988700565 0.10432674199623353 0.1295056497175141 0.10907721280602636
2.1666333333333334 0.12006591337099812 0.1217467043314501 0.13654896421845575 0.17033898305084746 0.14379943502824857
2.183333333333333 0.15312146892655368 0.15563559322033899 0.17404896421845575 0.21700564971751415 0.18379943502824858
2.19995 0.15571674806090205 0.15827348463085322 0.17699894666283636 0.220683711577133 0.18691467968974432
2.2166527777777776 0.23640363063814024 0.24078910808557935 0.2698295822913772 0.33011484671668057 0.28789015467259427
2.2332833333333335 0.28121237380753916 0.2866907474298417 0.32146892655367226 0.3907705844215986 0.34444753172177456
2.249938888888889 0.2907449966484727 0.29640907785119225 0.3323661783012544 0.40401704491046636 0.3561237192377669
2.2665888888888888 0.39104843938130973 0.3954339168287488 0.4427804019635083 0.5328470871538391 0.48051310549226633
2.2833305555555556 0.46150033960050635 0.46404634003272516 0.5217447747831188 0.6242415331419221 0.5680298539717822
2.2999277777777776 0.46150033960050635 0.46404634003272516 0.5217447747831188 0.6242415331419221 0.5680298539717822
2.316636111111111 0.5309447840449508 0.5321018955882807 0.6009114414497854 0.7136859775863666 0.654696520638449
2.3333166666666667 0.6792781173782843 0.6776574511438362 0.7709114414497854 0.9025748664752554 0.8396965206384489
2.349988888861111 0.6907913058084246 0.6891431706547487 0.7839777370675785 0.9178727455680563 0.8539286650560497
2.3666583333333335 0.7761020402717014 0.7730414757394944 0.8811528783105163 1.025217378336418 0.959578382570174
2.3832999999722224 0.940944784044951 0.9340463400327252 1.0675781081164522 1.2303526442530335 1.1630298539717823
2.399922222222222 1.0173227384048698 1.0091712634201668 1.1539019642675483 1.325483475221563 1.2570785448902777
2.4166444444444446 1.1175646088697986 1.1078006641189038 1.2662373579789163 1.449374902257306 1.379357502159829
2.4332999999722222 1.2194771771758095 1.2080738881626196 1.3804450082521402 1.5753311864103114 1.5036744420505392
2.449986111111111 1.3486906856842953 1.3351528974097744 1.5253968695007871 1.7351978172949278 1.6615134605291595
2.466597222222222 1.3486906856842953 1.3351528974097744 1.5253968695007871 1.7351978172949278 1.6615134605291595
2.483299999972222 1.4930187764021081 1.4772741329590926 1.6871267599443032 1.9109356334072711 1.837132332741518
2.4999805555555557 1.6201374204699048 1.602697861772652 1.8292171554245293 2.0623480627858024 1.9913696208771112
2.516602777777778 1.7234129079065175 1.7054306751875523 1.9445635361674538 2.182697817294928 2.115957904973604
2.5332777777777777 1.9950795745731844 1.975430675187552 2.247896869500787 2.5060311506282607 2.443180127195826
2.5499888888611113 2.136468463462073 2.1162640085208855 2.405674647278565 2.6729755950727054 2.6131801271958257
2.5665722222222223 2.136468463462073 2.1162640085208855 2.405674647278565 2.6729755950727054 2.6131801271958257
2.5832277777777777 2.285621005834954 2.2654165508937667 2.5717763421938193 2.8483993238862646 2.7919936865178596
2.5999416666666666 2.4433987836127318 2.4240276620048777 2.747331897749375 3.0311771016640425 2.9797714642956374
2.6166 2.651196503108993 2.6326270009089154 2.9777951502536015 3.2740784084719077 3.2266037490012134
2.6332999999722224 2.820400754760817 2.8029803476483584 3.164810375763512 3.4688500258232433 3.426259020474928
2.6499527777777776 2.947838519959248 2.9334862307431075 3.303452425056342 3.6088136365039674 3.573043592355901
2.6665944444444443 3.127838519959248 3.116819564076441 3.500952425056342 3.8110358587261897 3.782210259022568
2.683263888888889 3.3108893674168756 3.3032602420425423 3.701799882683461 4.016685576240314 3.9949221234293475
2.699972222222222 3.692556034083542 3.6943713531536533 4.121799882683461 4.4405744651292025 4.434366567873792
2.7166527777777776 3.888667145194653 3.8963157975980978 4.337910993794571 4.658074465129203 4.65964434565157
2.733258333333333 3.888667145194653 3.8963157975980978 4.337910993794571 4.658074465129203 4.65964434565157
2.749988888861111 4.305729986724708 4.325500679201012 4.797669645889289 5.116184665493502 5.134289154394739
2.766583333333333 4.305729986724708 4.325500679201012 4.797669645889289 5.116184665493502 5.134289154394739
2.7833277777777776 4.665404931849618 4.69660796790851 5.193805124981589 5.5019559926330475 5.537227554102004
2.799975 4.967606125158222 5.00516254515143 5.52814632150906 5.837266370288043 5.882848013337037
2.816655555527778 5.198161680713778 5.241273656262541 5.781479654842394 6.085877481399154 6.1422924577814815
2.83325277775 5.198161680713778 5.241273656262541 5.781479654842394 6.085877481399154 6.1422924577814815
2.85 5.682724522243832 5.736305532400975 6.309571640270445 6.603227208175111 6.6849791608780205
2.8666638888888887 5.9310851779815374 5.989037772838133 6.5789705473742695 6.86716163440462 6.962574789293321
2.88325 5.9310851779815374 5.989037772838133 6.5789705473742695 6.86716163440462 6.962574789293321
2.8999 6.188307400203759 6.2507044395047995 6.858414991818714 7.140494967737952 7.250630344848877
2.916613888888889 6.601530479778079 6.671721880850326 7.305012245356557 7.570070997256373 7.708154511650928
2.9332805555555557 6.71155598777438 6.782917245531165 7.426762449445833 7.696238847210646 7.836623753511777
2.9498972221944446 6.981329999073816 7.058058488469017 7.719982788428883 7.982114553425335 8.139731098144546
2.9666305555555557 7.525044688339352 7.614654533666757 8.311037402364853 8.557204007285975 8.754585147108765
2.9833222221944444 7.793897147355746 7.892796610169489 8.604753249359389 8.842176684881602 9.063874764595104
2.999991666666667 8.067230480689078 8.175574387947266 8.9033643604705 9.131898907103825 9.378319209039548
3.0166583333333334 8.341119369577967 8.460574387947267 9.203086582692722 9.42245446265938 9.696096986817327
3.03325277775 8.341119369577967 8.460574387947267 9.203086582692722 9.42245446265938 9.696096986817327
3.04995 8.615008258466855 8.748352165725045 9.503086582692722 9.713565573770492 10.018874764595104
3.0666583333333333 9.031493603841618 9.181461265919753 9.959071101043447 10.161368035377057 10.507157904816625
3.083325 9.398564338859556 9.576064416041492 10.359990043530608 10.534653067210025 10.9485231237072
3.0999777777777777 9.643168163996167 9.835149115495044 10.626419916026055 10.786278750270135 11.240085054490443
3.1166444444444443 9.78966253965712 9.984610131816275 10.786994111672575 10.94496603733303 11.410485806634924
3.1333055555555553 10.11310225062517 10.332569077830264 11.136815396252045 11.25593976721929 11.798785619462196
3.1499694444444444 10.333461995616064 10.566858695316602 11.377348183137292 11.4728523355253 12.060593451884783
3.1666305555555554 10.479509374072833 10.716014492412365 11.537416231439055 11.625782036127426 12.229699555589043
3.1833305555555556 10.753461995616066 11.012969806427714 11.83262596091507 11.874241224414188 12.558093451884782
3.1999555555555554 10.753461995616066 11.012969806427714 11.83262596091507 11.874241224414188 12.558093451884782
3.2166472222222224 10.94401755117162 11.216580917538822 12.037070405359515 12.05146344663641 12.781426785218114
3.2333305555555554 11.309573106727179 11.607136473094378 12.427070405359517 12.387019002191966 13.203649007440337
3.249988888861111 11.340509962542722 11.64690123394932 12.458499780600869 12.400561555501906 13.241428478159536
3.266611111111111 11.611374707035695 11.92928206673856 12.755398078248353 12.674026918965247 13.549612494368334
3.283325 11.65034602811649 11.98952418476899 12.796204698633654 12.677610735829772 13.598805527339863
3.2998916666666664 11.780584035688923 12.127327729924978 12.937890077490664 12.806390586891418 13.74594408940755
3.3166305555555557 11.919049195764254 12.283565959680155 13.08329968201044 12.922030888209685 13.90278024759964
3.3333305555555555 12.166886172084839 12.566138819425147 13.339775091846503 13.123251288938281 14.181172779475778
3.3499944444444445 12.156087984367243 12.56411396912014 13.323992699854395 13.093012555096507 14.169065405235514
3.3666222222222224 12.257395876510932 12.682375189222261 13.427799920135682 13.168709052453849 14.281875581711372
3.3833194444444445 12.468908030008338 12.921525886820412 13.649929918804611 13.34596531443919 14.516851285851006
3.3999555555555556 12.585330200008478 13.047031975297594 13.773940030422768 13.452959076830815 14.645950460187462
3.4165888888888887 12.55085247445278 13.021248109042634 13.733818807693499 13.396798647772524 14.607129063628783
3.4332833333333332 12.727735497776376 13.22613265141133 13.919378578167512 13.531365115545274 14.80285978685228
3.4499833333333334 12.784797644669032 13.3021213519763 13.976440725060167 13.55565890085601 14.864441707756235
3.4666305555555557 12.731995461702326 13.256808218332251 13.91544449075361 13.48195347473063 14.803923234849186
3.483311111111111 12.707122652467215 13.257762629874415 13.88054111873821 13.406651361868883 14.77197680898003
3.4999805555555557 12.793908030008335 13.35539200703899 13.972161248494958 13.481206662344475 14.866509755796363
3.516591666666667 12.807241363341667 13.38511422926121 13.98049458182829 13.46287332901114 14.87706531135192
3.5333305555555556 12.814025732456546 13.42494002963786 13.976342039455407 13.400622858201347 14.877597326417833
3.5499916666666667 12.88742729854338 13.509261047089346 14.052777215265387 13.457978047888377 14.956878637035086
3.5666611111111113 12.77792874563922 13.418843042820534 13.92579590009571 13.295476907165563 14.829339322651354
3.583311111111111 12.685896051878405 13.330547040237343 13.823545550752566 13.187434958405257 14.725714034104799
3.5999444444444446 12.643040188759175 13.30030875303856 13.77126569766648 13.112464072442702 14.674849571146813
3.616661111111111 12.632232178691613 13.311602142570466 13.753268268963607 13.052239279429466 14.66092147510111
3.633286111111111 12.632232178691613 13.311602142570466 13.753268268963607 13.052239279429466 14.66092147510111
3.649947222222222 12.44924447744288 13.138248784953925 13.5532740576086 12.827390197945086 14.460536017138946
3.6666444444444446 12.387569926831526 13.092723364514834 13.483314500941626 12.722196983730047 14.396610864128926
3.6832444444444445 12.387569926831526 13.092723364514834 13.483314500941626 12.722196983730047 14.396610864128926
3.6999916666666666 12.17201437127597 12.887723364514835 13.243314500941624 12.456641428174493 14.169944197462259
3.716658333333333 12.053681037942637 12.772445586737058 13.1110922787194 12.312752539285603 14.045499753017813
3.733311111111111 12.053681037942637 12.772445586737058 13.1110922787194 12.312752539285603 14.045499753017813
3.749911111111111 11.782582441692211 12.500492926845194 12.811730110215803 12.010630912958515 13.758415057613151
3.7666583333333334 11.613562640857028 12.339823793646383 12.620128353555002 11.800122564910007 13.587865302090087
3.78325 11.613562640857028 12.339823793646383 12.620128353555002 11.800122564910007 13.587865302090087
3.799913888888889 11.40792977647589 12.143772830808306 12.387312153564313 11.557010814366201 13.38114856135493
3.816647222222222 11.07393280540891 11.81029468062116 12.020882884134481 11.200806474020563 13.032055354882532
3.8333305555555555 10.929278169254667 11.662858155802235 11.864529612809871 11.053798717615855 12.878251168736915
3.8499944444444445 10.723267240292914 11.460945587496223 11.641032345050307 10.831940794118587 12.666775758900851
3.866588888888889 10.510855702175922 11.25271751260596 11.411488315667524 10.604492975431855 12.447739657494418
3.883313888888889 10.437675974807815 11.187530564045566 11.332280880491492 10.517300098792875 12.377606356704026
3.8999888888888887 9.951931940971258 10.713209379148529 10.809429779877124 10.00126478034022 11.87210019758575
3.9166416666666666 9.70248749652681 10.469598268037414 10.541096446543792 9.736820335895773 11.612100197585752
3.9333138888888888 9.441324596338488 10.212512580655119 10.259542774227407 9.460944629681084 11.337048408508537
3.949988888888889 9.173907721280601 9.947350961686885 9.971129326047356 9.179347889845944 11.052089623660892
3.966666666666667 8.906079852428144 9.680779923435523 9.682149362477226 8.897603809700227 10.763997638232842
3.983252777777778 8.761444663590524 9.530275334526744 9.526431066917489 8.754473692601316 10.602565982961265
3.9999944444444444 8.365829397054737 9.133931107406374 9.094244080145716 8.327052807878735 10.167016763915903
4.0166055555555555 8.22909204220256 8.998912990582754 8.943581550430673 8.172709070159165 10.016175240140464
4.033283333333333 8.09194050816585 8.851153329628598 8.794521857923495 8.03649725232318 9.855072319471457
4.05 7.543757833966225 8.276624139421443 8.194521857923496 7.455273146861786 9.215797366552438
4.0666166666666665 7.543757833966225 8.276624139421443 8.194521857923496 7.455273146861786 9.215797366552438
4.0832444444444445 7.15916071100503 7.865258716370818 7.774393084296336 7.058192166312139 8.755429103712784
4.099930555555556 6.902509273219489 7.594095050689549 7.493285855056885 6.787834735513966 8.449597338058387
4.116661111111111 6.649620264888395 7.32696255942376 7.217016035116008 6.523120948897465 8.148334236741535
4.133294444444444 6.359211912285742 7.030701403246034 6.898948782069092 6.212040303097379 7.81098963459718
4.149947222222222 6.150713161063259 6.800186603139608 6.67275374003404 6.0083668505368095 7.554891613790715
4.166602777777777 6.008143079867866 6.6542334290389284 6.515933515482696 5.856593729739746 7.389276419375751
4.1833277777777775 5.526476413201199 6.144788984594486 5.990933515482696 5.367704840850857 6.817054197153527
4.199922222222222 5.526476413201199 6.144788984594486 5.990933515482696 5.367704840850857 6.817054197153527
4.216555555555556 5.294254190978977 5.8986778734833765 5.738711293260474 5.13353817418419 6.542331974931305
4.233319444444445 4.837587524312309 5.4147889845944865 5.243711293260473 4.6746492852953 6.005109752709084
4.249897222222223 4.837587524312309 5.4147889845944865 5.243711293260473 4.6746492852953 6.005109752709084
4.266619444444444 4.617642169121051 5.180909203173723 5.004640255009108 4.454430706060326 5.746639807353893
4.283311111111111 4.190975502454384 4.722020314284833 4.53797358834244 4.028319594949213 5.244973140687228
4.299997222222222 4.050575489425028 4.57395918200756 4.3865057462603385 3.8880354398506793 5.086240999147597
4.316608333333333 3.9177697356733874 4.42399330718764 4.242685885727212 3.7605588680522968 4.919478999175545
4.3332194444444445 3.783343675712388 4.281893195640767 4.0983973171559995 3.6265681825198346 4.76785920471736
4.3499944444444445 3.586895588280694 4.069598113673553 3.8869219073199344 3.433125559569014 4.538077783952334
4.366586111111111 3.39509230959217 3.8622210644932253 3.68063775431447 3.245147417492512 4.31403406810534
4.383322222222223 3.0232070636905304 3.4578221573893995 3.280100413695162 2.882633756290326 3.879065944243772
4.399988888888889 2.97364629215462 3.401136548251868 3.2263282757657334 2.8353774652035995 3.815474699256169
4.416636111111111 2.847929285912753 3.2661554907227326 3.090655969250718 2.714578200734771 3.6737881664659944
4.433227777777778 2.677651508134976 3.0794888240560656 2.9067670803618286 2.5515226451792157 3.4740659442437716
4.449988888888889 2.4714604998048944 2.8503168761207203 2.683978548989777 2.354776372307425 3.2269501090922343
4.466652777777778 2.313810226580851 2.6768196083611575 2.514852865929668 2.205049596351141 3.0427971036277537
4.483244444444445 2.1979292859127546 2.5503221573893993 2.3903781914729403 2.094578200734772 2.9123992775771046
4.499922222222223 2.012475459941059 2.3429667014364957 2.190213432085719 1.9178060238347931 2.689433312532169
4.516658333333333 1.762010126269643 2.0666347905282327 1.9217028649933627 1.6817421505973882 2.4006696304529025
4.533327777777778 1.6239545707140872 1.9130236794171218 1.773369531660029 1.552297706152944 2.238169630452903
4.549888888888889 1.6239545707140872 1.9130236794171218 1.773369531660029 1.552297706152944 2.238169630452903
4.56665 1.3695101262696427 1.6291347905282332 1.5000361983266959 1.3150754839307213 1.9376140748973478
4.583238888888889 1.3695101262696427 1.6291347905282332 1.5000361983266959 1.3150754839307213 1.9376140748973478
4.599891666666666 1.2501112191658175 1.4952550091074681 1.3718941218239633 1.20332685005094 1.7958107962088234
4.616583333333334 1.1172821989107478 1.344969990146018 1.2290063117107513 1.0787896455755015 1.6325362843655722
4.633305555555555 0.9420037424080451 1.151442098636941 1.03914372008546 0.916028463650449 1.4283835120552948
4.649905555555556 0.9263036800345776 1.132251396992992 1.0218246580840356 0.9007613225896082 1.4045771201877066
4.666644444416667 0.7346005834954156 0.9174107776851594 0.8124940569911395 0.7200691550121948 1.1674140965082895
4.683322222222222 0.7225579509790973 0.9023712567395011 0.7991744822863667 0.7082647426349457 1.148276160499957
4.699947222222222 0.578124887170479 0.7436945761769982 0.6432142952452267 0.5712567678090115 0.9708165953191642
4.716563888888889 0.4907116946065264 0.6446329999073815 0.5486051681022506 0.4881247105677503 0.8538029853971781
4.733288888888889 0.4907116946065264 0.6446329999073815 0.5486051681022506 0.4881247105677503 0.8538029853971781
4.749916666666667 0.36400059338516816 0.5030166100753034 0.41270582066895545 0.3681494231762433 0.686353318483006
4.766625 0.3021361866055072 0.4323951411487497 0.34660412575370125 0.30995733278076304 0.6007600981440231
4.783308333333333 0.2922300821266381 0.4182182512750202 0.3352400560568586 0.2997947972797544 0.5810630457458583
4.799997222222222 0.20358834244080146 0.3134653916211293 0.24114754098360652 0.2140710382513661 0.4501730418943534
4.816583333333333 0.20025082863029653 0.3083266147093075 0.23719430260682609 0.21056167696855682 0.44279315596165914
4.833275 0.12346539162112932 0.21488160291438982 0.15385701275045535 0.13504553734061933 0.32376593806921683
4.85 0.0912431693989071 0.17321493624772313 0.1174681238615665 0.10226775956284154 0.26821038251366125
4.866605555555555 0.06538853385199592 0.13914513290728908 0.08782069093266649 0.07575252384921737 0.2224738353246272
4.883313888888889 0.06324464749619278 0.13458299740213206 0.08494132401684137 0.07326883454268565 0.215179611215623
4.899988888888889 0.04685120487324196 0.10808026516169489 0.06472274478186868 0.05578249574487145 0.17774791722655195
4.916661111111111 0.01901639344262295 0.06087887067395263 0.029749544626593804 0.025892531876138433 0.11022313296903462
4.933330555555556 0.01040528233151184 0.042823315118397084 0.018082877959927142 0.01589253187613843 0.08216757741347905
4.9499361111111115 0.010234703932634598 0.0421212935590791 0.017786437337633253 0.015631998566693537 0.0808205679476843
4.966644444416667 0.0048598047119949835 0.028415300546448086 0.009724088506673832 0.008644629579862043 0.05824599122099794
4.983258333333334 0.0005557099194220617 0.009789756413818655 0.001389274798555154 0.001389274798555154 0.025511716217467815
4.999911111111111 0.000546448087431694 0.009626593806921678 0.001366120218579235 0.001366120218579235 0.025086520947176685
5.01665 0 0.003825136612021858 0 0 0.013387978142076502
5.033316666666667 0 0.001639344262295082 0 0 0.007650273224043716
5.049966666666666 0 0 0 0 0.0011111111111111111
5.066611111111111 0.004098360655737705 0.005737704918032787 0.006284153005464481 0.004098360655737705 0.0060109289617486334
5.083322222222222 0.016188524590163934 0.023046448087431694 0.024694899817850637 0.016461748633879784 0.019754098360655736
5.099941666666667 0.016462906362878577 0.023437065851625454 0.025113457441882005 0.016740761322589608 0.02008891358710753
5.116563888888889 0.0328551912568306 0.046657559198542815 0.050250455373406194 0.03312841530054645 0.03975409836065573
5.133311111083334 0.050648485219528964 0.07186663589854683 0.07753134502207927 0.05092634017924 0.061111608215087994
5.149966666666667 0.10035989935475903 0.14066885863357106 0.15512804482726683 0.09952201228736376 0.12009308141150318
5.166627777777777 0.12767640373692146 0.1782535221532393 0.19821337742572695 0.12630580443565836 0.15255057188016707
5.183244444444444 0.12980434379920347 0.18122441418912663 0.20151693371615573 0.12841090117625267 0.1550930814115032
5.199952777777778 0.17324735527602614 0.2362734155595638 0.2662319099938307 0.16900543622443773 0.20263703194390154
5.216558333333333 0.21563767713253681 0.28872441418912664 0.328739155938378 0.2089664567318082 0.24814863696705874
5.233311111083333 0.2709874682703764 0.3560474268589988 0.40888727722546914 0.26024837407754503 0.30715680595520095
5.249983333333334 0.3277671292873256 0.4229965794013717 0.48967823767744656 0.31250826108319474 0.3670438116049185
5.266663888888889 0.44674878824364794 0.5592799697446822 0.6526280448272669 0.4206331233984748 0.48870419252261427
5.2832888888888885 0.44674878824364794 0.5592799697446822 0.6526280448272669 0.4206331233984748 0.48870419252261427
5.299994444444445 0.5873333060033373 0.7161823943202195 0.8394254171999812 0.5497314068722792 0.6280723850128375
5.316577777777778 0.5971221944367263 0.7281187675588898 0.8534158408199809 0.5588935969868172 0.6385402580963847
5.333252777777778 0.6818444166589486 0.8214521008922232 0.9634158408199809 0.6363935969868172 0.7210402580963848
5.349916666666667 0.768002608749344 0.9163673551295113 1.075280247599642 0.7152071563088511 0.8049385631811306
5.366661111111111 0.8784772292366211 1.0378312086062826 1.2172341501013306 0.8168773340993966 0.9118019286587769
5.383263888888889 0.9652248309715663 1.1302562440184003 1.3247246920440863 0.8965960451977399 0.9929941187366861
5.3998888888888885 1.0721692754160108 1.2449784662406225 1.457780247599642 0.995207156308851 1.0941052298477973
5.416658333333333 1.2748113091523603 1.460088108870558 1.7076527025570245 1.182170973418542 1.2843657998502922
5.433277777777778 1.2960581643048996 1.484422910685067 1.736113580932975 1.2018738229755177 1.3057718965144638
5.449888888888889 1.4185581643048997 1.6155340217961782 1.8863913587107528 1.315207156308851 1.422994118736686
5.466580555555556 1.6432469857291871 1.854350403952525 2.158518683848124 1.523404649439659 1.6374129425751232
5.483294444444445 1.698950273381024 1.9172097396797292 2.2316888087243316 1.5750454850138846 1.6929184660522458
5.499919444444444 1.8396282394827188 2.0663622820526104 2.4003328765209413 1.7066839030929806 1.8296416298940537
5.51665 1.9496457349263683 2.1810754530579484 2.5289713963755363 1.8098775894538603 1.9358707665709607
5.533313888888889 2.098534623815257 2.3380198975023925 2.7056380630422026 1.9498775894538602 2.0803152110154053
5.5498916666666664 2.252979068259702 2.499964341946837 2.8881380630422027 2.095433145009416 2.2294818776820717
5.5665749999722225 2.4100412151523574 2.66465360748356 3.0737312833811856 2.243455743879472 2.381176792936309
5.583313888888889 2.6962154028821006 2.961560208740436 3.4062007965175507 2.5158285467881933 2.6575267568252867
5.599983333333333 2.910596770707913 3.187863989997221 3.6618596986817322 2.7188701336791072 2.865985536105708
5.616613888888889 2.9599289193639793 3.241895583048022 3.7239251173034567 2.7649526783177363 2.914561562141398
5.633333333333334 3.2689301040412464 3.5617528788861104 4.07963747645951 3.059981244790218 3.215429980550152
5.6499083333055555 3.2689301040412464 3.5617528788861104 4.07963747645951 3.059981244790218 3.215429980550152
5.6665527777777775 3.4586523262634685 3.7589751011083328 4.298248587570622 3.2408145781235516 3.40070775832793
5.683316666666666 3.8492078818190243 4.164530656663888 4.746026365348399 3.6135923559013294 3.78070775832793
5.69997777775 4.04976343737458 4.372586212219444 4.975470809792843 3.805259022567996 3.9757077583279297
5.716647222222222 4.256594038467475 4.5862474144052365 5.212082831650767 4.004439350436849 4.178166774721372
5.733325 4.468615896390973 4.804826649377914 5.454979006514154 4.208810935136302 4.3855438239017
5.749994444444445 4.684171451946528 5.027048871600136 5.701923450958599 4.41658871291408 4.596377157235033
5.766597222222222 4.684171451946528 5.027048871600136 5.701923450958599 4.41658871291408 4.596377157235033
5.783330555555556 5.135282563057641 5.489826649377914 6.217479006514154 4.853810935136303 5.0402660461239215
5.799991666666667 5.2784200073791 5.632616376437292 6.374842738647802 4.994732067347183 5.181682449739377
5.8166472222222225 5.602227007502084 5.968159982711247 6.750256784291931 5.307144268469636 5.502210490568367
5.833322222222222 5.697180007629239 6.069315236655505 6.864667916229083 5.397095866240307 5.595468295493254
5.85 6.09698110586274 6.474485119323268 7.31169121052144 5.789498548979654 5.996135809329751
5.866663888888889 6.3497133462998985 6.733501512765892 7.596937112160784 6.037039532586211 6.249141273810625
5.883330555555555 6.606657790744344 6.996834846099225 7.886937112160783 6.288706199252878 6.506363496032847
5.899991666666667 6.867768901855455 7.264890401654781 8.181381556605228 6.545095088141767 6.768307940477291
5.916613888888889 6.867768901855455 7.264890401654781 8.181381556605228 6.545095088141767 6.768307940477291
5.9332972222222224 7.400347395881573 7.817965329875583 8.783405266895123 7.073454817696272 7.308893288259083
5.949947222222222 7.525777012760922 7.950473216822627 8.932276542605209 7.1933438824029885 7.432772835517711
5.966558333333333 7.669791840326018 8.101854218764473 9.088683044672901 7.3440103732518285 7.585837732703527
5.983322222222222 8.209650134296565 8.674707789200706 9.701594038467473 7.889096971380938 8.144252107066775
5.99995 8.34879674674227 8.821736734780378 9.866027835729634 8.022810479370445 8.282290278372992
6.016652777777778 8.75478666913649 9.259326433268503 10.322083680652032 8.443470794356456 8.713743632490504
6.033325 9.02063366367201 9.547577799388723 10.624815921089189 8.715055493810008 8.995164397517827
6.0499833333333335 9.17352575966645 9.709401151920733 10.804897546870363 8.862768298789838 9.147624811035078
6.066663888888889 9.548689219227565 10.116188910499833 11.22120480997808 9.254777716032232 9.552942175295605
6.083308333333333 9.64584857360196 10.22258839355802 11.32292652634232 9.362130190991124 9.66373780209135
6.099944444444445 9.794590858571828 10.375751752029887 11.493335957519063 9.505870612207096 9.810046000432216
6.116619444444445 10.268197261585012 10.867018230372635 12.00623614584298 9.991143681886946 10.302484795159147
6.133277777777778 10.268197261585012 10.867018230372635 12.00623614584298 9.991143681886946 10.302484795159147
6.149972222222222 10.707641706029458 11.313129341483746 12.464013923620758 10.444477015220283 10.755262572936925
6.16665 10.915082507486652 11.520934441665897 12.674728859868479 10.658757525238496 10.967530332499766
6.183313888888889 10.915082507486652 11.520934441665897 12.674728859868479 10.658757525238496 10.967530332499766
6.199975 11.104249174153319 11.71176777499923 12.861951082090702 10.85931308079405 11.165585888055322
6.216630555555556 11.316671677165944 11.926064693137288 13.055139557588095 11.094469016135328 11.39783956381326
6.233302777777777 11.482518671701461 12.093551031935103 13.213609502943287 11.273703988812924 11.573522623922551
6.249938888888889 11.618060649563153 12.229276882467355 13.354391883547898 11.41021016640425 11.707525778765705
6.266663888888889 11.91325368157822 12.532473680960765 13.631491695223982 11.73948511932327 12.028519187428605
6.283272222222222 11.91325368157822 12.532473680960765 13.631491695223982 11.73948511932327 12.028519187428605
6.299911111111111 12.037975903800442 12.660529236516318 13.743158361890648 11.881151785989937 12.168241409650827
6.3166166666666665 12.151769164274032 12.77946821647989 13.843759454786825 12.014002423512704 12.300349788521503
6.333325 12.351999861072523 12.990664073353711 14.01745060356272 12.254911086412893 12.541729261214533
6.349983333333333 12.323923539781088 12.965823839955544 13.973627844407298 12.241057397546678 12.528817279238158
6.3666583333333335 12.398433080227205 13.046111397063848 14.034014837151185 12.336385714307404 12.627043562495347
6.383286111111111 12.503684742675436 13.153824364792689 14.14013730665926 12.448658809545861 12.741105399648047
6.399975 12.560073631564325 13.217435475903802 14.181803973325929 12.527547698434748 12.825272066314714
6.416636111111111 12.706289568822477 13.374228167585786 14.310591611291903 12.705415738521214 13.01101114088502
6.43325 12.593334441716507 13.268029522469051 14.16487526134309 12.622798606777534 12.932151462838037
6.449980555555555 12.701502269148838 13.384008520885432 14.252771911950854 12.764700302553175 13.07764950140471
6.466644444416667 12.787120951676783 13.472155557962585 14.336434712718383 12.860712172087975 13.174728306513265
6.483305555555556 12.638909335774812 13.328806195406436 14.156005159295923 12.738503029833725 13.053152515042886
6.499983333333334 12.78360663586715 13.479797040295253 14.295723231343299 12.904808696075333 13.219868591871881
6.516583333333333 12.697213191936031 13.396522645179221 14.194127844154245 12.831117440029633 13.14648189311846
6.5333194444444445 12.583435593068502 13.292564646828128 14.047776021572481 12.753095046134545 13.070490664528855
6.549991666666667 12.597486261615877 13.318584792071873 14.039090179370817 12.802624031366731 13.124692815905656
6.566625 12.597486261615877 13.318584792071873 14.039090179370817 12.802624031366731 13.124692815905656
6.583308333333333 12.435711650321808 13.166604946425618 13.841253262518283 12.67413883941653 13.001198344409575
6.599983333333333 12.407695733382727 13.151171313019052 13.786312401593042 12.680793430273837 13.014465129202561
6.616616666666666 12.407695733382727 13.151171313019052 13.786312401593042 12.680793430273837 13.014465129202561
6.633308333333333 12.230090997499303 12.987765119940725 13.564691272266993 12.549063011330304 12.886523416998552
6.649911111111111 12.230090997499303 12.987765119940725 13.564691272266993 12.549063011330304 12.886523416998552
6.666633333333333 12.001455625955598 12.769386456772297 13.302701797858246 12.352903508412323 12.691935601419342
6.6833277777777775 11.885924330832635 12.66693178660739 13.160524605600328 12.275729677996972 12.619856750331886
6.699988888888889 11.755090997499302 12.543876231051835 13.009413494489216 12.168507455774751 12.516245639220775
6.716616666666667 11.626592237977455 12.417200664422571 12.867455896218901 12.04661935540686 12.395760738031363
6.73325 11.613538174184184 12.410492806643823 12.845301472631292 12.04821601679479 12.399897733938445
6.7499416666666665 11.432146249036531 12.245822285851531 12.627788400104869 11.903957470923345 12.262905264017158
6.766586111111111 11.291332700441478 12.108114136642895 12.472325260103121 11.768335957519067 12.128245731839094
6.783311111083333 10.929666033774811 11.768669692198452 12.05676970454756 11.446113735296846 11.813245731839096
6.799997222222222 10.737721589330368 11.588391914420676 11.837325260103116 11.273891513074624 11.644079065172429
6.816661111111111 10.53633270044148 11.3981141366429 11.606769704547563 11.091669290852401 11.462134620727985
6.833313888888889 10.53633270044148 11.3981141366429 11.606769704547563 11.091669290852401 11.462134620727985
6.849966666666667 10.167431071472494 11.042680571561318 11.193270747642412 10.743991652204548 11.111389244431894
6.8666583333333335 9.941170209696985 10.827442732270805 10.939400820203554 10.535391813451525 10.901517346196654
6.883313888888889 9.610513028310333 10.51527260658825 10.56425604334538 10.236218471180273 10.602148281930166
6.899997222222222 9.358418310641843 10.271807214967122 10.282926352999292 9.999228489395206 10.364247553332715
6.916655555555556 9.243838213062947 10.164090072101011 10.148681209312697 9.89924414032147 10.264129945072627
6.933233333333333 9.093663131734122 10.011077459788217 9.985925411379707 9.745923404649444 10.108894445988083
6.949969444444444 8.688804191206723 9.600119189149384 9.536680195014705 9.34347746869577 9.702782497263204
6.966655555555556 8.290995183847366 9.196698388441236 9.082395109752712 8.959060850236177 9.315357120805162
6.983305555555556 8.290995183847366 9.196698388441236 9.082395109752712 8.959060850236177 9.315357120805162
6.999988888888889 7.7502894322497005 8.627093405575625 8.467779784508043 8.413352783180509 8.762422972430613
7.016647222222222 7.606791513022293 8.47755261583962 8.298307125488407 8.276008480070574 8.622803022810794
7.033252777777777 7.480011654471922 8.337107529869412 8.160002006730267 8.138075005402731 8.480502068475811
7.049911111111111 7.214164659936403 8.048856163749194 7.857269766293109 7.8664903059491795 8.199368659770327
7.066652777777778 6.681942437714182 7.474411719304748 7.254491988515329 7.322601417060292 7.63659088199255
7.083263888888889 6.572402397751654 7.351880379644014 7.135565890342947 7.202558770878975 7.511400867533656
7.099961111111111 6.424018940446421 7.197635763020595 6.9640548300453835 7.059213438918214 7.364732958495282
7.116663888888889 5.916796718224201 6.658746874131706 6.39961038560094 6.540324550029326 6.831955180717506
7.133269444444444 5.819800050712328 6.549587089309875 6.294698739935351 6.433106114782944 6.719955915459842
7.149997222222222 5.426796718224199 6.142635763020594 5.8629437189342735 6.037546772251547 6.3191774029397285
7.166580555555556 5.426796718224199 6.142635763020594 5.8629437189342735 6.037546772251547 6.3191774029397285
7.183313888888889 5.18991147232256 5.894275107282889 5.605839893797661 5.794377373344444 6.0719096433768875
7.199947222222222 4.960189250100338 5.652330662838444 5.358339893797662 5.556044040011112 5.829687421154665
7.216552777777777 4.735189250100339 5.415663996171778 5.117506560464329 5.322710706677779 5.592187421154664
7.233302777777777 4.367220335843448 5.035129265348349 4.724925630628721 4.946477128769288 5.212963590282321
7.249986111111111 4.082851409342101 4.726069201321355 4.420188169553271 4.640872001481892 4.899809677336936
7.266641666666667 3.8747958537865452 4.504680312432467 4.197965947331049 4.421427557037447 4.677309677336935
7.283266666638889 3.8747958537865452 4.504680312432467 4.197965947331049 4.421427557037447 4.677309677336935
7.29995 3.6772958537865454 4.29412475687691 3.9882437251088265 4.212538668148559 4.46425412178138
7.316572222222222 3.485906964897657 4.088846979099132 3.784910391775493 4.00864977925967 4.255643010670268
7.333333333333333 3.114795853786546 3.6894025346546875 3.3893548362199373 3.6114275570374477 3.8478652328924907
7.349916666666667 3.114795853786546 3.6894025346546875 3.3893548362199373 3.6114275570374477 3.8478652328924907
7.3666583333333335 2.9374734494149606 3.498145704053594 3.2002837979685714 3.4212636226112187 3.6519635935482286
7.38325 2.7658887499614084 3.3123533543268184 3.017223688678954 3.23629094501559 3.46043353890342
7.399991666666667 2.559890573732533 3.082642643600149 2.79590308176072 3.0086468311628756 3.221464683074402
7.416666666666667 2.2885723657806185 2.7903477046093044 2.508071146306073 2.714826726559847 2.9163516179994655
7.433333333333334 2.135516810225063 2.622847704609305 2.345015590750518 2.5464933932265135 2.741073840221688
7.449927777777778 2.135516810225063 2.622847704609305 2.345015590750518 2.5464933932265135 2.741073840221688
7.466561111111111 1.9901616189682316 2.4635580871229665 2.190097557963632 2.386384103609027 2.5746803975987365
7.483330555555556 1.7146060634126763 2.1602247537896337 1.895653113519187 2.0819396591645827 2.2591248420431813
7.4999472222222225 1.7146060634126763 2.1602247537896337 1.895653113519187 2.0819396591645827 2.2591248420431813
7.516663888888889 1.48931498548718 1.9122892736996937 1.6532065561212073 1.8326773130640495 2.0011831679113845
7.533283333333333 1.3894181174208668 1.8044551807175044 1.5460779335255963 1.7234706000709008 1.888847245519052
7.54995 1.2918640493054434 1.6981005932447122 1.4413307627687353 1.6162800258031387 1.7775404720486259
7.566638888888889 1.2918640493054434 1.6981005932447122 1.4413307627687353 1.6162800258031387 1.7775404720486259
7.5832444444444445 1.2015401930430407 1.5989595324097965 1.3447473835324626 1.5162731215020042 1.6729727423828271
7.5999944444444445 1.0183397994641856 1.3971096223573765 1.148792874563922 1.3132024842291583 1.460091546644325
7.616622222222222 1.0183397994641856 1.3971096223573765 1.148792874563922 1.3132024842291583 1.460091546644325
7.63325 0.9344091038565917 1.3033443951062578 1.058518526285254 1.2184830342460604 1.3612253494111985
7.649941666666667 0.8489737177706058 1.20797995882047 0.9666426215259225 1.1221171657369216 1.26066883816091
7.666647222222222 0.6895993331480967 1.0262991571732887 0.7913083263869594 0.9383351856997315 1.0684289250206793
7.683322222222222 0.6118360542327519 0.9366998202448524 0.7047363874696863 0.8476209377888417 0.9722063860755232
7.699969444444444 0.5374298609181564 0.8499643998332869 0.6215017288753047 0.7597241517705537 0.8782245746743188
7.716633333333333 0.46553120547669874 0.7655664792623641 0.5421719784258433 0.6751792755670901 0.7869811259085241
7.733325 0.40306486101211686 0.6882519701527398 0.47326562128771676 0.5992159657875981 0.703868335351635
7.749963888888889 0.40306486101211686 0.6882519701527398 0.47326562128771676 0.5992159657875981 0.703868335351635
7.7666 0.345725561627201 0.6150279398598377 0.4104493017607771 0.5288281724347298 0.6265468909520419
7.783333333333333 0.23699961875714837 0.4715408672951789 0.2900050832380227 0.3929597153386708 0.4758436455699663
7.799961111111111 0.18669008587041372 0.40221247524665127 0.23381472807702317 0.3281095498308613 0.4034430974486163
7.816661111111111 0.14083699853391976 0.3368192835860006 0.18301346128215382 0.2674130347860855 0.3368604087685012
7.833255555555556 0.14083699853391976 0.3368192835860006 0.18301346128215382 0.2674130347860855 0.3368604087685012
7.849983333333333 0.07540983606557376 0.22930574257331693 0.10949278408294802 0.17087011349306427 0.23020367759423635
7.866666666666666 0.048885533505895896 0.1800769463252463 0.07684785734828875 0.1279982743744607 0.18187570419759336
7.883272222222222 0.02858514251956875 0.13674569262232503 0.050095997636981235 0.09181804755575249 0.139493966473204
7.899922222222222 0.02858514251956875 0.13674569262232503 0.050095997636981235 0.09181804755575249 0.139493966473204
7.916605555555556 0.014351851851851853 0.09956057752667921 0.029629629629629624 0.062037037037037036 0.10329593913024654
7.933227777777778 0.008095238095238095 0.07430992736077481 0.019523809523809527 0.04380952380952381 0.07910439453396785
7.949994444444444 0.0015151515151515152 0.03335901386748845 0.005555555555555555 0.01616161616161616 0.03844405480875381
7.966577777777778 0 0.017213983050847457 0.0010416666666666667 0.00625 0.02193709818819404
7.983272222222222 0 0.017213983050847457 0.0010416666666666667 0.00625 0.02193709818819404
7.999994444444445 0 0.0016949152542372883 0 0 0.003399571400740308
