# SectorTime BundlesHandled
0 235.39185142730113
0.08333333333333333 244.94404912692383
0.16666666666666666 256.05931685018857
0.2480888888888889 268.11329133156937
0.2509222222222222 268.485268018426
0.2537055555555556 268.85332237953935
0.2564916666666667 269.2170863203096
0.2592833333333333 269.5766502258445
0.2620638888888889 269.93162843705045
0.26621944444444445 270.28248110634166
0.2690361111111111 270.28248110634166
0.2718277777777778 270.62939931921676
0.2746166666666667 270.9723975522854
0.2774027777777778 271.31153668091423
0.2801888888888889 271.64687622021324
0.28420555555555554 271.97850003259106
0.2870666666666667 272.63112117531216
0.28985555555555553 272.9522851520803
0.2926472222222222 273.2699632252615
0.2954361111111111 273.5842119230498
0.29822777775 273.5842119230498
0.30251944444444445 274.20247657638924
0.3053222222222222 274.5068485486749
0.3081138888888889 274.807999653529
0.31090277777777775 275.105980746753
0.31369444444444444 275.4008416191056
0.31648055555555554 275.4008416191056
0.32072222222222224 275.98133300997796
0.32350833333333334 276.26724560269724
0.32629166666666665 276.550235214386
0.32906944444444447 276.8303136582375
0.33185555555555557 277.10754398631815
0.3346388888888889 277.10754398631815
0.33881944444444445 277.6534591110846
0.34160833333333335 277.92250745376816
0.3444 278.1888832856874
0.3471888888888889 278.45261716866816
0.3499805555555556 278.71375723024875
0.35276944444444447 278.71375723024875
0.35711944444444443 279.22917284521975
0.3599 279.48326405293136
0.3626861111111111 279.73490027312886
0.365475 279.98411247860247
0.3682666666666667 280.2309442927422
0.37105 280.2309442927422
0.37525555555555556 280.71724813501135
0.37805555555555553 280.95714191518204
0.3808472222222222 281.1947875032512
0.3836361111111111 281.4302077931013
0.386425 281.66345100092303
0.3892055555555556 281.66345100092303
0.3932777777777778 282.1227482385885
0.3960666666666667 282.34940599131966
0.3988583333333333 282.5740106581727
0.4016472222222222 282.796573464418
0.4044388888888889 283.0171221276203
0.40721944444444447 283.0171221276203
0.41150555555555557 283.4518301047125
0.41430833333333333 283.66639267773616
0.41709722222222223 283.87906032534266
0.41988333333333333 284.08984187733233
0.4226638888888889 284.29875007113066
0.4254527777777778 284.29875007113066
0.42983333333333335 284.71169389355794
0.4326333333333333 284.91561873665364
0.435425 285.1177819917726
0.4382138888888889 285.3181984823493
0.44100555552777776 285.51689862049
0.44379444444444444 285.51689862049
0.4479388888888889 285.9090343335862
0.4508138888888889 286.10282631517
0.4536027777777778 286.29499071066886
0.4563888888888889 286.48553640102443
0.45918055555555554 286.6744875667746
0.46196944444444443 286.6744875667746
0.46600833333333336 287.04695873767156
0.4688 287.23099210446037
0.4715888888888889 287.4135107933333
0.4743805555555556 287.5945485535538
0.4771694444444444 287.77410468836706
0.4799611111111111 287.77410468836706
0.4842472222222222 288.1288111010298
0.4870611111111111 288.30420462655985
0.48985 288.4781856622254
0.49264166666666664 288.65077854130647
0.49543055555555554 288.82199250133027
0.4982083333333333 288.82199250133027
0.5022694444444444 289.6383113861003
0.50505 289.8041810400822
0.5078388888888888 289.9687446337966
0.5106166666666667 290.131999438805
0.5134 290.29397160652013
0.5161916666666667 290.29397160652013
0.5204583333333334 290.61430042557424
0.52335 290.7728835507873
0.5261277777777777 290.9302326018583
0.5289083333333333 291.08636176386256
0.5316972222222223 291.24129910020264
0.5344861111111111 291.24129910020264
0.5384611111111111 291.5470660145794
0.5413027777777778 291.6984063293314
0.5440916666666666 291.84860874698
0.5468833333333334 291.99769642456386
0.5496611111111112 292.14565428600537
0.5524416666666667 292.14565428600537
0.5565888888888889 292.2923762183619
0.5594666666666667 292.4379976083437
0.5622527777777778 292.58253747051305
0.5650444444444445 292.7260179426151
0.5678333333333333 292.86844388515584
0.5706222221944445 293.00983022227655
0.5747833333055555 293.2898256980943
0.577625 293.4285015119494
0.5804138888611111 293.5661763366698
0.5832055555555555 293.70286755458835
0.5859916666666667 294.06855388983007
0.5887805555555555 294.2031679907067
0.5927583333333334 294.4695201268938
0.5956388888888889 294.6014916276219
0.5984277777777778 294.73252720518565
0.6012166666666666 294.86263999699196
0.6040083333333334 294.86263999699196
0.6067916666666666 294.99156889046
0.6111222222222222 295.24750296487974
0.6139972222222222 295.37431873479113
0.6167861111111111 295.50025688691767
0.6195749999722222 295.62532331479815
0.6223666666666666 295.62532331479815
0.6251555555555556 295.7492752336316
0.6294027777777778 295.9953392335462
0.6321916666666667 296.1172243855914
0.6349722222222223 296.2382769328511
0.6377611111111111 296.35850843571683
0.6405444444444445 296.35850843571683
0.6433333333333333 296.4776716435109
0.6474333333333333 296.71383901025797
0.6502111111111111 296.83084833893605
0.6530027777777778 296.9470832667242
0.6557916666666667 296.9470832667242
0.6585777777777778 297.06254230766
0.6613666666666667 297.176991729957
0.6654666666666667 297.4038910669498
0.6683583333333334 297.80708427258725
0.6711361111111112 297.918323238461
0.6739277777777778 297.918323238461
0.6767166666666666 298.02883752051804
0.6795083333333334 298.13839394606924
0.6838277777777778 298.356067011696
0.6866666666666666 298.4639841830954
0.6894555555555556 298.4639841830954
0.6922472222222222 298.57120957775504
0.6950361111111111 298.67774687228706
0.6978277777777778 298.78337053007914
0.7020138888888889 298.9924417289568
0.7048027777777778 299.09609011564135
0.7075861111111111 299.09609011564135
0.7103666666666667 299.19906918885727
0.7131583333333333 299.3014055222372
0.7159472222222222 299.4028681205968
0.7200222222222222 299.6040866085134
0.7228888888888889 299.7039303069624
0.7256777777777778 299.7039303069624
0.7284694444166666 299.8031576862852
0.7312583333333333 299.9017801229533
0.73405 299.9995706202343
0.7383249999722222 300.19400593241585
0.7411361111111111 300.2904661038265
0.743925 300.2904661038265
0.7467166666666667 300.3863416681376
0.7495055555277778 300.71853215405844
0.7536055555555555 301.1435974244418
0.7564444444444445 301.4729729582714
0.7592333333055555 301.8008822137057
0.762025 302.03691493333935
0.7648138888888889 302.3628337424949
0.76905 303.0146305911552
0.771875 303.33905134736216
0.7746638888888889 303.66202145908153
0.7774555555555556 303.98354187915015
0.7802444444444444 304.3038583741885
0.7842388888888889 304.62395804105347
0.7870166666666667 304.70789810050917
0.7898055555555555 305.0236060076008
0.7925972222222222 305.3378564159724
0.7953777777777777 305.65071186984704
0.7995555555555556 306.19756027928435
0.8023583333055555 306.2768971162591
0.8051444444444444 306.588256747817
0.8079333333333333 306.8968489612097
0.8107222222222222 307.20407848369086
0.8135111111111111 307.5099741079581
0.8176305555277777 308.04858504046564
0.8204888888888889 308.12229892606314
0.8232805555555556 308.426850019258
0.8260694444444444 308.72866056612855
0.8288555555555556 309.0291717906154
0.8316444444444444 309.3283984010402
0.83585 309.8593782488072
0.8386472222222222 309.9276074917924
0.8414361111111112 310.2256751423986
0.8442138888888889 310.5211974504534
0.8470055555277778 310.8154768391139
0.8497944444444444 311.10852198065606
0.8538611111111111 311.6323033900189
0.8566527777777778 311.6951735700885
0.8594416666388889 311.98691885107365
0.8622333333333333 312.2761878457032
0.8650222222222222 312.56426339378925
0.8678138888888889 312.85115928052306
0.872025 313.3681043875062
0.8748166666666667 313.42589809971804
0.8776055555555555 313.7118821079217
0.8803944444444445 313.9952208081221
0.883175 314.2773986930646
0.8859666666666667 314.55842461086263
0.8900638888888889 315.068810816463
0.8928888888888888 315.1213351169697
0.8956777777777778 315.40142499707207
0.8984694444166667 315.6791459463677
0.9012583333333334 315.95566545083096
0.90405 316.2310887157121
0.9081777777777778 316.7353791893718
0.9110111111111111 316.78292441924066
0.9138 317.0575765423508
0.9165861111111111 317.3296638722642
0.9193777777777777 317.6006760621315
0.9221666666666667 317.87062405638403
0.9263027777777778 318.3690713705616
0.9291388888888888 318.41159436450516
0.9319277777777778 318.68088457393355
0.9347194444166667 318.94788166104297
0.9375 319.2137829918616
0.9402888888888888 319.4786474412423
0.9445166666666667 319.9718470395564
0.9473861111111112 320.00974017171194
0.9501722222222222 320.2742605935404
0.9529611111111111 320.53635775934544
0.9557388888888889 320.79739129542554
0.9585222222222223 321.057414293959
0.9627944444444444 321.54575878568454
0.9656055555555556 321.57893882138194
0.9683972222222222 321.83869377106436
0.9711861111111111 322.09619381626584
0.9739777777777778 322.3526264000788
0.9767666666666667 322.608094232812
0.9808638888888889 323.091738968104
0.9836444444444444 323.1201757029
0.986425 323.3750742145189
0.9892138888888888 323.62778560165975
0.9920055555555556 323.8795192815398
0.9947944444444444 324.13031897046534
0.9991027777777778 324.6094694174395
1.0018944444444444 324.63356685245515
1.0046722222222222 324.81587628932925
1.007463888888889 324.9960531359702
1.0102527777777779 325.1754191645492
1.0130444444444444 325.3540073716203
1.0175222222222222 325.6923185204105
1.02035 325.713510918778
1.0231416666666666 325.8930515149873
1.0259305555555556 326.0706020715083
1.0287222222222223 326.24735271202917
1.031511111111111 326.4233579283341
1.035588888888889 326.7588989057883
1.0384361111111111 326.77698094133984
1.0412277777777779 326.9532847971485
1.0440166666666666 327.1275385372373
1.0468083333333333 327.301055511959
1.0495972222222223 327.4738423823481
1.0538583333333333 327.80626997569345
1.0566972222222222 327.98114397085135
1.0594861111111111 328.1551174275607
1.0622777777777779 328.32703462984017
1.0650666666666666 328.49819278841613
1.069075 328.66986991119745
1.0718666666666667 328.8420962813322
1.0746555555555555 328.85395743996673
1.077436111111111 329.02403149714536
1.0802277777777778 329.1921297033973
1.0830166666666667 329.3595041488259
1.087061111111111 329.6100029995258
1.0899444444444444 329.70315854738294
1.0927333333333333 329.71246869536066
1.095525 329.8041890343563
1.0983138888888888 329.89423041451266
1.1011027777777778 329.9837061465696
1.105138888888889 330.1564139583293
1.1079694444444443 330.24789419508573
1.1107583333333333 330.25562580511115
1.11355 330.3456532565763
1.116338888888889 330.4339520302072
1.1191305555555555 330.521705500803
1.1231444444444445 330.6925895679604
1.1259444444444444 330.782275863284
1.1287361111111112 330.78835103295455
1.131525 330.8765942739054
1.1343138888888888 330.96305611955927
1.1371055555555556 331.0490427813897
1.1412972222222222 331.21824470638455
1.1440805555277778 331.3065006974348
1.1468722222222223 331.3111040986796
1.149661111111111 331.39793251885834
1.1524527777777778 331.48288046417855
1.1566416666666666 331.6548647217985
1.1594333333333333 331.73852163906975
1.1622222222222223 331.82526188995325
1.1650055555555556 331.82827563636357
1.1677972222222222 331.91361022633356
1.170586111111111 331.9157240097088
1.1747 331.9222933506844
1.1775305555555555 331.9241341577228
1.1803194444444445 331.9285712486975
1.183111111111111 331.9313456874392
1.1859 331.93506736899985
1.1899083333333333 331.94178895016444
1.192788888888889 331.9463878921261
1.1955777777777779 331.9482796347081
1.1983694444444444 331.9525027673908
1.2011583333333333 331.9550509069129
1.2039472222222223 331.95856566235994
1.2079833333333334 331.96516081062873
1.2107944444444445 331.96963448775193
1.213586111111111 331.9714885157164
1.216375 331.9755241819108
1.2191666666666667 331.97791879099674
1.2219555555555555 331.9812586561407
1.2260666666666666 331.9878499444163
1.2288944444444445 331.99238186480954
1.2316833333333332 331.99429733586413
1.2344666666666666 331.99841406927476
1.2372555555555556 332.0008235039573
1.2400472222222223 332.0042445712054
1.2440694444444444 332.010546847409
1.24685 332.0148107648552
1.2496416666666668 332.01682737899966
1.2524305555555555 332.01902163560527
1.2552222222222222 332.02301125054976
1.2580111111111112 332.0267877648195
1.2622027777777778 332.0350974215942
1.2649916666666667 332.0395152809936
1.2677833333333333 332.0395152809936
1.2705722222222222 332.0439052219358
1.2733611111111112 332.04829516287805
1.2761527777777777 332.0524724228493
1.2801638888888889 332.05826179319126
1.2830555555555556 332.06244037845323
1.2858444444444443 332.0646562181978
1.288636111111111 332.06864836967145
1.291425 332.0726433057177
1.2942111111111112 332.076413850998
1.2984027777777778 332.08231822695404
1.3012527777777778 332.0865611688745
1.3040416666666668 332.0885755578701
1.3068333333333333 332.0926519671865
1.3096222222222222 332.09672557733984
1.3124138888611112 332.10058355503276
1.3165361111111111 332.1064489886231
1.3193666666666666 332.1106697722972
1.3221555555555555 332.11266787451797
1.3249333333333333 332.1167026628733
1.327725 332.1207346799307
1.330513888888889 332.1245622787164
1.3346305555555555 332.13018546764147
1.3374194444444445 332.1342918399024
1.340211111111111 332.13631674071917
1.343 332.1402089947205
1.3457916666666667 332.1441012619623
1.3485805555555554 332.14777771672
1.3525583333333333 332.1531581102423
1.3553833333333334 332.15686055078294
1.358175 332.1586164673294
1.360961111111111 332.1621463333079
1.3637527777777778 332.1656789979039
1.3665416666666668 332.16899576501714
1.3707305555555556 332.1741604371406
1.3735305555555555 332.1779632782374
1.3763222222222222 332.1797940989155
1.3791111111111112 332.18338277378984
1.3819027777777777 332.18697146021555
1.3846833333333333 332.19033600422256
1.388875 332.19559296395175
1.3916638888888888 332.1995965244782
1.3944555555555556 332.2016041854257
1.3972361111111111 332.2053854717824
1.400025 332.2091556110148
1.4028166666666666 332.21271021932887
1.4070888888888888 332.21861471029234
1.4099666666666666 332.22299523376824
1.4127583333333333 332.2251488226992
1.4155388888611111 332.2293946852814
1.41832777775 332.23363218856696
1.4211194444444444 332.2376579927739
1.4251583333333333 332.24331628359323
1.427988888888889 332.24726453305067
1.4307805555555555 332.2491848511392
1.4335694444444445 332.25295043194495
1.4363611111111112 332.25671602528763
1.4391499999722221 332.2602666629929
1.4431972222222222 332.26531078945965
1.446088888888889 332.26914747220076
1.4488722221944443 332.27112832575074
1.4516555555555555 332.274748669808
1.4544444444444444 332.2783718376858
1.4572361111111112 332.2817827276678
1.461386111111111 332.28682127992107
1.4642527777777778 332.2908168959999
1.4670416666666666 332.2929580019795
1.4698305555555555 332.2968099673654
1.472611111111111 332.30065073051674
1.4754027777777778 332.3042653493341
1.4795944444444444 332.3096656650652
1.4823833333333334 332.3136836800259
1.4851722222222221 332.31578514343795
1.4879638888888889 332.3195620907138
1.4907527777777778 332.3233418262833
1.4935444444444443 332.32690395389807
1.49765 332.33243543183437
1.5004388888888889 332.33662373816753
1.5032305555555556 332.3388279637148
1.5060194444444444 332.3428118765993
1.508811111111111 332.34679859115806
1.5116 332.35058197968715
1.5156972222222223 332.3560499285696
1.5184861111111112 332.3600821254468
1.5212777777777777 332.36221501532003
1.5240666666666667 332.3659311556798
1.5268583333055556 332.3696612548156
1.5296472221944444 332.37318520922884
1.5337277777777778 332.3783237236593
1.5365444444444445 332.3823893813336
1.539336111111111 332.384645436966
1.542125 332.38848437031527
1.5449083333333333 332.39231489868854
1.5477 332.3959225825233
1.5517222222222222 332.40107319471514
1.5546111111111112 332.4050720815866
1.5574027777777777 332.4074736543
1.5601916666388889 332.4115042033565
1.5629833333333334 332.4155319559598
1.5657722222222221 332.41934539189
1.5699194444444444 332.42454106830866
1.5727166666666668 332.4284533575108
1.5755055555555555 332.4306979799438
1.5782972222222222 332.43434989026764
1.5810861111111112 332.43800178868673
1.5838777777777777 332.4414363466091
1.5879444444444444 332.44652379356495
1.5907833333333334 332.45049464528967
1.5935722222222222 332.4528978959949
1.596363888888889 332.45661401183
1.5991527777777779 332.46033011540277
1.6019444444444444 332.4638316971216
1.6060138888888889 332.46895772507037
1.608886111111111 332.4727195740862
1.611675 332.47492775542537
1.614463888888889 332.47846844211597
1.6172555555555554 332.48201473285764
1.6200444444444444 332.48534671569377
1.6240833333333333 332.4902549037022
1.6269 332.4937991208268
1.6296916666666668 332.4958030517164
1.6324777777777777 332.4991707042844
1.6352694444444444 332.5025439402591
1.6380583333333334 332.50570286929207
1.642163888888889 332.510421467004
1.6449583333333333 332.5140242941216
1.64775 332.51611724482103
1.6505388888611112 332.5195239799302
1.6533305555555555 332.52293072557933
1.6561194444444445 332.5239861666762
1.6602166666666667 332.5308948997241
1.6630055555555556 332.5345396083868
1.6657972222222222 332.53670849658835
1.668586111111111 332.5400371444056
1.6713777777777779 332.5433797625163
1.6741666666666666 332.544396017408
1.6782416666666666 332.55060892691904
1.681111111111111 332.55377623256044
1.6839 332.5557463535254
1.6866916666666667 332.55872825745087
1.6894805555555557 332.5597805799144
1.6922722222222222 332.56254795470875
1.6966388888888888 332.5688685725454
1.6994527777777777 332.5724463751738
1.7022444444444444 332.5746292812088
1.7050333333333334 332.5780195700081
1.707825 332.5792037457025
1.7106138888888889 332.5823842893326
1.7146861111111111 332.58918738402843
1.7175277777777778 332.59282940576355
1.7203166666666667 332.59514089693744
1.7231055555555554 332.598539645766
1.7258972221944444 332.5996871611076
1.7286805555555556 332.6028566942128
1.7327444444444444 332.60953970248016
1.7355472222222221 332.61289137291334
1.738336111111111 332.614978641197
1.741125 332.6181035437214
1.7439166666666666 332.6191446326322
1.7467055555555555 332.62204382994787
1.7507861111111112 332.6270618961846
1.7535777777777777 332.6301746549253
1.7563666666666666 332.632224745813
1.7591583333333334 332.6352994167762
1.7619361111111111 332.63629429877597
1.764725 332.63912111277943
1.7688277777777779 332.6418522915325
1.7716361111111112 332.6446025253127
1.774425 332.6465341399451
1.7772055555277777 332.64929824428685
1.7799916666666666 332.6501196622507
1.7827805555555556 332.65242733790967
1.7869722222222222 332.65510043291914
1.7898222222222222 332.65812942032426
1.7926111111111112 332.66035615271267
1.7953999999722223 332.66345853064655
1.7981916666666666 332.66432110098043
1.8009805555555556 332.66559988743427
1.8051722222222222 332.6688600732947
1.8079805555277777 332.6721179377291
1.8107694444444444 332.6744204494853
1.8135611111111112 332.6777077082967
1.81635 332.6786726525879
1.8191416666666667 332.6801834642228
1.8233638888888888 332.6839584039743
1.8261583333333333 332.68748159228085
1.8289472222222223 332.6898752070743
1.8317388888888888 332.6934174179938
1.834525 332.6945390841863
1.837313888888889 332.69620710230936
1.8413777777777778 332.6999315025443
1.8441611110833334 332.70328746178427
1.8469527777777779 332.7055807869663
1.8497416666666666 332.7089497096389
1.8525333333333334 332.71000502271335
1.8553222222222223 332.71165063587955
1.8593777777777778 332.7154366892358
1.8621666666666667 332.7187731517882
1.86495 332.721102086816
1.8677388888888888 332.7244318364392
1.8705305555555556 332.7254237436889
1.8733194444444445 332.7268854024628
1.8775833333333334 332.7301604157768
1.8803722222222221 332.73344640409806
1.8831638888888889 332.7358727468774
1.8859416666666666 332.7391742395929
1.8887333333055556 332.7400295010187
1.8915222221944445 332.74156303276885
1.8955555555555557 332.74492952579044
1.8984361111111112 332.74812922666797
1.9012194444444444 332.75058037414533
1.9040083333333333 332.75386514553696
1.9067972222222223 332.7546845420901
1.9095888888888888 332.7561791467829
1.91385 332.7597194281337
1.9166416666666666 332.7631896215874
1.9194305555555555 332.76577286049553
1.9222222222222223 332.76925353791734
1.925011111111111 332.77012721295483
1.9278027777777778 332.7718118347903
1.931836111111111 332.7753011293323
1.9346777777777777 332.7785622174182
1.9374666666666667 332.7811053074658
1.9402583333333334 332.78443770906324
1.9430472222222221 332.7852041507075
1.945838888888889 332.786648845319
1.9500305555555555 332.7899632977888
1.9528694444444445 332.79327766844847
1.9556583333333333 332.7958177239049
1.9584444444444444 332.7992035540241
1.9612277777777778 332.80001776996636
1.9640166666666667 332.8014546327375
1.9680777777777778 332.80452579399156
1.9709666666666668 332.80765345990574
1.9737583333333333 332.81009444332153
1.9765472222222222 332.81333217286186
1.979338888888889 332.81411221990425
1.9821277777777777 332.81559928736755
1.9861444444444445 332.8187931776259
1.988975 332.8218620153037
1.9917666666666667 332.82432636241305
1.9945555555555556 332.8274463933878
1.9973444444444444 332.8280804956205
2.0001333333333333 332.8292297617487
2.0042472222222223 332.832209693483
2.0070638888888888 332.8352314616969
2.0098527777777777 332.83757687719066
2.0126444444444442 332.84063573978415
2.015433333333333 332.84133913869886
2.018225 332.84226868290745
2.0222305555555558 332.84407197992357
2.025061111111111 332.84643800940876
2.0278416666666668 332.8483418078764
2.0306305555555557 332.8507345546839
2.0334083333333335 332.8512034849435
2.0362 332.8518363897209
2.040288888888889 332.8536541098657
2.0430805555555556 332.85606211286324
2.0458694444444445 332.85792782516944
2.048661111111111 332.86034310310043
2.05145 332.86087811885807
2.0542416666666665 332.86137747051725
2.058352777777778 332.8629803208746
2.061186111111111 332.865371901473
2.0639777777777777 332.86711179319923
2.0667666666666666 332.8683277284375
2.0695555555555556 332.8690204133338
2.072347222222222 332.86979963862404
2.0764 332.8716651355985
2.079222222222222 332.87412084832755
2.082013888888889 332.87597394775537
2.0848027777777776 332.877209544069
2.0875833333333333 332.87783353546183
2.090375 332.8785204763807
2.094325 332.88020702856517
2.0971722222222224 332.8824812808828
2.099961111111111 332.8842224697215
2.102752777777778 332.8853037300418
2.105541666666667 332.88588936178667
2.1083333333333334 332.8864952997661
2.112347222222222 332.88795812572016
2.1151916666666666 332.89018205850437
2.1179833333333336 332.8919381132311
2.120772222222222 332.8929969546869
2.123563888888889 332.8935258646905
2.126352777777778 332.8941428133633
2.1304305555555554 332.8958631290499
2.1332194444444443 332.89819033324784
2.1360083333333333 332.9000237753585
2.1387972222222222 332.9009422768704
2.1415888888888888 332.9014444595004
2.1443777777777777 332.90194695079714
2.1485694444444445 332.90325600442554
2.1513722222222222 332.90555525345735
2.1541638888888888 332.90601485938805
2.1569527777777777 332.9067125502182
2.1597444444444442 332.9071693965617
2.162533333333333 332.90765781766794
2.1665944444444443 332.9084715418795
2.169411111111111 332.910399225851
2.1722027777777777 332.91085381475676
2.174988888888889 332.9112599987094
2.1777777777777776 332.9114236741371
2.1805666666666665 332.9115676870127
2.184772222222222 332.91257192601313
2.1876166666666665 332.91349902311765
2.1903972222222223 332.91395496906483
2.193188888888889 332.91462450588324
2.195977777777778 332.9149345333839
2.1987666666666668 332.91538618028517
2.2028694444444445 332.9166334014447
2.2057 332.9175828826865
2.2084888888888887 332.9180595634594
2.2112805555555557 332.91881307541536
2.2140694444444446 332.9191048971115
2.216858333333333 332.9196374569311
2.220858333333333 332.9207949459775
2.223711111111111 332.92155427299866
2.2265027777777777 332.9219701742974
2.229286111111111 332.92253600063975
2.232075 332.92272718307703
2.234863888888889 332.9230835687048
2.239036111111111 332.9240929921111
2.241827777777778 332.92495594655986
2.2446166666666665 332.92549688475304
2.2474083333333335 332.9261634066463
2.2501972222222224 332.92627660440365
2.252988888888889 332.9267276270173
2.257022222222222 332.92756612035885
2.259825 332.9280601172128
2.2626083333333336 332.92847327839246
2.265397222222222 332.92876170943055
2.268188888888889 332.92864082385347
2.270977777777778 332.92871150773544
2.2752944444444445 332.9289714288911
2.2780833333333335 332.929630751972
2.2808722222222224 332.9303481120296
2.283661111111111 332.93069243018834
2.286452777777778 332.93042053150015
2.289241666666667 332.9305465585589
2.293325 332.9308064919359
2.2961388888888887 332.9310466842194
2.2989305555555557 332.9315836333075
2.3017194444444447 332.9313539690046
2.304508333333333 332.93086515068387
2.3073 332.9306361852934
2.311424999972222 332.93081503897105
2.314216666666667 332.9311360873126
2.316997222222222 332.93161732682404
2.319786111111111 332.93145234034057
2.3225777777777776 332.93107486463094
2.3253666666666666 332.93092432984184
2.3295583333333334 332.9310306242286
2.3323805555555555 332.93137130347236
2.3351611111111112 332.9319232272284
2.33795 332.9318477499375
2.3407416666666667 332.9312375698032
2.343530555527778 332.93117071505355
2.3475444444444444 332.93102268471824
2.350363888888889 332.93121839715695
2.3531555555555554 332.9318258308451
2.3559444444444444 332.93158189388504
2.358736111111111 332.9307682712428
2.361525 332.93053065649576
2.3656305555555557 332.93018711788545
2.36845 332.930164988182
2.371238888861111 332.93068248028743
2.3740305555555556 332.93024512435204
2.3768194444444446 332.9293096662031
2.3796083333333335 332.9288764241617
2.3836944444444446 332.92830665228666
2.386502777777778 332.92813643824087
2.3892944444166666 332.9285554289006
2.3920833333333333 332.92797237986997
2.394875 332.9269710615271
2.397663888888889 332.9263981415632
2.401613888888889 332.9251386959177
2.4044194444444447 332.92437622924535
2.407208333333333 332.92448423085085
2.409986111111111 332.9231950906456
2.412777777777778 332.92189788250386
2.415566666666667 332.92062100991035
2.419808333333333 332.9183804872768
2.4226111111111113 332.9176882611144
2.425402777777778 332.9178992908819
2.4281916666666667 332.9167557922243
2.4309833333333333 332.9154500359139
2.4337722222222222 332.91432115873835
2.437974999972222 332.9125391021346
2.4407555555555556 332.91198956164357
2.443547222222222 332.91228977943
2.446336111111111 332.9111938916828
2.449125 332.90990209380607
2.4519055555555553 332.9088094975881
2.456072222222222 332.90675414449544
2.4588888888888887 332.9059617633975
2.461672222222222 332.90618777068147
2.464463888888889 332.9048957477075
2.467252777777778 332.90347763912996
2.4700444444444445 332.9022034737326
2.4741694444444446 332.9001814640799
2.476958333333333 332.89929939767967
2.47975 332.89936525059744
2.482538888888889 332.898048032615
2.4853305555555556 332.8966701042896
2.4881194444444446 332.8953568538312
2.4920416666666667 332.8922858706793
2.4948805555555555 332.8908318349927
2.4976694444444445 332.89073764413683
2.500461111111111 332.8888910350954
2.50325 332.88714974106074
2.506038888888889 332.88530590271404
2.510152777777778 332.8820863433236
2.512941666666667 332.8806967204685
2.5157305555277776 332.8805859180686
2.5185222222222223 332.8787533171646
2.5213111111111113 332.8770425584249
2.5241 332.8752126860223
2.528172222222222 332.8719625038404
2.5309944444444445 332.8705895222094
2.5337833333333335 332.8704705966755
2.536563888861111 332.8686519916978
2.539352777777778 332.86698840724847
2.5421444444444443 332.865164107148
2.5461722222222223 332.8617215462736
2.5489916666666668 332.86025115464116
2.5517833333333333 332.8601037968242
2.5545722221944445 332.8581255592585
2.557361111111111 332.8564015705047
2.5601527777777777 332.8544264979236
2.5643805555555557 332.85137386087916
2.567188888861111 332.8501541340179
2.569977777777778 332.8499762716069
2.5727694444444444 332.84832569661717
2.5755583333333334 332.8468768910068
2.57835 332.84524524935983
2.5823638888888887 332.84227970539547
2.5852444444166665 332.84100404615486
2.588036111111111 332.8408293549576
2.590825 332.8391591725651
2.593613888888889 332.83772122321653
2.5964055555555556 332.8360644474875
2.600433333333333 332.8330959478798
2.603263888888889 332.8318175036018
2.6060527777777778 332.8315646329976
2.6088444444444443 332.8298047946419
2.6116333333055555 332.8284006056516
2.6144194444444446 332.8266544460818
2.6184416666666666 332.82328109238586
2.6212833333333334 332.8218463494788
2.6240722222222224 332.8215129239831
2.6268527777777777 332.81965227564984
2.629641666638889 332.8181614046745
2.632433333333333 332.81629797997016
2.636516666638889 332.8135590499869
2.6393333333333335 332.81158546680996
2.642122222222222 332.8111902205044
2.644913888888889 332.8090244462486
2.647702777777778 332.8072725523026
2.6504916666666665 332.80511051148324
2.654516666666667 332.80176984175273
2.6573555555555557 332.7995533575336
2.660147222222222 332.79909093739144
2.662936111111111 332.79671528740096
2.6657277777777777 332.79481357496365
2.6685166666666666 332.7924450805454
2.672825 332.78912157535143
2.6756027777777778 332.7870736182724
2.678391666638889 332.7867976195719
2.6811833333333333 332.78443339577524
2.683972222222222 332.7824404019312
2.686752777777778 332.78007493466856
2.690941666666667 332.7767591717675
2.693747222222222 332.7744701946056
2.696536111111111 332.7739011695726
2.699327777777778 332.77137995962755
2.7021166666666665 332.7694653201146
2.7049083333333335 332.76695170417537
2.70895 332.7630236148968
2.711794444416667 332.76055601509825
2.714586111111111 332.75994495326916
2.717375 332.7572614914416
2.7201666666666666 332.7552583375337
2.7229555555555556 332.75258575260744
2.7270499999722224 332.7485455579463
2.729861111111111 332.74613949244093
2.73265 332.7454932831524
2.7354416666666665 332.74287703097053
2.7382305555277777 332.74093671815615
2.741022222222222 332.7383422916184
2.7450194444444445 332.7340429041718
2.7478777777777776 332.73132988156544
2.7506666666666666 332.7306137088591
2.753458333333333 332.7277542045285
2.756247222222222 332.72563089284756
2.759036111111111 332.72277721493674
2.763227777777778 332.7183772175061
2.7660694444444442 332.715740318784
2.768858333333333 332.71512835707887
2.771647222222222 332.7122971553023
2.7744388888888887 332.7101173091735
2.777222222222222 332.7073085940569
2.7814 332.7030399657038
2.7841916666666666 332.7003976424861
2.786980555527778 332.6997169149527
2.789772222222222 332.6967905324077
2.792561111111111 332.6946211765679
2.795338888888889 332.6916924732864
2.7993555555555556 332.6891924605758
2.8022055555555556 332.6834751700532
2.8049833333333334 332.6825555663479
2.8077722222222223 332.679226413205
2.810563888888889 332.6768676575108
2.813352777777778 332.6735485319376
2.817325 332.67042111027007
2.8201638888888887 332.66390067178463
2.82295277775 332.66268644241256
2.8257444444444446 332.65884269729344
2.828533333333333 332.656241927951
2.831325 332.6524125431218
2.8353944444444443 332.6486093848712
2.8382027777777776 332.64443898679696
2.8409916666666666 332.6400552755956
2.843775 332.6358964219302
2.846563888861111 332.63301982762715
2.849352777777778 332.6288706757508
2.8533333333333335 332.6245954202252
2.8562083333333335 332.620145089191
2.8589972222222224 332.61556288920156
2.861788888888889 332.6112339240581
2.864577777777778 332.608256453692
2.867366666666667 332.6039489139397
2.8716222222222223 332.59973297886523
2.8745055555555554 332.59550957081944
2.8772972222222224 332.59116806301796
2.880086111111111 332.5870599084519
2.8828694444444443 332.5842720183572
2.8856611110833335 332.5801734716393
2.8896805555555556 332.57595324598066
2.892561111111111 332.57156818749803
2.8953444444444445 332.56702006443754
2.898136111111111 332.56260791101795
2.900925 332.5596129208518
2.9037166666388887 332.55522522103354
2.907877777777778 332.55077264133024
2.9106694444444443 332.5463842272362
2.9134583333333333 332.54178242570555
2.91625 332.53741155917237
2.9190388888888887 332.5346342070939
2.9218305555555557 332.5302820652249
2.925975 332.52567251149776
2.9287666666666667 332.52129312232853
2.9315555555555557 332.5166972600072
2.934347222222222 332.5122849290576
2.937136111111111 332.5094720832861
2.9399277777777777 332.5050841590696
2.944027777777778 332.5003790777678
2.946858333333333 332.49573896455286
2.949647222222222 332.49088289234896
2.952438888888889 332.48620518378476
2.9552277777777776 332.4833097297609
2.9580166666666665 332.4786489239871
2.962172222222222 332.47355821413345
2.964961111111111 332.4688125711412
2.9677527777777777 332.463850562442
2.9705416666666666 332.4590168843221
2.973333333333333 332.45604221306854
2.9761194444444445 332.45122031693796
2.9802333333333335 332.4458226312397
2.9830666666666668 332.4407837846863
2.9858583333333333 332.43557344334425
2.9886472221944445 332.4305649791648
2.9914388888888888 332.42740112889993
2.9942277777777777 332.4224077504559
2.998177777777778 332.41669412309426
3.0010555555555554 332.4115564404601
3.0038472222222223 332.40630093281106
3.0066361111111113 332.40124721458113
3.009425 332.3982271894478
3.012208333333333 332.39317756933275
3.016402777777778 332.38744769138196
3.0192249999722223 332.3828198483968
3.022013888888889 332.3779560078435
3.0248055555555555 332.3732989086338
3.0275944444444445 332.37058797869537
3.030386111111111 332.3659560859063
3.0343333333333335 332.3605398358507
3.037175 332.35546159525336
3.039963888888889 332.35021759965565
3.042752777777778 332.3451979989513
3.0455444444166666 332.34228295088576
3.0483333333333333 332.3372784694605
3.0523166666666666 332.33132722623463
3.0550972222222224 332.3260697698817
3.057888888888889 332.32050416083746
3.060677777777778 332.3151380569479
3.0634694444444444 332.31214980967985
3.0662583333333333 332.3068026435652
3.0703805555555554 332.30037193558877
3.0731694444444444 332.2949862511999
3.0759583333333333 332.2893817089462
3.0787472222222223 332.2839741191382
3.0815361111111113 332.28099927588295
3.084327777777778 332.27560517798867
3.088327777777778 332.26896305892484
3.091138888888889 332.2633432583688
3.0939277777777776 332.25750745682615
3.0967194444444446 332.25184407943357
3.0995083333333335 332.24869419903007
3.1023 332.24304788000313
3.1063972222222223 332.2361565230099
3.10920277775 332.2304980778985
3.1119944444444445 332.22465135839343
3.114775 332.2189772498928
3.117566666666667 332.215870911835
3.1203555555555558 332.21020550707556
3.124361111111111 332.2031341829565
3.1272361111111113 332.19720431434365
3.130027777777778 332.1911454418078
3.132816666666667 332.18850337903
3.1356027777777777 332.1850921605077
3.1383833333333335 332.17902492650285
3.142636111111111 332.17002611784835
3.145425 332.1642033508474
3.1482083333333333 332.15815871676557
3.1509916666666666 332.15544481880625
3.153783333333333 332.1520888819532
3.1565666666666665 332.14600507857114
3.160927777777778 332.1371966085367
3.163716666638889 332.13195865985654
3.1665083333333333 332.1265037213488
3.169297222222222 332.1239581937233
3.1720888888888887 332.1210263505036
3.1748777777777777 332.11554899329394
3.1788944444444445 332.10727951988946
3.181775 332.10176944103665
3.184563888888889 332.0961214876244
3.187349999972222 332.0933320807543
3.1901333333333333 332.0904063188342
3.192922222222222 332.0846939234051
3.1970694444444443 332.0762163661443
3.1998583333333332 332.07072085138753
3.202647222222222 332.06500869507266
3.2054388888888887 332.06212500701304
3.2082277777777777 332.0592544916273
3.2110194444444446 332.0535002881819
3.215186111111111 332.0449836327129
3.2179749999722222 332.0397595866781
3.22075277775 332.0342432714015
3.2235416666666667 332.03136194536273
3.2263333333333333 332.0286512881573
3.229113888888889 332.0230537566468
3.2333444444444446 332.0149571931407
3.23615 332.0097218464903
3.238941666666667 332.00427523395524
3.241722222222222 332.00137618214006
3.2445138888888887 331.99882025491576
3.2473027777777776 331.99335686883967
3.2515861110833333 331.9856662847326
3.2543694444444444 331.98079814103585
3.2571583333333334 331.9756621733255
3.2599416666666667 331.972898420715
3.2627277777777777 331.9705122003645
3.2655194444444446 331.96535942630675
3.2699972222222224 331.95866893239133
3.272775 331.95424533125623
3.2755638888888887 331.9495925753873
3.278347222222222 331.9468987096104
3.281136111111111 331.9449314459197
3.2839277777777776 331.94027308949495
3.288188888888889 331.934137362752
3.29105 331.92999939577976
3.2938277777777776 331.92563766417766
3.2966194444444445 331.92308181986743
3.2994083333333335 331.91889510346596
3.302197222222222 331.91707385245894
3.3062222222222224 331.910991967806
3.309013888888889 331.90654659301384
3.3117916666666667 331.9018690747467
3.314575 331.8991260806898
3.317363888888889 331.89463359815215
3.3201555555555555 331.8926930670106
3.3243222222222224 331.88521134490367
3.327183333333333 331.8808578774434
3.329975 331.87626140296743
3.332761111111111 331.87346046703493
3.3355444444166666 331.8690352918492
3.3383333333333334 331.86459887145645
3.3425527777777777 331.86024345664845
3.345372222222222 331.85643097444
3.3481611110833334 331.85243052466296
3.3509527777777777 331.8497623240742
3.3537416666666666 331.8457077744197
3.3565305555555556 331.84165041053683
3.3607694444444443 331.8377540408013
3.3635888888888887 331.834045566107
3.36637777775 331.83014877592615
3.3691666666666666 331.8275449650017
3.37195 331.8235862529445
3.3747416666666665 331.81962191386026
3.378875 331.81571433045775
3.381711111111111 331.8120646349153
3.384497222222222 331.8082405122944
3.387286111111111 331.8056376577375
3.390077777777778 331.8017660647855
3.3928666666666665 331.7978972718504
3.397047222222222 331.79418702488715
3.3999194444166667 331.7907451638021
3.4027083333333334 331.78716732314797
3.4055 331.78479794346583
3.408288888888889 331.78119932320936
3.4110694444444443 331.7775866926076
3.415366666666667 331.77457791758087
3.418163888888889 331.77145711840916
3.4209555555555555 331.7681273101378
3.4237333333333333 331.7657563143493
3.4265222222222222 331.7623678252967
3.4293027777777776 331.75896812273015
3.433447222222222 331.7559100767509
3.4363083333055555 331.7526522572238
3.4390861110833333 331.74923324415323
3.441875 331.74679097397876
3.4446666666666665 331.7433492620206
3.4474555555555555 331.7399075607752
3.451738888888889 331.7372587056469
3.4545805555555558 331.7344477735292
3.4573694444444443 331.7314694778725
3.4601583333333332 331.7291247695807
3.462938888888889 331.7260953724542
3.465727777777778 331.72305474230376
3.4698 331.7207503937356
3.472625 331.7180089265549
3.475416666666667 331.71508621190316
3.4782055555555558 331.7126694318542
3.4809972222222223 331.70972962540554
3.4837861110833335 331.70678981895696
3.4881444444444445 331.705169314795
3.490936111111111 331.7031074855748
3.493725 331.7008324315687
3.4965166666388887 331.69876195930135
3.4993055555555554 331.6964257073362
3.5020972222222224 331.69408945537094
3.506177777777778 331.69272346884094
3.5089972222222223 331.69051633674655
3.5117861111111113 331.6881185327469
3.514577777777778 331.6860095335134
3.5173666666666668 331.68359758570153
3.5201583333333333 331.6811884412361
3.5242444444444443 331.67958513591134
3.5270277777777777 331.6771218346977
3.529811111111111 331.6744258623218
3.5326 331.67224735854194
3.5353916666666665 331.66951308284825
3.5381805555555554 331.66678161556234
3.5423305555555555 331.66486099361134
3.5451194444444445 331.6624538313363
3.547911111111111 331.6598277176166
3.5507 331.6577086121941
3.5534916666666665 331.6550361884876
3.5562805555555554 331.65236657267224
3.560266666638889 331.6500405443336
3.5630805555555556 331.6470164406129
3.5658694444166668 331.6437964469333
3.568661111111111 331.6413878473508
3.5714444444444444 331.6381238334924
3.574227777777778 331.6348514016402
3.5782666666666665 331.6317763062967
3.5811472221944443 331.6285463420815
3.583938888888889 331.6251874793908
3.586727777777778 331.6227364988132
3.5895166666666665 331.6192654075037
3.5922972222222223 331.6157859213885
3.596363888888889 331.61252259505795
3.5991694444444446 331.6092371630809
3.601961111111111 331.6057473440039
3.60475 331.60324025584146
3.6075305555555555 331.59967963855297
3.6103194444444444 331.5961105937379
3.6144944444444445 331.59279006871503
3.6172833333333334 331.589444251365
3.620075 331.5858797515423
3.622863888888889 331.5834077144374
3.6256555555555554 331.57979158877436
3.6284444444444444 331.5761782716602
3.6328388888888887 331.56992981381876
3.635647222222222 331.5671056942745
3.6384305555555554 331.56426478108824
3.6412194444444443 331.56426478108824
3.6440083333333333 331.5611840649524
3.6468 331.5581033488165
3.651075 331.552857756225
3.6538583333333334 331.5503782305556
3.6566388888888888 331.54783421736477
3.6594277777777777 331.54783421736477
3.6622194444444442 331.54504787099495
3.665008333333333 331.5422615246252
3.6694222222222224 331.537542095934
3.672222222222222 331.5353447791829
3.675011111111111 331.53316990396434
3.677802777777778 331.53316990396434
3.6805916666388887 331.53076456452027
3.6833805555555554 331.52835922507614
3.6875388888888887 331.5238524403215
3.690325 331.52146244227015
3.6931166666666666 331.51905280705694
3.6959055555555556 331.51905280705694
3.698697222222222 331.51642340913406
3.701486111111111 331.51379401739314
3.7056833333055557 331.50935982208193
3.708511111111111 331.50736977432933
3.7113 331.5053628993673
3.714088888888889 331.5053628993673
3.716877777777778 331.50312013448774
3.7196694444444445 331.5008773655822
3.7237666666666667 331.49674977152387
3.726558333333333 331.4946255871746
3.7293416666388888 331.4924733921765
3.7321333333333335 331.4924733921765
3.734922222222222 331.4900877798872
3.737702777777778 331.4876909681237
3.7420194444444443 331.48379335182176
3.7448083333333333 331.48208084319833
3.7475972222222222 331.48029825499395
3.7503777777777776 331.48029825499395
3.7531666666666665 331.47826298753193
3.7559583333333335 331.47623052064915
3.7602694444444444 331.47279028616293
3.7630916666388887 331.47119524951245
3.7658805555555555 331.4695777993379
3.7686722222222224 331.4695777993379
3.771461111111111 331.46773587657674
3.7742444444444443 331.46588554887995
3.7784583333333335 331.4628237360554
3.7812472222222224 331.4613293388357
3.784038888888889 331.45984331643047
3.786827777777778 331.45984331643047
3.7896194444166666 331.45813027057056
3.7924083333333334 331.4564172257835
3.7967 331.4537243261998
3.7994916666666665 331.4526164238796
3.8022833333333335 331.4512875265947
3.8050722222222224 331.4512875265947
3.807863888888889 331.4497510205532
3.810652777777778 331.4482145145117
3.814975 331.446105405523
3.8177666666666665 331.4454656858641
3.8205555555555555 331.4445985578148
3.823347222222222 331.4447966204728
3.826136111111111 331.44373422454817
3.828925 331.4426374439245
3.8333416666666666 331.4415239263805
3.8361472222222224 331.4415004532111
3.838938888888889 331.44149660603784
3.841727777777778 331.44198832821127
3.844511111111111 331.4417568792233
3.8473 331.44151706394166
3.851563888888889 331.43971463606107
3.8543555555555558 331.44003016248627
3.8571333333333335 331.4403373046028
3.8599111111111113 331.4409273277521
3.8627 331.44096636462376
3.8654888888888888 331.4410054014955
3.8697194444444443 331.4391925112773
3.872508333333333 331.43923917419545
3.8753 331.4392830325462
3.8780833333333335 331.4397702906611
3.880875 331.4395806787757
3.883663888888889 331.4394022215241
3.8880222222222223 331.4377501249083
3.8908444444444443 331.43827288672645
3.8936333333333333 331.4388348913432
3.8964194444444447 331.439549371491
3.899211111111111 331.43987280726213
3.901997222222222 331.4401934521167
3.9060361111111113 331.43868147639716
3.908825 331.4387872996332
3.911611111111111 331.4388903270601
3.9144 331.43929792998017
3.9171833333333335 331.4391696945254
3.919975 331.43903867024954
3.924236111111111 331.4373687693481
3.9270277777777776 331.4377041462414
3.9298166666666665 331.43804232624643
3.9326 331.4385612121636
3.935391666666667 331.43865599647347
3.9381694444444446 331.43873962829156
3.9424444444444444 331.4385497688484
3.945275 331.4387375689558
3.948063888888889 331.43893095992667
3.9508555555555556 331.43938304074635
3.9536444444444445 331.4395753527203
3.956436111111111 331.43976766469416
3.96075 331.4398694258475
3.9635416666666665 331.4403290528368
3.9663305555555555 331.44072139106135
3.9691222222222224 331.44120430368224
3.971911111111111 331.4415972387373
3.974702777777778 331.44198738810417
3.9791416666666666 331.4426317638195
3.9819333333333335 331.4436322572078
3.984722222222222 331.4445878678749
3.9875 331.44531843803657
3.990291666666667 331.44624363410963
3.9930805555555557 331.4471688301827
3.9970694444444446 331.4483437904107
3.999852777777778 331.4492125588571
4.002641666666666 331.45008134184746
4.005433333333333 331.4507925261084
4.008222222222222 331.4516592465371
4.011013888888889 331.45253154558685
4.014975 331.4533552256388
4.017816666666667 331.45371114734985
4.020597222222222 331.4540642281062
4.023377777777778 331.45444271320605
4.026166666666667 331.454763174315
4.028958333333334 331.45508363542405
4.033244444444445 331.4556944333622
4.036036111111111 331.45641448353666
4.038825 331.4571345296936
4.041616666666667 331.4576124636496
4.044405555555556 331.4583312772572
4.047197222222223 331.4590500948642
4.051263888888889 331.4601120216171
4.054138888888889 331.4608599641166
4.056927777777778 331.4616133872809
4.0597055555555555 331.4619188925852
4.062494444444445 331.4626458319098
4.065283333333333 331.46336720081666
4.069480555555556 331.46459568198304
4.072272222222222 331.46550878560464
4.075061111111111 331.466424687604
4.07785 331.4668271589018
4.080641666666667 331.467743528135
4.083430555555555 331.4686598922703
4.087705555555556 331.4703785682588
4.090516666666667 331.47161354149887
4.093305555555555 331.4728624783967
4.096097222222222 331.47329847215275
4.098886111111111 331.47454323198707
4.101677777777778 331.4757907799908
4.105855555555555 331.4779474526296
4.108636111111111 331.47927473155505
4.111422222222222 331.4805740015445
4.1142111111111115 331.48098390950906
4.117 331.4822814956357
4.119791666666667 331.4835763008415
4.124038888888889 331.4848250351382
4.126830555555555 331.4865600431577
4.129619444444445 331.48830623861636
4.132402777777778 331.48874018681255
4.135194444444444 331.49047274271754
4.137983333333334 331.49221365887695
4.142258333333333 331.49254714908056
4.145047222222222 331.49446395948763
4.147838888888889 331.4963891584494
4.150627777777777 331.4969520721262
4.153419444444444 331.49887981794194
4.156208333333334 331.50081592452784
4.160236111111111 331.50200358381454
4.163027777777778 331.5030984884637
4.165816666666666 331.50414013279976
4.168605555555556 331.50434224421616
4.171397222222223 331.50561757378074
4.174186111111111 331.5068929046778
4.178352777777778 331.5068650101607
4.181155555555556 331.5082868271669
4.183944444444444 331.509722628419
4.186736111111111 331.5100054417577
4.189519444444445 331.51144527066975
4.192308333333333 331.5128823108439
4.1965 331.51283591886374
4.199288888888889 331.51440316075644
4.202080555555556 331.51597040264903
4.204869444444444 331.51631240819665
4.207661111111111 331.5178749152196
4.21045 331.5194374222425
4.214475 331.51946137250127
4.217327777777777 331.5208859711087
4.220119444444444 331.5223860918013
4.222908333333334 331.5227087146022
4.2257 331.52420430320814
4.228488888888889 331.525713833861
4.232641666666667 331.52554357548064
4.235444444444444 331.5269961417267
4.2382333333333335 331.52845710034217
4.241025 331.5287976315627
4.243813888888889 331.5302625429103
4.246594444444445 331.531719088725
4.250752777777778 331.53113829642047
4.253586111111111 331.532364293048
4.256375 331.5336350553572
4.259155555555555 331.5338316863409
4.261947222222222 331.5350902458649
4.2647361111111115 331.5363460175453
4.268855555555556 331.535290714507
4.271644444444444 331.5362228241298
4.274436111111111 331.53715493375273
4.277225 331.5373632338462
4.280008333333333 331.5382925372164
4.282797222222222 331.53921625490915
4.2870083333333335 331.5378861600293
4.289863888888889 331.5386838830551
4.29265 331.53955721393334
4.295438888888889 331.5397443167767
4.298225 331.5406038504841
4.3010166666666665 331.5414633805397
4.305211111111111 331.5405386643457
4.308005555555556 331.54159673610155
4.310794444444444 331.54266880528183
4.313586111111111 331.542868811103
4.316375 331.5439488007598
4.319166666666667 331.5450259999797
4.323255555555556 331.5445583417102
4.326144444444444 331.5459996703604
4.3289333333333335 331.54696264064205
4.331722222222222 331.5470799788359
4.334513888888889 331.5480567749185
4.3373027777777775 331.5490335739986
4.341313888888889 331.5484289642807
4.344169444444445 331.54888864632494
4.346958333333333 331.54938452781346
4.34975 331.5498831965405
4.352538888888889 331.55060889608035
4.355316666666667 331.5513234468209
4.35955 331.5505367862122
4.362413888888889 331.55102989693836
4.365202777777778 331.5515675587201
4.367991666666667 331.55210243320124
4.370783333333334 331.5528755675007
4.373563888888889 331.5536403399447
4.377719444444445 331.55293792710387
4.380519444444444 331.553311150149
4.383308333333333 331.5536453908956
4.3861 331.5539963475853
4.388886111111111 331.55457158544135
4.391675 331.55514403173976
4.3958916666666665 331.55438003626284
4.398775 331.5549093155762
4.401563888888889 331.55545251876146
4.404352777777778 331.55600129631534
4.4071444444444445 331.55678003807236
4.409933333333333 331.55756715776243
4.413936111111111 331.5566245455098
4.416825 331.55669419391324
4.419613888888889 331.55685576337765
4.422405555555556 331.5570145476033
4.425194444444444 331.55741675382546
4.427986111111111 331.55783012310087
4.4321777777777775 331.5568678709326
4.435019444444444 331.55714086002314
4.437811111111111 331.5573943548284
4.4406 331.55780293236177
4.443391666666667 331.55807185322476
4.446180555555555 331.55834077258737
4.450236111111111 331.558005982401
4.453041666666667 331.55779149515064
4.455830555555556 331.55754635663544
4.4586194444444445 331.55768995984454
4.461411111111111 331.5574518521672
4.464191666666666 331.55720814467537
4.468188888888889 331.5564933101747
4.470980555555555 331.5560671188373
4.473769444444445 331.55560748538244
4.476561111111111 331.5556362045706
4.47935 331.55517119037324
4.482141666666666 331.5547089761772
4.486280555555555 331.55342860864226
4.4890888888888885 331.55262347744815
4.491872222222222 331.55182672396813
4.494661111111111 331.55163708432684
4.497452777777778 331.5508386474519
4.500241666666667 331.5500374112782
4.504425 331.54881571804736
4.507216666666666 331.5482000500809
4.510005555555556 331.5475537218199
4.512797222222222 331.5474238386863
4.515586111111111 331.54678788365965
4.518377777777777 331.5461491252865
4.522697222222222 331.5452025731867
4.52555 331.54481819846296
4.5283388888888885 331.5445034787308
4.531122222222222 331.5446746285591
4.533911111111111 331.5443469425006
4.536702777777778 331.5440220562717
4.540880555555556 331.5432831423325
4.543672222222222 331.5429907134049
4.546461111111111 331.54269828610404
4.549252777777777 331.5428863204921
4.552041666666667 331.542592251464
4.554833333333334 331.542300982281
4.559161111111111 331.5420202855862
4.561975 331.5421427934939
4.564763888888889 331.54226251679813
4.567555555555556 331.54279560350835
4.570341666666667 331.54292159724207
4.573130555555555 331.54305599093294
4.577411111111111 331.5442913794047
4.580263888888889 331.544613329711
4.583055555555555 331.54491024664657
4.585844444444445 331.54567469638306
4.588633333333333 331.5462010511553
4.591425 331.5467386019688
4.595569444444444 331.54706271067687
4.598369444444445 331.54740956842727
4.601161111111111 331.5476894291545
4.60395 331.54854602739556
4.606738888861111 331.54906388323604
4.609530555555556 331.5495817390766
4.61385 331.5501009182824
4.616666666666666 331.5507683673853
4.619455555555556 331.5514217283917
4.622236111111111 331.55230136725595
4.625025 331.55339838537344
4.627816666666667 331.55449818959767
4.631983333333333 331.55514480914945
4.634772222222222 331.55553099716656
4.637563888888889 331.5558837416249
4.640352777777778 331.55648235819683
4.643144444444444 331.55731444399424
4.645933333333334 331.5581437438555
4.65 331.5574560139459
4.6528777777777774 331.55791275882416
4.655666666666667 331.55846135628985
4.658458333333333 331.5591775460769
4.661247222222222 331.5597404185885
4.664038888888889 331.56030329110007
4.66815 331.5602394849609
4.671 331.5604066044011
4.673788888888889 331.5606210630161
4.676580555555556 331.5608383074122
4.679369444444444 331.5612825339862
4.682161111111111 331.56172954634127
4.686444444444445 331.56091815372395
4.689294444444444 331.56143900789505
4.692086111083333 331.5620266737091
4.694866666666667 331.56260319252283
4.697658333333333 331.56340159683737
4.700447222222222 331.5642000051421
4.704422222194444 331.5645471538165
4.707219444444444 331.56434540638065
4.710008333333334 331.5640627697724
4.7128 331.5640209970008
4.715588888888889 331.5642088206443
4.718380555527777 331.5643966368969
4.722572222194445 331.56445262924257
4.725383333333333 331.56458862048953
4.728175 331.5646798531547
4.730963888888889 331.5650140771671
4.733755555555556 331.56557820695343
4.736544444444444 331.566150716241
4.740716666666667 331.5663495529274
4.743508333333334 331.56612557694535
4.746297222194444 331.5659043859852
4.749088888888889 331.5659127410972
4.75187777775 331.5661618323244
4.754669444444445 331.56641648668494
4.758927777777778 331.56639128133065
4.761716666666667 331.5662428075092
4.764508333333334 331.5660385672466
4.767297222222222 331.5660719933659
4.7700861111111115 331.5663403651728
4.7728777777777776 331.5666171077925
4.7769361111111115 331.5665106979673
4.779788888888889 331.5659661464815
4.782569444444444 331.5654577589255
4.785358333333333 331.5651708873066
4.78815 331.565110353271
4.790938888888889 331.56505261236623
4.79525 331.56478373346886
4.7981 331.5644931100717
4.800888888888889 331.56426098612565
4.803672222222223 331.5642470586148
4.806461111083333 331.564456862503
4.809252777777778 331.564669451878
4.813413888888889 331.56449299763875
4.81622777775 331.56413561253987
4.819019444444445 331.5637390782307
4.8218083333055555 331.56357471165546
4.8246 331.56341034416585
4.827388888888889 331.5634777217752
4.831527777777778 331.56303509794293
4.834325 331.56236822447767
4.837113888888889 331.5616650619847
4.839905555555555 331.56118855023385
4.842694444444445 331.56072039703673
4.845486111111111 331.56025781966656
4.849611111111111 331.5609135953237
4.852413888888889 331.5599369881732
4.8552027777777775 331.5589073314968
4.8579944444444445 331.5581187973855
4.860783333333333 331.5573442057513
4.863572222222222 331.5565723982716
4.867849999972222 331.55706901493255
4.870691666666667 331.5562933239571
4.873483333333334 331.5555706058434
4.876272222222222 331.5550773908468
4.8790611111111115 331.5545897516151
4.8818472222222224 331.5540937542326
4.885986111111111 331.5547243425591
4.888802777777777 331.55371711299966
4.891591666666667 331.55267917819896
4.894383333333334 331.5518709755745
4.897172222222222 331.55106835122933
4.899963888888889 331.55026293775234
4.904277777777778 331.5507684269725
4.907102777777777 331.5502327141736
4.909891666666667 331.54969972326757
4.912669444444444 331.54938485116435
4.915461111111111 331.5490588295172
4.91825 331.54874117005136
4.922375 331.5495365524038
4.9251805555555555 331.54883066059205
4.927969444444445 331.5480549366569
4.930761111111111 331.5475087731117
4.93355 331.5469709737025
4.936341666666666 331.54643038626347
4.940675 331.5457773689379
4.9435 331.5454690773904
4.946288888888889 331.54519723016057
4.949080555555556 331.5450579342902
4.951869444444444 331.54478481758065
4.954661111111111 331.5445200593771
4.958875 331.5440183493467
4.9617305555555555 331.5436427690345
4.964519444444444 331.5432952539538
4.967311111111111 331.54312269950157
4.9701 331.5427743373168
4.9728916666666665 331.54242876106815
4.977016666638889 331.54158639027014
4.97985 331.5408099238529
4.982641666638889 331.5400167227736
4.985430555555555 331.53968137451466
4.988222222222222 331.53890376079147
4.991011111111111 331.5381261470684
4.995005555555555 331.5368985618995
4.997786111111111 331.5360213933554
5.000575 331.53505181678366
5.0033666666666665 331.5345421251995
5.006155555555556 331.53357795773786
5.008941666666667 331.53261100635405
5.013213888888889 331.5314762527096
5.01605 331.5309158601981
5.018838888888889 331.5304115350853
5.021630555555555 331.5300690020487
5.024419444444445 331.52957585565485
5.027211111111111 331.529085494035
5.031391666638889 331.52833187595405
5.034183333333333 331.5277210276577
5.036972222222222 331.52711018276966
5.039761111111111 331.5267636998921
5.042552777777778 331.5261534745775
5.045341666666666 331.52555717637324
5.049563888888889 331.52483838917055
5.0524305555555555 331.52437884681024
5.0552166666666665 331.52400059348906
5.058008333333333 331.52375819404074
5.060797222222222 331.5234043407666
5.063588888861111 331.5230616286645
5.067677777777778 331.5214150154138
5.0704666666666665 331.52119676410894
5.073258333333333 331.52097851280405
5.076041666666667 331.52097851280405
5.078830555555555 331.5202984049929
5.081622222222222 331.5196183018599
5.085858333333333 331.5199077879175
5.0886555555555555 331.51944536735596
5.091444444444445 331.5189633464341
5.094236111111111 331.5187807309344
5.097022222222222 331.5184825622049
5.099811111111111 331.51776613251894
5.103972222222223 331.5168688833766
5.106775 331.51662244887547
5.109561111083333 331.5163872492906
5.112352777777778 331.51623470088913
5.1151416666388885 331.51593161350445
5.117933333333333 331.51524878866036
5.122138888888889 331.51590096527934
5.124927777777778 331.51523423836693
5.127705555555556 331.5144837299681
5.130497222222222 331.514119401906
5.133286111111111 331.5133666235133
5.1360777777777775 331.5126110482687
5.140138888888889 331.51297502119047
5.142994444444445 331.5122558234879
5.145783333333333 331.5116035714731
5.148569444444444 331.5109429590894
5.151361111111111 331.51028234302913
5.15415 331.50962172696893
5.158461111111111 331.5076814340739
5.161302777777777 331.5078126060631
5.164091666666667 331.50799703836543
5.166883333333334 331.5081484758329
5.169661111111111 331.5080955185941
5.172452777777778 331.5080314113926
5.176525 331.5078251838523
5.179338888888889 331.5075269609324
5.182127777777778 331.50723988972834
5.184916666666667 331.50695003223166
5.187705555555556 331.50666574575376
5.1904916666666665 331.50638982141095
5.194602777777778 331.5059885249184
5.197391666666666 331.50543952136576
5.200183333333333 331.50489330311393
5.202972222222222 331.50451669421756
5.205763888888889 331.50373869399306
5.208552777777777 331.50296069376867
5.212577777777778 331.503125082442
5.215430555555556 331.5024869574462
5.218222222222222 331.5018571869119
5.221011111111111 331.5014713776634
5.223802777777777 331.50061215701635
5.226588888888889 331.49974733544525
5.230716666666667 331.5011062448148
5.2335111111111114 331.5001351906997
5.2363027777777775 331.4991557710051
5.239091666666667 331.4987282129568
5.241883333333333 331.4977458253238
5.244672222222222 331.49676623468287
5.248980555555556 331.4970975097188
5.251769444444444 331.4965959839824
5.254558333333334 331.4960582085122
5.25735 331.49573592718417
5.260138888888889 331.49498019441523
5.262930555555555 331.4942216653546
5.267027777777778 331.4944682955527
5.269816666666666 331.493580872066
5.272608333333333 331.4926515784843
5.275397222222222 331.4923077885261
5.278188888888889 331.49137847859214
5.280974999972222 331.49045475812426
5.2852 331.4907265214897
5.288047222222223 331.49018318530887
5.290836111083333 331.4896287006835
5.293625 331.4892897323369
5.2964166666666666 331.48850880768646
5.299205555555556 331.487733475666
5.303380555527778 331.4883258596839
5.3061694444444445 331.4879440526025
5.308961111083334 331.4875566695389
5.31175 331.48719184761484
5.3145388888888885 331.48657341531725
5.3173305555555554 331.48595778450516
5.321580555555555 331.4866349067043
5.32437777775 331.48625600356553
5.327163888888889 331.48577954749123
5.329955555555555 331.4854736543408
5.332736111111111 331.4847654697116
5.335527777777778 331.48404610069394
5.339680555555556 331.48438788737366
5.342472222222222 331.4839004217508
5.345261111111111 331.4833460697661
5.34805 331.48310549530186
5.350841666666667 331.4823188023673
5.353630555555555 331.4815349051176
5.357894444416667 331.48190088729615
5.360702777777778 331.48132431075015
5.3634916666666665 331.48069199113826
5.3662833333333335 331.4804293954318
5.369072222222222 331.47956712525024
5.371861111111111 331.47870205932173
5.3761222222222225 331.47912632380815
5.378991666666667 331.4788533043402
5.381783333305555 331.4786499468403
5.384561111083333 331.47856844377736
5.387352777777778 331.478114690171
5.390141666638889 331.4776665261144
5.394294444444444 331.47860994680286
5.397091666666666 331.4783814917748
5.399877777777778 331.4780638570531
5.402661111111111 331.4778184584671
5.40545 331.4772557815067
5.408241666638889 331.4766903088926
5.412455555555556 331.47770685082475
5.415324999972222 331.4778601054498
5.418113888888889 331.47799385754536
5.420905555527778 331.47793551811736
5.423694444444444 331.47784587961144
5.4264833333333335 331.47775624110557
5.430688888888889 331.47936732726015
5.433477777777778 331.47956517715915
5.436269444444444 331.47971287614655
5.4390583333333336 331.47961782552574
5.44185 331.47977195968474
5.444638888888889 331.4799288958454
5.448925 331.4805573756792
5.451752777777778 331.48095301274407
5.4545361111111115 331.48136256815945
5.4573277777777776 331.4815211927628
5.460116666638889 331.4819302473271
5.4629 331.48233929504465
5.4669 331.48283491695923
5.469794444416666 331.4831859439467
5.472583333333334 331.4836427904732
5.475375 331.483917256501
5.478163888888889 331.48438227069835
5.480955555555555 331.48484448489444
5.485202777777777 331.48573478949623
5.488027777777778 331.4863977667507
5.490819444444444 331.48708859635553
5.4936 331.48750754152036
5.496391666638889 331.4881994467701
5.499180555555555 331.4889053641099
5.503288888888889 331.4897166896191
5.506077777777778 331.49018463708984
5.508869444444445 331.4906553738906
5.511647222222222 331.4910013583525
5.514438888888889 331.49145512941254
5.517227777777777 331.49190890047254
5.521594444444444 331.492730242698
5.524386111111111 331.4934294933012
5.527175 331.4940674940391
5.529966666666667 331.49439589211295
5.532755555527777 331.4950458712812
5.535544444444445 331.49569305062
5.5396833333333335 331.49652009491587
5.542513888888889 331.49700482221135
5.545305555555555 331.49753689164606
5.548094444444445 331.49788418105294
5.550883333333333 331.4984192349808
5.553675 331.4989542918939
5.557858333333333 331.4995948745527
5.560747222222222 331.50014940237367
5.563538888888889 331.50078190847023
5.5663277777777775 331.5014255636322
5.569111111111111 331.5022934032735
5.571902777777778 331.50316681208795
5.576069444444444 331.5014775975584
5.578858333333334 331.5020961102105
5.58165 331.50271461784104
5.584438888888889 331.50271461784104
5.587227777777778 331.503104139521
5.590019444444445 331.50350207369564
5.594211111111111 331.50431606809616
5.597063888888889 331.50519644352374
5.599855555555555 331.5059773064292
5.6026444444444445 331.50630767912617
5.6054361111111115 331.5070945514023
5.608225 331.50788421183245
5.612338888861111 331.50702148574993
5.615169444444445 331.5075239661338
5.61795 331.50804164121416
5.620738888888889 331.50829607921975
5.623530555555556 331.50833235927075
5.626319444444444 331.50839686651443
5.630513888888889 331.5090779247044
5.633319444444444 331.5097075082222
5.636111111111111 331.51035109948043
5.638888888888889 331.5106682583011
5.641677777777778 331.5110584402351
5.644469444444445 331.5114486243404
5.648558333333333 331.5116297424354
5.651347222222222 331.5118108524684
5.654138888888889 331.5119055956446
5.656927777777778 331.5120003382935
5.659719444444445 331.5123240545609
5.662508333333333 331.51265613138105
5.666783333305555 331.51292508991406
5.6695611110833335 331.51281578810773
5.672352777777777 331.5126480273065
5.675141666638889 331.51271210419424
5.677933333333334 331.5127789675916
5.680722222222222 331.51285140293874
5.684888888888889 331.51298792520333
5.687680555555556 331.5130074306629
5.690469444444444 331.51297399059246
5.693261111111111 331.5129405503359
5.69605 331.5129154704923
5.698841666666667 331.51289875036406
5.703141666666666 331.5119245300248
5.705980555555556 331.5125041173167
5.708769444444444 331.51314529382694
5.71155 331.5132337982877
5.714341666666667 331.5136293869283
5.717130555527778 331.5140277602964
5.721036111111111 331.51324764085376
5.723891666638889 331.5133263340357
5.726680555555555 331.513469471093
5.729463888888889 331.513469471093
5.732252777777778 331.51315007680023
5.735044444444444 331.5128306891936
5.739411111111111 331.5142117096186
5.742199999972223 331.51424531891286
5.7449916666666665 331.5142789282072
5.747780555527778 331.51406589934885
5.750569444444444 331.5140965359527
5.753352777777778 331.5141188169332
5.757505555555555 331.51426166620234
5.760319444444445 331.51414122382687
5.76310277775 331.5140375902551
5.765891666666667 331.51378072880135
5.768672222222222 331.5139258409237
5.771461111083333 331.5135670300839
5.775791666666667 331.5149053945319
5.7786 331.5150930375293
5.7813888888888885 331.51530868093005
5.784175 331.51515939104326
5.786966666666666 331.5153877609327
5.789755555555556 331.51561613082214
5.793922222222222 331.5160745423066
5.796711111111111 331.515965309967
5.799502777777778 331.5158168718145
5.802291666666667 331.51549893832356
5.805077777777778 331.51535689983785
5.8078666666666665 331.51520929121546
5.812005555555555 331.51520417144826
5.8148583333333335 331.5149297108505
5.817644444444444 331.51471407707277
5.820436111111111 331.514318726275
5.823225 331.51410429509696
5.826013888888889 331.51388429427783
5.830158333333333 331.51384423302267
5.832975 331.5137714104475
5.8357666666388885 331.51366778728135
5.838555555555556 331.5133619158705
5.841338888888889 331.5132505165452
5.844130555555555 331.513133546603
5.848416666666667 331.5133719254911
5.851269444444444 331.51355396618936
5.854058333333334 331.51375278846206
5.85685 331.5135552754985
5.859638888888889 331.513761344764
5.862425 331.5139646287442
5.866577777777778 331.51444590317783
5.869369444444445 331.5144823145669
5.872158333333333 331.5144991194954
5.8749472222222225 331.51429099589956
5.877736111111111 331.5143104923539
5.880527777777778 331.51432998880836
5.884752777777778 331.51467571988434
5.887566666666666 331.51486058131707
5.890355555555556 331.51502022234916
5.893147222222222 331.5148606616508
5.895936111111111 331.515019412313
5.89872777775 331.5151781629751
5.902861111111111 331.5154754470679
5.905683333333333 331.51543342642566
5.908474999972222 331.51534939428325
5.911263888888889 331.5151303461651
5.914055555555556 331.51506071093485
5.916844444444444 331.5149910757046
5.921005555555555 331.51510615155615
5.923877777777777 331.51516217704756
5.9266694444166665 331.51530503049474
5.929458333333334 331.5152031091255
5.932247222222222 331.5153507374568
5.935038888888889 331.5155011516468
5.939205555555556 331.5157379903109
5.941994444444444 331.5156651490447
5.944786111111111 331.51553908430395
5.947575 331.5153612430802
5.950366666666667 331.51524423799344
5.95315 331.5151300190599
5.957436111111111 331.5151224601285
5.960263888888889 331.515234544251
5.963055555555556 331.5153746423686
5.9658444444444445 331.5154313302587
5.9686361111111115 331.51557900705797
5.971425 331.5157350433555
5.975702777777777 331.5161337014491
5.978555555555555 331.51659326945213
5.981347222222222 331.5171144548386
5.984136111111111 331.5173665727048
5.986927777777778 331.51788763556283
5.989716666666666 331.51840591054616
5.993808333333333 331.51929760519215
5.996680555555556 331.5199251992934
5.999469444444444 331.52061996585763
6.002261111111111 331.520844766134
6.00505 331.52154123281514
6.007838888888889 331.52223769949626
6.012002777777778 331.5233085208047
6.0147916666666665 331.5239418102918
6.0175833333333335 331.5245779037199
6.020372222222222 331.52490226984634
6.023163888888889 331.5255543331477
6.0259527777777775 331.5262063928207
6.030144444444445 331.52720321521184
6.032936111111111 331.5278561216857
6.035725 331.5285146325082
6.038516666666666 331.5288298935964
6.041305555555556 331.52949309221054
6.044083333333333 331.5301423526585
6.048311111083334 331.5301630168736
6.051094444444445 331.53119840996953
6.053883333333333 331.5322310022519
6.056669444416666 331.53275536847457
6.059452777777778 331.5335386305889
6.062233333333333 331.5343079535101
6.066316666666666 331.53500755827184
6.069105555555556 331.53570159235454
6.071897222222222 331.53639841566235
6.074680555555555 331.5370868713415
6.077469444444445 331.53800473705826
6.080261111111111 331.5389198102517
6.0844555555555555 331.53743047620435
6.087272222222222 331.5383426695303
6.090061111111111 331.53928287466425
6.092852777777778 331.539746882746
6.095641666666666 331.5404548946303
6.098433333333333 331.5413978413246
6.102488888888889 331.54101513028155
6.105372222222222 331.5417400241853
6.108163888888889 331.54254849672054
6.110947222222222 331.5433541702083
6.113736111111111 331.5441514869571
6.116527777777778 331.545175306392
6.120675 331.54473094075513
6.1235333333333335 331.54590164681775
6.126322222194444 331.54697336914035
6.129111111111111 331.5475424728141
6.1319027777777775 331.548619325378
6.134688888888889 331.5496933877384
6.138761111111111 331.54964862644255
6.141591666666667 331.55060773828535
6.144380555555555 331.55154178046905
6.147172222222222 331.55247582265275
6.149961111111111 331.5534238084089
6.15275 331.55436621777585
6.156791666666667 331.555183056096
6.1596222222222226 331.55577147453374
6.162411111111111 331.5563459542011
6.1652 331.5563433652898
6.1679916666666665 331.5566918008039
6.170780555555556 331.5570514081114
6.174997222222222 331.559558809689
6.177808333333333 331.5604456328535
6.1805972222222225 331.5613296697253
6.183388888888889 331.5622164978263
6.186169444444444 331.563097738579
6.188952777777778 331.5639622469061
6.193186111111111 331.5648546724153
6.196041666666667 331.56593388653437
6.198830555555555 331.56707995214805
6.201622222222222 331.5682232324609
6.204411111111111 331.5695959442926
6.2071999999722225 331.5709686561242
6.211363888888889 331.5711362599413
6.214169444416667 331.5724494956483
6.216952777777778 331.5737098083854
6.219741666666667 331.57496176666103
6.222533333333334 331.57644057921647
6.225322222222222 331.5779249757749
6.229536111111111 331.577666611154
6.232327777777778 331.5794635854904
6.235116666638889 331.58126055982683
6.237908333333333 331.58126055982683
6.240697222194444 331.5830631372664
6.243488888888889 331.58486851628095
6.247708333333334 331.58746550237095
6.250497222222222 331.5890525989397
6.253277777777778 331.59063131449466
6.256066666666666 331.5911350234292
6.258858333333333 331.5929432602006
6.261644444416667 331.5947458927137
6.2658555555555555 331.5976266473662
6.268688888888889 331.60034327945095
6.271475 331.6024624668968
6.274266666666667 331.6024624668968
6.277055555555555 331.6045788546537
6.279844444444445 331.60669804209954
6.283969444444445 331.60969682867784
6.286780555555556 331.6115157036189
6.289572222222223 331.6132983771023
6.292361111111111 331.61388753389423
6.29515 331.6159031555703
6.297938888888889 331.61791877724636
6.301936111111111 331.62053930561984
6.304719444444444 331.62196209229364
6.307511111111111 331.62338210104565
6.3103 331.6238146318426
6.313088888888889 331.6254660167825
6.3158805555277775 331.62712020468246
6.320291666666667 331.63002109442886
6.323080555555555 331.63192683702323
6.325872222222222 331.6338270202626
6.328655555555556 331.6344504517718
6.331447222222222 331.6365866566662
6.334236111111111 331.6387200575493
6.338536111111111 331.6420151853621
6.341325 331.64399584031037
6.344116666666666 331.64597371110426
6.346905555555556 331.6467819795133
6.349694444444444 331.648996501857
6.352486111111111 331.6512110242007
6.356786111111111 331.65461070427335
6.359622222222222 331.6568875703729
6.362411111111111 331.6591894785372
6.365202777777778 331.6601020200399
6.367991666666667 331.66264173388004
6.370783333333334 331.6651926681737
6.374877777777778 331.6685449337456
6.377666666666666 331.6704700741521
6.380458333333333 331.6723284289307
6.383247222222222 331.6730350093733
6.386036111111111 331.67513479240006
6.388827777777778 331.67723457542684
6.392833333333333 331.67996721600423
6.395722222222222 331.6816555347659
6.3985111111111115 331.6834329849077
6.4013 331.68413130987045
6.404091666666667 331.68615263290053
6.4068805555555555 331.68817395593055
6.410875 331.6908423715148
6.413691666666667 331.69244163108834
6.416480555555555 331.6939963293789
6.419266666666666 331.69445838549086
6.422055555555556 331.69624439491054
6.424847222222223 331.6980332083571
6.428969444444444 331.7005184378443
6.431791666666666 331.7019308280567
6.434580555555556 331.70337666541144
6.437363888861111 331.70381123728885
6.440152777777778 331.70547109794256
6.4429388888888885 331.70712815496
6.447241666666667 331.70964763275595
6.450047222194445 331.71114377827325
6.452838888888889 331.7126288081343
6.45562777775 331.7130830298468
6.458419444444444 331.714807379582
6.461208333333333 331.71653733389047
6.465355555555556 331.71917116116197
6.468155555555556 331.72076471442983
6.470941666666667 331.7222607266416
6.47372777775 331.72280004641465
6.4765194444444445 331.72451876718526
6.479308333305555 331.72623748795587
6.483425 331.72857552426564
6.486288888888889 331.73002162736657
6.489069444444445 331.73149836934317
6.49185277775 331.7319566508728
6.4946305555277775 331.7336361542138
6.497422222222222 331.7353044447634
6.501630555555556 331.7378172647894
6.504475 331.7393412895514
6.507261111111111 331.74091825599277
6.51005 331.74154765700405
6.512838888888889 331.7433588805632
6.51562777775 331.74517010412245
6.519791666666666 331.74755747850253
6.522586111111111 331.74901204178747
6.525375 331.750469392885
6.5281666666666665 331.75093483233655
6.530955555555556 331.7526339822887
6.533747222222222 331.75434154563465
6.537966666666667 331.75701247118656
6.5408333333333335 331.7587492021566
6.543616666666667 331.7605165732339
6.546405555555555 331.7624955732208
6.549194444444445 331.7647003479522
6.551986111111111 331.76668233072667
6.556102777777777 331.7674498059194
6.558891666638889 331.7692705962806
6.561680555555555 331.7709910245501
6.564461111111111 331.7729199523068
6.56725 331.77483772516234
6.570030555555555 331.7765301960766
6.574275 331.77845496229077
6.577066666666667 331.78037662979517
6.579855555555556 331.7823010850656
6.5826472222222225 331.7844448424801
6.585427777777777 331.7868113130323
6.588216666666667 331.7889444922402
6.592327777777777 331.78971458179876
6.595211111083334 331.79167577915166
6.598 331.79366484735027
6.600788888888889 331.79587289352213
6.603575 331.79807535575816
6.606361111111111 331.8000476621136
6.610586111111111 331.80205077105563
6.613377777777778 331.80411500878563
6.6161666666666665 331.80614021942
6.6189527777777775 331.8083984159711
6.621744444444444 331.8106538248026
6.624525 331.81290732637484
6.628666666666667 331.8138453733044
6.631452777777778 331.81591560126367
6.634244444444445 331.8179663123622
6.637033333333333 331.82024417999924
6.639825 331.82253320022113
6.642613888888889 331.82460345124946
6.646913888888889 331.82692854662514
6.649724999972222 331.8294879030187
6.652513888888889 331.8320667532167
6.655305555555556 331.834863660635
6.658094444444444 331.8376745308855
6.660875 331.84025339545224
6.6652861111111115 331.8428751462289
6.668063888888889 331.8461742499098
6.670855555555556 331.8494621565967
6.673641666666667 331.85166133831194
6.676427777777778 331.85493020934314
6.679213888861111 331.85797075546674
6.683313888888889 331.86087678681105
6.686105555555556 331.86371874783333
6.688888888888889 331.8665551041178
6.691677777777778 331.8696033952887
6.694469444444445 331.87264889987233
6.69725 331.8754684737411
6.701483333333333 331.87836377969313
6.704344444444445 331.88123985122604
6.707122222222222 331.8841242033608
6.709913888888889 331.8872202252583
6.712697222222222 331.8903190076272
6.715486111111111 331.8931893931282
6.719683333333333 331.8963177145791
6.722483333333333 331.8996432392766
6.725272222222222 331.90291305470527
6.728052777777778 331.9063913011266
6.730841666666667 331.9100988396184
6.733633333333334 331.9135867501046
6.738069444444444 331.9183384452938
6.740861111111111 331.9224878802945
6.74365 331.92416591333335
6.746441666666667 331.9266373152952
6.749230555555555 331.9305600753755
6.752022222222222 331.9342669637116
6.75622777775 331.9404393219958
6.759016666666667 331.9444571610472
6.761808333305556 331.9462465795566
6.764597222222222 331.94848058444404
6.7673861111111115 331.9522744204416
6.770175 331.95608708868804
6.774416666666666 331.9610040211975
6.777205555555556 331.9650136472804
6.779988888888889 331.9667673269622
6.782769444444445 331.969006484696
6.785555555555556 331.9727532596206
6.788344444444444 331.9762755036203
6.792641666638889 331.98292199040486
6.795472222222222 331.98732039850523
6.7982611111111115 331.9892957148545
6.801052777777778 331.991757893972
6.8038388888888885 331.9959656565798
6.8066305555555555 331.99995802610283
6.810908333333333 332.0075424374709
6.813697222222222 332.0122653084957
6.816486111111111 332.01440021762875
6.819277777777778 332.01699937344887
6.822066666666666 332.021503505869
6.824858333333333 332.0257928041046
6.828880555555555 332.03341564565324
6.831730555555556 332.03803535724205
6.834519444444444 332.0401587546415
6.837311111111111 332.04271370167913
6.8401 332.0471651272798
6.842891666666667 332.05140737521975
6.847091666666667 332.0591884197354
6.849927777777777 332.0639288770033
6.852708333333333 332.06603551912315
6.855497222222223 332.0687055987678
6.858288888888889 332.07324452140585
6.861077777777778 332.07756918149096
6.8652194444444445 332.0854603836066
6.868027777777778 332.09030723445153
6.870811111083333 332.0924938109879
6.873602777777778 332.09517643516546
6.876391666638889 332.09982179848646
6.879183333333334 332.1042531778183
6.883333333333334 332.11218657368505
6.886172222222222 332.117053350219
6.888963888888889 332.11926775627336
6.891752777777778 332.12197039792096
6.894541666666667 332.1266581215175
6.897333333333333 332.13113210113244
6.901483333333333 332.1393914844434
6.90435 332.14444878003786
6.9071388888888885 332.14680502356913
6.909927777777778 332.1495870836491
6.912719444444445 332.154498716908
6.915508333333333 332.15919422411366
6.919647222222222 332.16791359502093
6.922436111111111 332.1730299077134
6.925216666666667 332.17536351619464
6.928005555555556 332.178132209206
6.930797222222222 332.1829997625174
6.9335861111111114 332.18765416451714
6.937772222222222 332.1961838016418
6.940616666666667 332.20141788396734
6.943405555527778 332.20390194575447
6.946197222222223 332.20670502897144
6.9489777777777775 332.2117571839979
6.951761111111111 332.21657691856245
6.9558583333333335 332.224917999693
6.958661111111111 332.22983588831625
6.961452777777778 332.23217912594293
6.9642333333333335 332.2347565392949
6.967022222222222 332.23944283721465
6.969805555555555 332.24289671433417
6.973952777777778 332.2513783873243
6.976744444444445 332.2563965585388
6.979533333333333 332.2586100625634
6.982325 332.2612001783671
6.985113888888889 332.26577834430384
6.987905555555556 332.26914624739976
6.992080555555556 332.2776176769217
6.994886111111111 332.2827505636553
6.997677777777778 332.2850635526028
7.000466666666667 332.2876887638282
7.00325 332.2923902553709
7.006038888888889 332.29687069207944
7.010116666638889 332.3068614969626
7.012905555555555 332.3123626032647
7.015686111111111 332.31467000044756
7.018466666666667 332.3174111640191
7.021255555555555 332.3219967259904
7.024047222222222 332.3263628961482
7.02825 332.3364018560899
7.031036111111111 332.34202961824775
7.033825 332.34441569955504
7.036608333333334 332.34720877956175
7.0394 332.3519325368276
7.042188888888889 332.3564358665729
7.046163888888889 332.36529204650725
7.048963888888889 332.3703537201666
7.051752777777778 332.3723586571029
7.054541666666666 332.377003594703
7.057333333333333 332.38142791352305
7.060122222222223 332.3856328904776
7.064263888888889 332.3944139374689
7.067052777777778 332.3996693189428
7.069841666666667 332.4018409268148
7.072633333333333 332.40665548952006
7.0754222222222225 332.41124789870935
7.078213888888889 332.4156114250229
7.082391666666667 332.42466573075535
7.085183333333333 332.43005881876667
7.087972222222223 332.4322859766792
7.090763888888889 332.43720821032286
7.093552777777778 332.4418957452998
7.0963416666666665 332.4463471326166
7.100344444444445 332.45518503386614
7.103166666666667 332.4604873693343
7.105955555555555 332.4626892870986
7.108747222222222 332.4674720417462
7.1115361111111115 332.4720236550138
7.114327777777778 332.47633740548844
7.118519444416667 332.4854005726182
7.1213138888888885 332.4908686531505
7.124102777777778 332.49314840671906
7.126894444444445 332.4980887390393
7.129672222222222 332.5027750374935
7.132461111111111 332.50720181189837
7.136369444444444 332.515829499537
7.139258333333333 332.52100866719826
7.142047222222223 332.5232650690351
7.144838888861111 332.5280279749072
7.1476194444444445 332.53253172530145
7.1504111111111115 332.5367794185433
7.154577777777778 332.5457304911869
7.157366666666666 332.5512284673753
7.160158333333333 332.5536543036257
7.162947222222222 332.5586296352766
7.165738888888889 332.563578347645
7.168527777777777 332.56827387906065
7.172608333333334 332.5761218438032
7.175397222222222 332.5814966699842
7.178186111111111 332.5838576669243
7.180974999972222 332.5887121353212
7.183763888888889 332.59330404280297
7.186555555555556 332.5976462113118
7.190758333333333 332.6068868816063
7.19355 332.6124295314091
7.196338888888889 332.6148030291441
7.199130555555556 332.6197772337542
7.201919444444444 332.6244864591329
7.2047083333333335 332.6289288463683
7.208833333333334 332.63822574465183
7.211647222222222 332.64381087162616
7.2144361111111115 332.6462484676998
7.217224999972222 332.65132885719754
7.220016666666667 332.656142176767
7.2228055555555555 332.66068290695324
7.226775 332.6697687959091
7.229586111083333 332.6750684804122
7.232375 332.6773799061946
7.235158333333334 332.6821593004363
7.23795 332.6843256708478
7.240738888888889 332.68853380631
7.244844444444444 332.6986695352041
7.247644444444444 332.7039688165558
7.2504333333333335 332.7062558191977
7.253225 332.7110333836668
7.256008333333333 332.71319650373323
7.2588 332.7173826068826
7.262875 332.7274884351688
7.2656777777777775 332.7327441787332
7.268469444444444 332.7349588501213
7.271258333333333 332.739634809101
7.27405 332.7417766006886
7.276838888888889 332.7458609000871
7.280938888888889 332.7559819962045
7.283738888888889 332.76130374799214
7.2865305555277775 332.76357396072234
7.289319444444445 332.7683165108271
7.292111111111111 332.7704676352348
7.2949 332.77460712498623
7.299066666666667 332.785238873469
7.301858333333334 332.79092840931565
7.304647222222222 332.7934697486065
7.307438888888889 332.7985843410949
7.3102277777777775 332.80082596856124
7.3130138888888885 332.8053142125171
7.3171 332.8160693426811
7.3198944444444445 332.8215295958595
7.322683333333333 332.82383641155934
7.325475 332.82870302908947
7.3282638888888885 332.83092487377576
7.331055555555555 332.8351611269862
7.3353777777777776 332.8463420005153
7.338208333333333 332.85235701893015
7.341 332.8548268530538
7.343788888888889 332.8602763825596
7.346577777777778 332.86290526266595
7.349369444444444 332.8677039690798
7.353458333333333 332.87939753373746
7.356247222222223 332.8853633335655
7.359038888888889 332.8876728660998
7.361827777777778 332.8929697263146
7.364619444444444 332.8956001936514
7.3674 332.90021627069586
7.371686111111111 332.91245878736737
7.374505555555555 332.919042160945
7.377283333333334 332.9216687359785
7.380075 332.9276138822859
7.382863888888889 332.93057638306664
7.385655555555555 332.935839538593
7.3897916666666665 332.9491234991379
7.392580555555556 332.95606315368394
7.395372222222222 332.9588211421971
7.398161111111111 332.96500932232385
7.4009527777777775 332.9680607900372
7.403741666666667 332.9735451546728
7.407711111083334 332.98683315186906
7.410519444444445 332.99363597577866
7.4133 332.99647672795214
7.416080555555555 333.0025542260973
7.418872222222222 333.0054132872331
7.421661111111111 333.0107626172329
7.425866666666667 333.02457663065655
7.4286666666666665 333.0317929625088
7.431455555555556 333.03479651358936
7.434244444444444 333.0412930122887
7.437036111111111 333.04438790693087
7.439825 333.05014679490597
7.444041666666666 333.0647933964278
7.446875 333.0723988721132
7.4496555555277775 333.0754775786563
7.452447222222222 333.08237432588476
7.455236111111111 333.0857882640494
7.458027777777778 333.0919181415479
7.462219444444444 333.10752614989275
7.465025 333.11560557239625
7.467813888888889 333.1233140894104
7.470605555555555 333.1306502341172
7.473394444444445 333.13430144830687
7.476183333305555 333.14084766174966
7.480263888888889 333.1517325683956
7.483072222222222 333.16002492851976
7.485861111111111 333.1678731375194
7.488652777777777 333.1753425380901
7.491441666666667 333.1790605416915
7.494233333333334 333.1857366435636
7.498452777777778 333.19708717185046
7.5013 333.2059834096128
7.504088888888889 333.2094628993258
7.506880555555555 333.2129662808197
7.5096694444444445 333.2129662808197
7.512458333333333 333.21649377193705
7.5165444444444445 333.2224347140481
7.519336111111111 333.22594423114754
7.522125 333.2294724977444
7.524916666666667 333.2330225437647
7.527697222222222 333.2330225437647
7.530480555555555 333.2365859759106
7.534594444444444 333.24250283447736
7.537388888888889 333.2460107108818
7.540177777777778 333.2494651277381
7.542969444444444 333.2529470931664
7.545758333333334 333.2529470931664
7.54855 333.2562213207741
7.552480555555555 333.263069177255
7.555324999972222 333.26644419301977
7.558113888888889 333.26989994946297
7.5609055555277775 333.27337785819094
7.563694444444445 333.27337785819094
7.566486111111111 333.2766532576537
7.570488888861111 333.2835209509905
7.573361111111111 333.28685067623644
7.57615 333.29028960091046
7.578941666666666 333.2937510022164
7.581730555555556 333.2937510022164
7.584519444444444 333.29699407907117
7.588580555555556 333.30380538397117
7.591377777777778 333.30731137586633
7.594169444416667 333.31074524784265
7.596958333333333 333.31420510073787
7.599747222222223 333.31420510073787
7.602538888888889 333.3174425962184
7.606730555555556 333.324245726548
7.609572222222222 333.32776977173756
7.612361111111111 333.3313742427375
7.61515 333.3350032339483
7.617933333333333 333.3350032339483
7.620725 333.3384032417628
7.624758333333333 333.34553522687384
7.627547222194444 333.3491448855197
7.630338888888889 333.35278273097697
7.633122222222222 333.35644583924994
7.6359111111111115 333.35644583924994
7.638702777777778 333.3598724924787
7.642747222222222 333.3670552564311
7.645536111111111 333.3705134184661
7.648327777777777 333.3739698099055
7.651116666666667 333.37745400267926
7.653908333333334 333.37745400267926
7.656686111111111 333.3807028538455
7.660691666666667 333.38751584661077
7.663536111111111 333.39060842011173
7.666325 333.39380371742635
7.669113888888889 333.39701880736635
7.671905555555556 333.39701880736635
7.674686111111111 333.3999992710137
7.678916666666667 333.40628222082296
7.681705555555555 333.409754181584
7.684494444444445 333.4132483428425
7.687286111111111 333.4167752577703
7.690075 333.4167752577703
7.692866666666666 333.4200607551411
7.697013888888889 333.4269891222092
7.699827777777778 333.4305265706764
7.702619444444444 333.43403120001574
7.705408333333334 333.43757995142886
7.708197222222222 333.43757995142886
7.710988888888889 333.44087526150537
7.714930555555555 333.44784195887274
7.717825 333.451177189195
7.720613888888889 333.45466001744506
7.723405555555556 333.45816984436374
7.726194444444444 333.45816984436374
7.728980555555555 333.4614385389684
7.733058333333333 333.4683270391403
7.7358416666666665 333.4714817461542
7.738630555555556 333.4743679443005
7.741422222222222 333.47727337279906
7.744211111111111 333.47727337279906
7.747 333.4802019521222
7.751352777777778 333.4864166409825
7.754177777777778 333.4899040872826
7.756955555555556 333.49317496174086
7.759747222222222 333.4964573713524
7.762536111111111 333.4964573713524
7.765327777777777 333.4997665761444
7.769480555555556 333.50677279639297
7.772272222222222 333.51034641264556
7.775061111111111 333.5136528891058
7.7778527777777775 333.5169869195364
7.780641666666667 333.5169869195364
7.783433333333333 333.520372101054
7.787447222222222 333.52754960064044
7.790266666666667 333.5309360867815
7.793055555555555 333.53408740142424
7.795847222222222 333.5372062492817
7.7986361111111115 333.5372062492817
7.801425 333.54035186836563
7.805408333333333 333.54704147108765
7.808286111111111 333.5501565725937
7.811077777777777 333.55311417060483
7.813858333333333 333.5561017785778
7.81665 333.5561017785778
7.819438888888889 333.55910345692354
7.823477777777778 333.56550290332694
7.8262777777777774 333.5689291045845
7.829069444444444 333.5720795615129
7.831858333333333 333.5751707026724
7.83465 333.5751707026724
7.837438888888889 333.57828981795996
7.841433333333334 333.584938075756
7.844280555555556 333.58815537803645
7.847063888888889 333.5911610716512
7.849852777777778 333.59411301203244
7.8526444444444445 333.59411301203244
7.855433333333333 333.59710966845347
7.859480555555556 333.6035159754723
7.862297222222222 333.6067847462087
7.865086111111111 333.60978836509196
7.867869444444445 333.6127896680725
7.870658333333333 333.6127896680725
7.873438888888889 333.6158152530212
7.877552777777778 333.6222693992501
7.880344444444445 333.6256566851612
7.883127777777778 333.6287316645517
7.885916666666667 333.6317458288797
7.888708333333334 333.6317458288797
7.891497222222222 333.63478968940797
7.895505555555555 333.6413202583304
7.898361111111111 333.64457414226723
7.90115 333.64761308599503
7.903941666666666 333.6505514824198
7.906722222222222 333.6505514824198
7.909511111111111 333.6535102873557
7.9134722222222225 333.6598762778508
7.916355555555556 333.6629858222869
7.919147222222223 333.66592128014116
7.921936111111111 333.66889215068676
7.924727777777778 333.66889215068676
7.9275166666666665 333.6719135708319
7.9316 333.678420681617
7.934427777777778 333.68173305889036
7.937219444444445 333.68476862851344
7.940008333333333 333.6877419948465
7.9428 333.6877419948465
7.945588888888889 333.69074750568046
7.949791666666667 333.6972877477795
7.952602777777778 333.7010073326868
7.955394444444445 333.7044141428869
7.958183333333333 333.7078381783844
7.960975 333.7078381783844
7.963763888888889 333.7113160288478
7.967766666666667 333.7148329562827
7.970602777777778 333.72068910814096
7.973394444444445 333.7241251917462
7.976183333333333 333.72720002789265
7.978975 333.73030488493526
7.981763888888889 333.73385613633013
7.985752777777778 333.7374486813459
7.988644444444445 333.743420520536
7.991422222222222 333.7469422748813
7.994213888888889 333.75006400776107
7.9970027777777775 333.75319533769914
7.999794444444444 333.75678328302536
