# SectorTime station0
0 66.6081692006292
0.016591666666666668 66.6081692006292
0.03333055555555556 67.30411306349126
0.04998333333333333 67.67945014310892
0.06659444444444444 67.67945014310892
0.08327222219444444 68.52447127451812
0.09999166666666667 68.96443904246424
0.11664166666666667 69.41844503257482
0.13324444444444444 69.89062165567121
0.15 70.38352004870566
0.16663611111111112 70.8888000475177
0.183225 70.8888000475177
0.19999166666666668 71.98053106619841
0.21665 72.52794323893632
0.2333222222222222 73.08806301881181
0.24997222222222223 73.62346744593908
0.2666027777777778 74.13608870595456
0.28330833333333333 74.62769796902495
0.29999722222222225 75.09899620384914
0.3165527777777778 75.09899620384914
0.33331666666666665 75.55260950011115
0.34999166666666665 76.40763733985045
0.36665555555555557 76.81132868605185
0.38332222222222223 76.81132868605185
0.3999111111111111 77.2000077844583
0.41665555555555556 77.93629536418018
0.4332388888888889 77.93629536418018
0.45 78.61895184587513
0.4666222222222222 78.94151198408063
0.4832888888888889 79.252049625876
0.49993333333333334 79.55186821572323
0.5166083333333333 80.43334215195881
0.5332722222222223 80.71834200498172
0.5499777777777778 81.67243773962436
0.5666138888888889 82.49682745362956
0.5832305555555556 82.74882477384685
0.5999722222222222 83.61466633616625
0.6165722222222222 83.99653239672396
0.6332194444444444 84.59329124299215
0.6499444444444444 85.37877322765938
0.6666 85.74175278145373
0.6832722222222222 86.6628890074588
0.6999666666666666 86.84267419066782
0.7165666666666667 87.36628530177894
0.7332638888888889 87.87761041734134
0.7499527777777778 88.37631412104503
0.7665694444444444 88.86330687466823
0.7832833333333333 89.33844280847437
0.7999861111111111 89.92927434713327
0.8166472222222222 90.60899378193751
0.8333222222222222 91.17564261052635
0.8499861111111111 91.17564261052635
0.8666305555555556 91.71126679639835
0.8833305555277777 92.4698734855042
0.8999555555555555 92.81117077621896
0.9166 92.96544933000412
0.9333222222222223 93.69792904105975
0.9499416666666667 93.69792904105975
0.9665583333333333 94.08618574604058
0.983275 94.51549436167001
0.9999027777777778 94.88270747642409
1.01665 95.53115379272022
1.0333277777777778 95.85185506776574
1.0499 95.85185506776574
1.0666416666666667 96.39042318854005
1.0832388888888889 96.61737951376955
1.0999722222222221 96.6339260133988
1.1165972222222222 97.02625336918761
1.1333277777777777 97.19581581303449
1.1498944444444446 97.19581581303449
1.1666138888888888 97.43306057238122
1.1833333333333333 97.48491556296501
1.1999944444166666 97.53519334074281
1.2166222222222223 97.56008362335427
1.2333305555555556 97.55119516223643
1.2499833333055557 97.5464729400142
1.2666555555555556 97.5438181130561
1.2832916666666667 97.5413181130561
1.2998888888888889 97.5413181130561
1.3166583333333333 97.53366073909419
1.333316666638889 97.53338214774291
1.3499944444166667 97.52421629464975
1.3666055555555556 97.52421629464975
1.3832833333333334 97.51733321490335
1.3999722222222222 97.50700480071625
1.4165722222222221 97.50700480071625
1.4332666666666667 97.49890826155415
1.4499944444166666 97.48890826155414
1.4666583333333334 97.48709132166344
1.4832472221944444 97.48709132166344
1.4998916666666666 97.4874154857831
1.5165777777777778 97.48913355561731
1.53332777775 97.49095103831212
1.5499027777777779 97.48894937859386
1.5665527777777777 97.48955728443086
1.5832722222222222 97.48582767027251
1.599988888888889 97.48288081565869
1.6166111111111112 97.48106348985831
1.6332194444444443 97.48106348985831
1.6499527777777778 97.47491087448962
1.6665583333333334 97.47421791547035
1.683313888888889 97.47449569324814
1.6999249999722221 97.47644013769258
1.716663888888889 97.48243910345468
1.73332777775 97.48366759436821
1.7499249999722222 97.4856176098299
1.766625 97.4894192679509
1.7832805555555555 97.4922984779723
1.7999555555555555 97.4961873668612
1.8166444444444445 97.49543019691264
1.8332527777777778 97.49563181130563
1.849936111111111 97.49355530857338
1.8666527777777777 97.48704944719422
1.8832194444444443 97.4857116174246
1.8999666666666666 97.48594585320451
1.9166666666666667 97.48693201815321
1.933313888888889 97.4887125281714
1.9499805555555556 97.4887125281714
1.96665 97.49162980913036
1.9832833333333333 97.49417093260371
1.999961111111111 97.49629197061961
2.0166444444444442 97.4970364453089
2.033236111111111 97.4970364453089
2.049952777777778 97.4944201386763
2.0666416666666665 97.48784646969838
2.0833166666666667 97.4843436448396
2.099975 97.48405385831217
2.1165944444444444 97.4832325337285
2.1332305555555555 97.48338882583518
2.1499972222222223 97.48898582939707
2.1666333333333334 97.49176360717485
2.183333333333333 97.49454138495263
2.19995 97.49586129543204
2.2166527777777776 97.49654343875122
2.2332833333333335 97.49872923110095
2.249938888888889 97.50162215493006
2.2665888888888888 97.49992962526022
2.2833305555555556 97.49662699515298
2.2999277777777776 97.49662699515298
2.316636111111111 97.49690477293078
2.3333166666666667 97.50037927202001
2.349988888861111 97.50066818623506
2.3666583333333335 97.50392874354617
2.3832999999722224 97.5085854867093
2.399922222222222 97.5098108612441
2.4166444444444446 97.51142333101029
2.4332999999722222 97.51415557144746
2.449986111111111 97.51689149763824
2.466597222222222 97.51689149763824
2.483299999972222 97.51433817931219
2.4999805555555557 97.51104889462387
2.516602777777778 97.51114252415792
2.5332777777777777 97.51225363526905
2.5499888888611113 97.51460768423327
2.5665722222222223 97.51460768423327
2.5832277777777777 97.51756907783026
2.5999416666666666 97.52006907783026
2.6166 97.5233637560967
2.6332999999722224 97.52681104135957
2.6499527777777776 97.5269197462258
2.6665944444444443 97.5283086351147
2.683263888888889 97.52816739217684
2.699972222222222 97.52494705319381
2.7166527777777776 97.52288876539781
2.733258333333333 97.52288876539781
2.749988888861111 97.5246687351425
2.766583333333333 97.5246687351425
2.7833277777777776 97.52770107665005
2.799975 97.5301072057053
2.816655555527778 97.53205165014974
2.83325277775 97.53205165014974
2.85 97.53790906424625
2.8666638888888887 97.54041902071565
2.88325 97.54041902071565
2.8999 97.54097457627118
2.916613888888889 97.53976529606737
2.9332805555555557 97.53865209471766
2.9498972221944446 97.5381380630422
2.9666305555555557 97.5405391929857
2.9833222221944444 97.54135423420084
2.999991666666667 97.543449337779
3.0166583333333334 97.54539378222344
3.03325277775 97.54539378222344
3.04995 97.54817156000122
3.0666583333333333 97.55479095731233
3.083325 97.55760728288719
3.0999777777777777 97.55939234663947
3.1166444444444443 97.55939353838083
3.1333055555555553 97.55795166867337
3.1499694444444444 97.55531050291746
3.1666305555555554 97.55398808206296
3.1833305555555556 97.55308828069523
3.1999555555555554 97.55308828069523
3.2166472222222224 97.55336605847303
3.2333305555555554 97.55503272513971
3.249988888861111 97.55480241172033
3.266611111111111 97.55835503584645
3.283325 97.55753465215751
3.2998916666666664 97.5594498471798
3.3166305555555557 97.5584752709086
3.3333305555555555 97.555269442129
3.3499944444444445 97.55503524810324
3.3666222222222224 97.55324809411239
3.3833194444444445 97.5516355623476
3.3999555555555556 97.55109831199191
3.4165888888888887 97.55135778456982
3.4332833333333332 97.55209858984688
3.4499833333333334 97.55266356159828
3.4666305555555557 97.55261916890498
3.483311111111111 97.55406328716086
3.4999805555555557 97.5557976752802
3.516591666666667 97.55607545305799
3.5333305555555556 97.55287865456458
3.5499916666666667 97.55095004418996
3.5666611111111113 97.55075059430094
3.583311111111111 97.55085922470879
3.5999444444444446 97.55016048781007
3.616661111111111 97.5501261924609
3.633286111111111 97.5501261924609
3.649947222222222 97.55176430307753
3.6666444444444446 97.55387939551112
3.6832444444444445 97.55387939551112
3.6999916666666666 97.55665717328888
3.716658333333333 97.55832383995556
3.733311111111111 97.55832383995556
3.749911111111111 97.55682126334426
3.7666583333333334 97.55608664443828
3.78325 97.55608664443828
3.799913888888889 97.55635188996317
3.816647222222222 97.55820544286995
3.8333305555555555 97.55889059954423
3.8499944444444445 97.55943704763165
3.866588888888889 97.5595893364429
3.883313888888889 97.55962620789727
3.8999888888888887 97.5610015127659
3.9166416666666666 97.5612792905437
3.9333138888888888 97.5605683677565
3.949988888888889 97.55912352196599
3.966666666666667 97.55841313945231
3.983252777777778 97.55909489126458
3.9999944444444444 97.55869091723011
4.0166055555555555 97.55855573503628
4.033283333333333 97.55869091723011
4.05 97.55937359142972
4.0666166666666665 97.55937359142972
4.0832444444444445 97.55921992599646
4.099930555555556 97.55855702175924
4.116661111111111 97.55801953183718
4.133294444444444 97.55829138037403
4.149947222222222 97.55541232613189
4.166602777777777 97.5561992528789
4.1833277777777775 97.5560535333889
4.199922222222222 97.5560535333889
4.216555555555556 97.55649138649625
4.233319444444445 97.55593583094073
4.249897222222223 97.55593583094073
4.266619444444444 97.55567649964499
4.283311111111111 97.55511646753732
4.299997222222222 97.55619428183915
4.316608333333333 97.55475496381058
4.3332194444444445 97.55566754654075
4.3499944444444445 97.55470670865368
4.366586111111111 97.55374587076662
4.383322222222223 97.55250748664758
4.399988888888889 97.5520498256195
4.416636111111111 97.55180621160206
4.433227777777778 97.55125065604649
4.449988888888889 97.55054037475504
4.466652777777778 97.55012382006545
4.483244444444445 97.5501258837332
4.499922222222223 97.54877569209425
4.516658333333333 97.5495841437437
4.533327777777778 97.54971620203148
4.549888888888889 97.54971620203148
4.56665 97.54651492698595
4.583238888888889 97.54651492698595
4.599891666666666 97.54666975394404
4.616583333333334 97.54731194305649
4.633305555555555 97.54608538467218
4.649905555555556 97.5460235096169
4.666644444416667 97.54326850050944
4.683322222222222 97.54255918082896
4.699947222222222 97.54174197791922
4.716563888888889 97.53923366058477
4.733288888888889 97.53923366058477
4.749916666666667 97.53719826442689
4.766625 97.53364564544766
4.783308333333333 97.53418185379364
4.799997222222222 97.53054258899078
4.816583333333333 97.53058833889804
4.833275 97.52848430119481
4.85 97.5273731900837
4.866605555555555 97.52670719895517
4.883313888888889 97.52597048056764
4.899988888888889 97.5251508084365
4.916661111111111 97.52446798493412
4.933330555555556 97.52419020715635
4.9499361111111115 97.52352042233959
4.966644444416667 97.5229829324175
4.983258333333334 97.52109460725912
4.999911111111111 97.52257918866354
5.01665 97.52361630507566
5.033316666666667 97.52334308103195
5.049966666666666 97.52206546571581
5.066611111111111 97.5222501848571
5.083322222222222 97.5213641906703
5.099941666666667 97.52116132384548
5.116563888888889 97.5210864128925
5.133311111083334 97.5213237198657
5.149966666666667 97.52124610231239
5.166627777777777 97.52062458150945
5.183244444444444 97.51985721342348
5.199952777777778 97.51961420545256
5.216558333333333 97.52012063536169
5.233311111083333 97.52017917720397
5.249983333333334 97.52031323829753
5.266663888888889 97.52094455249919
5.2832888888888885 97.52094455249919
5.299994444444445 97.52087442322323
5.316577777777778 97.52122233027696
5.333252777777778 97.52081249421138
5.349916666666667 97.52066654317561
5.366661111111111 97.52058591291055
5.383263888888889 97.51996503658425
5.3998888888888885 97.52066631162981
5.416658333333333 97.52211019454407
5.433277777777778 97.5219231422309
5.449888888888889 97.52192314223092
5.466580555555556 97.52240171450181
5.483294444444445 97.52260067532887
5.499919444444444 97.52260067532887
5.51665 97.5223652403446
5.533313888888889 97.52195540427901
5.5498916666666664 97.52154556821344
5.5665749999722225 97.52111713130193
5.583313888888889 97.52049772477787
5.599983333333333 97.51928568120778
5.616613888888889 97.51876509953334
5.633333333333334 97.51941279985185
5.6499083333055555 97.51941279985185
5.6665527777777775 97.51996835540741
5.683316666666666 97.5203872989411
5.69997777775 97.52081102775465
5.716647222222222 97.52122541755428
5.733325 97.52235073014113
5.749994444444445 97.52334413880402
5.766597222222222 97.52334413880402
5.783330555555556 97.52056636102621
5.799991666666667 97.52104887969793
5.8166472222222225 97.52154086011548
5.833322222222222 97.52134098768806
5.85 97.52139969435957
5.866663888888889 97.52139506344356
5.883330555555555 97.52167284122135
5.899991666666667 97.52195061899913
5.916613888888889 97.52195061899913
5.9332972222222224 97.52180937606126
5.949947222222222 97.52246151237868
5.966558333333333 97.52180937606127
5.983322222222222 97.5189845173042
5.99995 97.51772628303846
6.016652777777778 97.51954478095767
6.033325 97.51912128368991
6.0499833333333335 97.51888040149257
6.066663888888889 97.51912128368993
6.083308333333333 97.51921093746444
6.099944444444445 97.51912128368993
6.116619444444445 97.51954030440557
6.133277777777778 97.51954030440557
6.149972222222222 97.51954030440555
6.16665 97.52022791824889
6.183313888888889 97.52022791824889
6.199975 97.52022791824892
6.216630555555556 97.52328249954071
6.233302777777777 97.5246486197593
6.249938888888889 97.52450387453307
6.266663888888889 97.52717807415642
6.283272222222222 97.52717807415642
6.299911111111111 97.52801140748976
6.3166166666666665 97.52843490475752
6.333325 97.53052530023774
6.349983333333333 97.53069674788233
6.3666583333333335 97.53164183432861
6.383286111111111 97.53244697601187
6.399975 97.53105808712299
6.416636111111111 97.5304545518765
6.43325 97.53372111561046
6.449980555555555 97.53452409619959
6.466644444416667 97.53454427862106
6.483305555555556 97.53614391975916
6.499983333333334 97.53694301461644
6.516583333333333 97.53688285326173
6.5333194444444445 97.5369682228063
6.549991666666667 97.53829057454233
6.566625 97.53829057454233
6.583308333333333 97.53671329467657
6.599983333333333 97.53469312463338
6.616616666666666 97.53469312463338
6.633308333333333 97.53646452718345
6.649911111111111 97.53646452718345
6.666633333333333 97.53969188466132
6.6833277777777775 97.54146452718346
6.699988888888889 97.54285341607235
6.716616666666667 97.54297057318591
6.73325 97.54355013738382
6.7499416666666665 97.54457547058739
6.766586111111111 97.54355476829983
6.783311111083333 97.54299921274428
6.799997222222222 97.54105476829983
6.816661111111111 97.5402214349665
6.833313888888889 97.5402214349665
6.849966666666667 97.54338720379218
6.8666583333333335 97.54653151983625
6.883313888888889 97.54967043314501
6.899997222222222 97.55089538760767
6.916655555555556 97.55190165818189
6.933233333333333 97.55186996387887
6.949969444444444 97.55116296724805
6.966655555555556 97.55300438393382
6.983305555555556 97.55300438393382
6.999988888888889 97.54798061189838
7.016647222222222 97.5476638991057
7.033252777777777 97.54701074372514
7.049911111111111 97.54717562030324
7.066652777777778 97.54811129281784
7.083263888888889 97.54849354328687
7.099961111111111 97.54889193294274
7.116663888888889 97.55080551318964
7.133269444444444 97.55105522175782
7.149997222222222 97.55286768058201
7.166580555555556 97.55286768058201
7.183313888888889 97.55245784451641
7.199947222222222 97.55049639326926
7.216552777777777 97.54626028215813
7.233302777777777 97.54207685982618
7.249986111111111 97.53925693476127
7.266641666666667 97.53814582365018
7.283266666638889 97.53814582365018
7.29995 97.53839130168633
7.316572222222222 97.5391452699403
7.333333333333333 97.54032413172894
7.349916666666667 97.54032413172894
7.3666583333333335 97.54070944768802
7.38325 97.54046498406994
7.399991666666667 97.53963178170224
7.416666666666667 97.5359561532052
7.433333333333334 97.53083710558616
7.449927777777778 97.53083710558616
7.466561111111111 97.52908184809318
7.483330555555556 97.52734573698207
7.4999472222222225 97.52734573698207
7.516663888888889 97.52850825689455
7.533283333333333 97.5287124222433
7.54995 97.52921614894933
7.566638888888889 97.52921614894933
7.5832444444444445 97.5306307230377
7.5999944444444445 97.53345513556876
7.616622222222222 97.53345513556876
7.63325 97.5325140374977
7.649941666666667 97.53077486860973
7.666647222222222 97.52667253002079
7.683322222222222 97.52517605104163
7.699969444444444 97.5239644409939
7.716633333333333 97.52341049292993
7.733325 97.52373518677035
7.749963888888889 97.52373518677035
7.7666 97.52463300573561
7.783333333333333 97.52810430832797
7.799961111111111 97.53036076011355
7.816661111111111 97.5311012664578
7.833255555555556 97.5311012664578
7.849983333333333 97.5258585963616
7.866666666666666 97.5212759278448
7.883272222222222 97.51734644841717
7.899922222222222 97.51734644841717
7.916605555555556 97.5153237404725
7.933227777777778 97.51433299020026
7.949994444444444 97.51419155526291
7.966577777777778 97.51515587469821
7.983272222222222 97.51515587469821
7.999994444444445 97.52172182190033
