# SectorTime MemoryUsage
0 135.42129032258063
0.016591666666666668 135.42129032258063
0.03333055555555556 135.47636363636363
0.04998333333333333 135.51999999999998
0.06659444444444444 135.51999999999998
0.08327222219444444 135.6
0.09999166666666667 135.63675675675674
0.11664166666666667 135.6828947368421
0.13324444444444444 135.72846153846154
0.15 135.77024999999998
0.16663611111111112 135.80756097560976
0.183225 135.80756097560976
0.19999166666666668 135.90232558139533
0.21665 135.93954545454542
0.2333222222222222 135.97799999999998
0.24997222222222223 136.0195652173913
0.2666027777777778 136.06553191489363
0.28330833333333333 136.111875
0.29999722222222225 136.15489795918367
0.3165527777777778 136.15489795918367
0.33331666666666665 136.2012
0.34999166666666665 136.29557692307694
0.36665555555555557 136.34698113207548
0.38332222222222223 136.34698113207548
0.3999111111111111 136.397962962963
0.41665555555555556 136.4926785714286
0.4332388888888889 136.4926785714286
0.45 136.5896551724138
0.4666222222222222 136.64084745762713
0.4832888888888889 136.69883333333337
0.49993333333333334 136.75491803278695
0.5166083333333333 136.79237288135596
0.5332722222222223 136.85050000000004
0.5499777777777778 136.9693442622951
0.5666138888888889 136.9876271186441
0.5832305555555556 137.042
0.5999722222222222 137.15688524590166
0.6165722222222222 137.17233333333337
0.6332194444444444 137.24800000000002
0.6499444444444444 137.3793442622951
0.6666 137.4251666666667
0.6832722222222222 137.55932203389833
0.6999666666666666 137.60066666666668
0.7165666666666667 137.6908333333334
0.7332638888888889 137.77933333333337
0.7499527777777778 137.86783333333335
0.7665694444444444 137.94500000000002
0.7832833333333333 138.02183333333335
0.7999861111111111 138.13081967213117
0.8166472222222222 138.24237288135592
0.8333222222222222 138.35866666666664
0.8499861111111111 138.35866666666664
0.8666305555555556 138.4711475409836
0.8833305555277777 138.61766666666662
0.8999555555555555 138.66915254237284
0.9166 138.71409836065573
0.9333222222222223 138.8406666666666
0.9499416666666667 138.8406666666666
0.9665583333333333 138.91499999999996
0.983275 138.9967213114754
0.9999027777777778 139.06213114754098
1.01665 139.17116666666664
1.0333277777777778 139.23316666666668
1.0499 139.23316666666668
1.0666416666666667 139.33583333333334
1.0832388888888889 139.37610169491523
1.0999722222222221 139.38716666666667
1.1165972222222222 139.47322033898305
1.1333277777777777 139.5256666666667
1.1498944444444446 139.5256666666667
1.1666138888888888 139.61533333333333
1.1833333333333333 139.65083333333334
1.1999944444166666 139.6885
1.2166222222222223 139.72491525423726
1.2333305555555556 139.76966666666667
1.2499833333055557 139.8055
1.2666555555555556 139.8365
1.2832916666666667 139.86566666666667
1.2998888888888889 139.86566666666667
1.3166583333333333 139.92216666666667
1.333316666638889 139.92409836065576
1.3499944444166667 139.96833333333333
1.3666055555555556 139.96833333333333
1.3832833333333334 139.99442622950824
1.3999722222222222 140.03333333333333
1.4165722222222221 140.03333333333333
1.4332666666666667 140.059
1.4499944444166666 140.10016666666667
1.4666583333333334 140.11566666666667
1.4832472221944444 140.11566666666667
1.4998916666666666 140.12266666666667
1.5165777777777778 140.12966666666668
1.53332777775 140.14065573770492
1.5499027777777779 140.13644067796608
1.5665527777777777 140.14316666666667
1.5832722222222222 140.14627118644066
1.599988888888889 140.158
1.6166111111111112 140.165
1.6332194444444443 140.165
1.6499527777777778 140.17559322033895
1.6665583333333334 140.18166666666667
1.683313888888889 140.19
1.6999249999722221 140.19833333333332
1.716663888888889 140.215
1.73332777775 140.22032786885248
1.7499249999722222 140.22333333333333
1.766625 140.25885245901637
1.7832805555555555 140.26249999999996
1.7999555555555555 140.32416666666666
1.8166444444444445 140.34983606557375
1.8332527777777778 140.355
1.849936111111111 140.38583333333332
1.8666527777777777 140.42305084745763
1.8832194444444443 140.44750000000002
1.8999666666666666 140.50147540983608
1.9166666666666667 140.54000000000002
1.933313888888889 140.57083333333335
1.9499805555555556 140.57083333333335
1.96665 140.62278688524592
1.9832833333333333 140.64254237288142
1.999961111111111 140.6738983050848
2.0166444444444442 140.6730000000001
2.033236111111111 140.6730000000001
2.049952777777778 140.51067796610178
2.0666416666666665 140.16250000000008
2.0833166666666667 139.99233333333342
2.099975 139.8257377049181
2.1165944444444444 139.82216666666676
2.1332305555555555 139.64542372881365
2.1499972222222223 139.31166666666675
2.1666333333333334 139.1415000000001
2.183333333333333 138.9713333333334
2.19995 138.95322033898313
2.2166527777777776 138.66327868852468
2.2332833333333335 138.50049180327875
2.249938888888889 138.4483050847458
2.2665888888888888 138.17491803278693
2.2833305555555556 137.97833333333338
2.2999277777777776 137.97833333333338
2.316636111111111 137.81283333333334
2.3333166666666667 137.5113333333333
2.349988888861111 137.46847457627118
2.3666583333333335 137.3301694915254
2.3832999999722224 137.09499999999997
2.399922222222222 137.00950819672127
2.4166444444444446 136.8675409836065
2.4332999999722222 136.72557377049174
2.449986111111111 136.51766666666663
2.466597222222222 136.51766666666663
2.483299999972222 136.30271186440672
2.4999805555555557 136.15593220338977
2.516602777777778 136.0846666666666
2.5332777777777777 135.79599999999994
2.5499888888611113 135.6566666666666
2.5665722222222223 135.6566666666666
2.5832277777777777 135.53599999999994
2.5999416666666666 135.41999999999996
2.6166 135.2152542372881
2.6332999999722224 135.0952542372881
2.6499527777777776 135.06799999999996
2.6665944444444443 134.9521666666666
2.683263888888889 134.8381666666666
2.699972222222222 134.63249999999996
2.7166527777777776 134.53099999999998
2.733258333333333 134.53099999999998
2.749988888861111 134.34883333333332
2.766583333333333 134.34883333333332
2.7833277777777776 134.25704918032787
2.799975 134.02983333333336
2.816655555527778 133.93900000000002
2.83325277775 133.93900000000002
2.85 133.7596666666667
2.8666638888888887 133.6711666666667
2.88325 133.6711666666667
2.8999 133.5866666666667
2.916613888888889 133.55590163934428
2.9332805555555557 133.41700000000003
2.9498972221944446 133.33800000000002
2.9666305555555557 133.18533333333338
2.9833222221944444 133.11433333333335
2.999991666666667 133.05500000000004
3.0166583333333334 133.04583333333338
3.03325277775 133.04583333333338
3.04995 133.1845
3.0666583333333333 133.38508474576275
3.083325 133.62200000000004
3.0999777777777777 133.7721666666667
3.1166444444444443 133.83898305084747
3.1333055555555553 134.06800000000004
3.1499694444444444 134.2211666666667
3.1666305555555554 134.29559322033901
3.1833305555555556 134.53200000000004
3.1999555555555554 134.53200000000004
3.2166472222222224 134.6856666666667
3.2333305555555554 135.00083333333336
3.249988888861111 135.07852459016397
3.266611111111111 135.24694915254238
3.283325 135.41065573770493
3.2998916666666664 135.499
3.3166305555555557 135.67116666666666
3.3333305555555555 135.99966666666668
3.3499944444444445 136.07868852459018
3.3666222222222224 136.22557377049182
3.3833194444444445 136.45000000000002
3.3999555555555556 136.52745762711865
3.4165888888888887 136.60466666666667
3.4332833333333332 136.84389830508476
3.4499833333333334 137.01237288135593
3.4666305555555557 137.0896666666667
3.483311111111111 137.33163934426233
3.4999805555555557 137.4225
3.516591666666667 137.59099999999998
3.5333305555555556 137.936
3.5499916666666667 138.03355932203388
3.5666611111111113 138.25199999999998
3.583311111111111 138.3201639344262
3.5999444444444446 138.46639344262294
3.616661111111111 138.6985
3.633286111111111 138.6985
3.649947222222222 138.90885245901637
3.6666444444444446 139.13933333333327
3.6832444444444445 139.13933333333327
3.6999916666666666 139.40033333333332
3.716658333333333 139.52949999999998
3.733311111111111 139.52949999999998
3.749911111111111 139.69377049180326
3.7666583333333334 139.88349999999997
3.78325 139.88349999999997
3.799913888888889 140.0659322033898
3.816647222222222 140.19749999999996
3.8333305555555555 140.23032786885244
3.8499944444444445 140.32475409836061
3.866588888888889 140.41688524590163
3.883313888888889 140.48083333333327
3.8999888888888887 140.66199999999995
3.9166416666666666 140.75049999999996
3.9333138888888888 140.8346666666666
3.949988888888889 140.91883333333328
3.966666666666667 140.99766666666662
3.983252777777778 141.01737704918028
3.9999944444444444 141.1383333333333
4.0166055555555555 141.18779661016944
4.033283333333333 141.2046666666666
4.05 141.33699999999996
4.0666166666666665 141.33699999999996
4.0832444444444445 141.41721311475405
4.099930555555556 141.47262295081964
4.116661111111111 141.53131147540978
4.133294444444444 141.6271186440677
4.149947222222222 141.65311475409828
4.166602777777777 141.69699999999995
4.1833277777777775 141.80583333333328
4.199922222222222 141.80583333333328
4.216555555555556 141.85733333333326
4.233319444444445 141.95249999999993
4.249897222222223 141.95249999999993
4.266619444444444 141.9971666666666
4.283311111111111 142.0698333333333
4.299997222222222 142.0974576271186
4.316608333333333 142.1080327868852
4.3332194444444445 142.12899999999993
4.3499944444444445 142.1551666666666
4.366586111111111 142.18183333333326
4.383322222222223 142.23183333333327
4.399988888888889 142.23491803278682
4.416636111111111 142.25283333333329
4.433227777777778 142.27199999999996
4.449988888888889 142.2842622950819
4.466652777777778 142.2968852459016
4.483244444444445 142.30766666666662
4.499922222222223 142.31508196721308
4.516658333333333 142.32316666666665
4.533327777777778 142.32683333333333
4.549888888888889 142.32683333333333
4.56665 142.33350000000002
4.583238888888889 142.33350000000002
4.599891666666666 142.3336666666667
4.616583333333334 142.33377049180328
4.633305555555555 142.32813559322034
4.649905555555556 142.32966666666667
4.666644444416667 142.332
4.683322222222222 142.33344262295083
4.699947222222222 142.33796610169492
4.716563888888889 142.34300000000002
4.733288888888889 142.34300000000002
4.749916666666667 142.3491525423729
4.766625 142.35372881355934
4.783308333333333 142.35754098360655
4.799997222222222 142.3646666666667
4.816583333333333 142.36639344262295
4.833275 142.3741666666667
4.85 142.38050000000007
4.866605555555555 142.38355932203396
4.883313888888889 142.40409836065578
4.899988888888889 142.4173770491804
4.916661111111111 142.4345000000001
4.933330555555556 142.44800000000006
4.9499361111111115 142.45721311475418
4.966644444416667 142.47049180327875
4.983258333333334 142.47966101694922
4.999911111111111 142.48850000000007
5.01665 142.51278688524596
5.033316666666667 142.528524590164
5.049966666666666 142.5500000000001
5.066611111111111 142.5600000000001
5.083322222222222 142.5783333333334
5.099941666666667 142.58101694915263
5.116563888888889 142.59066666666675
5.133311111083334 142.6061016949153
5.149966666666667 142.63500000000005
5.166627777777777 142.64721311475412
5.183244444444444 142.651
5.199952777777778 142.671186440678
5.216558333333333 142.68300000000002
5.233311111083333 142.70372881355937
5.249983333333334 142.72000000000006
5.266663888888889 142.7491666666667
5.2832888888888885 142.7491666666667
5.299994444444445 142.7796721311476
5.316577777777778 142.7856666666667
5.333252777777778 142.80483333333333
5.349916666666667 142.824
5.366661111111111 142.8513559322034
5.383263888888889 142.88150000000002
5.3998888888888885 142.9188333333333
5.416658333333333 142.98409836065574
5.433277777777778 142.9935
5.449888888888889 143.03083333333333
5.466580555555556 143.09426229508196
5.483294444444445 143.1171186440678
5.499919444444444 143.1550847457627
5.51665 143.18016666666665
5.533313888888889 143.2175
5.5498916666666664 143.25483333333332
5.5665749999722225 143.31233333333333
5.583313888888889 143.45770491803282
5.599983333333333 143.55166666666668
5.616613888888889 143.5708474576271
5.633333333333334 143.70199999999997
5.6499083333055555 143.70199999999997
5.6665527777777775 143.77716666666666
5.683316666666666 143.951
5.69997777775 144.04666666666665
5.716647222222222 144.13966666666667
5.733325 144.2348333333333
5.749994444444445 144.32916666666662
5.766597222222222 144.32916666666662
5.783330555555556 144.52983333333333
5.799991666666667 144.5967213114754
5.8166472222222225 144.741
5.833322222222222 144.77898305084747
5.85 144.9745
5.866663888888889 145.08633333333336
5.883330555555555 145.19816666666668
5.899991666666667 145.3106666666667
5.916613888888889 145.3106666666667
5.9332972222222224 145.54000000000005
5.949947222222222 145.58288135593224
5.966558333333333 145.65783333333337
5.983322222222222 145.91716666666673
5.99995 145.96644067796618
6.016652777777778 146.20266666666674
6.033325 146.33883333333338
6.0499833333333335 146.3927118644068
6.066663888888889 146.60750000000004
6.083308333333333 146.68229508196725
6.099944444444445 146.741
6.116619444444445 147.01516666666663
6.133277777777778 147.01516666666663
6.149972222222222 147.28749999999997
6.16665 147.42916666666665
6.183313888888889 147.42916666666665
6.199975 147.58333333333331
6.216630555555556 147.81131147540984
6.233302777777777 147.96262295081965
6.249938888888889 148.03900000000002
6.266663888888889 148.3445
6.283272222222222 148.3445
6.299911111111111 148.494
6.3166166666666665 148.6423333333333
6.333325 148.95833333333334
6.349983333333333 149.03065573770493
6.3666583333333335 149.1906557377049
6.383286111111111 149.26616666666666
6.399975 149.41983333333332
6.416636111111111 149.65847457627112
6.43325 149.79836065573767
6.449980555555555 150.03866666666664
6.466644444416667 150.12983050847456
6.483305555555556 150.2562295081967
6.499983333333334 150.44593220338984
6.516583333333333 150.51233333333337
6.5333194444444445 150.7477049180328
6.549991666666667 150.99733333333333
6.566625 150.99733333333333
6.583308333333333 151.1852459016393
6.599983333333333 151.36799999999994
6.616616666666666 151.36799999999994
6.633308333333333 151.6189999999999
6.649911111111111 151.6189999999999
6.666633333333333 151.78901639344252
6.6833277777777775 151.97199999999987
6.699988888888889 152.07699999999986
6.716616666666667 152.11606557377033
6.73325 152.18466666666654
6.7499416666666665 152.36067796610158
6.766586111111111 152.39566666666653
6.783311111083333 152.59466666666654
6.799997222222222 152.69216666666657
6.816661111111111 152.78316666666657
6.833313888888889 152.78316666666657
6.849966666666667 152.89409836065562
6.8666583333333335 152.9718032786884
6.883313888888889 153.1049999999999
6.899997222222222 153.18333333333325
6.916655555555556 153.24237288135586
6.933233333333333 153.26266666666658
6.949969444444444 153.35409836065563
6.966655555555556 153.46983333333324
6.983305555555556 153.46983333333324
6.999988888888889 153.58133333333325
7.016647222222222 153.61050847457622
7.033252777777777 153.6246666666666
7.049911111111111 153.67683333333326
7.066652777777778 153.78483333333324
7.083263888888889 153.79590163934415
7.099961111111111 153.8396666666666
7.116663888888889 153.9421666666666
7.133269444444444 153.95065573770484
7.149997222222222 154.0391666666666
7.166580555555556 154.0391666666666
7.183313888888889 154.08216666666658
7.199947222222222 154.11266666666657
7.216552777777777 154.14616666666657
7.233302777777777 154.2067796610169
7.249986111111111 154.24249999999992
7.266641666666667 154.2726666666666
7.283266666638889 154.2726666666666
7.29995 154.3056666666666
7.316572222222222 154.3396666666666
7.333333333333333 154.3866666666666
7.349916666666667 154.3866666666666
7.3666583333333335 154.40483333333324
7.38325 154.44399999999993
7.399991666666667 154.49573770491796
7.416666666666667 154.5348333333333
7.433333333333334 154.56483333333333
7.449927777777778 154.56483333333333
7.466561111111111 154.5948333333333
7.483330555555556 154.65333333333334
7.4999472222222225 154.65333333333334
7.516663888888889 154.6735593220339
7.533283333333333 154.67206896551724
7.54995 154.67052631578946
7.566638888888889 154.67052631578946
7.5832444444444445 154.66785714285714
7.5999944444444445 154.67333333333332
7.616622222222222 154.67333333333332
7.63325 154.67735849056604
7.649941666666667 154.68153846153842
7.666647222222222 154.69039999999998
7.683322222222222 154.6951020408163
7.699969444444444 154.69999999999996
7.716633333333333 154.7051063829787
7.733325 154.71043478260867
7.749963888888889 154.71043478260867
7.7666 154.71599999999995
7.783333333333333 154.72790697674415
7.799961111111111 154.73428571428568
7.816661111111111 154.74097560975605
7.833255555555556 154.74097560975605
7.849983333333333 154.75538461538457
7.866666666666666 154.7631578947368
7.883272222222222 154.7713513513513
7.899922222222222 154.7713513513513
7.916605555555556 154.77999999999994
7.933227777777778 154.78914285714282
7.949994444444444 154.80909090909088
7.966577777777778 154.81999999999996
7.983272222222222 154.81999999999996
7.999994444444445 154.84399999999997
