# SectorTime BundleThroughputTimeAvg
0.2480888888888889 768.8991566265059
0.2509222222222222 768.2109580838323
0.2537055555555556 769.8873214285713
0.2564916666666667 771.6043195266271
0.2592833333333333 773.3602352941176
0.2620638888888889 775.15432748538
0.26621944444444445 776.9859302325581
0.2690361111111111 776.9859302325581
0.2718277777777778 775.4003468208091
0.2746166666666667 773.8914367816091
0.2774027777777778 772.4571428571429
0.2801888888888889 771.09625
0.28420555555555554 769.8074576271188
0.2870666666666667 768.1093854748602
0.28985555555555553 767.3580555555554
0.2926472222222222 766.6705524861878
0.2954361111111111 766.0456043956043
0.29822777775 766.0456043956043
0.30251944444444445 761.9723913043478
0.3053222222222222 760.0503243243243
0.3081138888888889 758.2028494623656
0.31090277777777775 756.4288770053477
0.31369444444444444 754.727180851064
0.31648055555555554 754.727180851064
0.32072222222222224 750.901105263158
0.32350833333333334 749.0976439790577
0.32629166666666665 747.3653125000001
0.32906944444444447 745.7028497409327
0.33185555555555557 744.1092783505155
0.3346388888888889 744.1092783505155
0.33881944444444445 740.5118367346939
0.34160833333333335 738.8170050761422
0.3444 737.1898484848487
0.3471888888888889 735.6294974874373
0.3499805555555556 734.1350000000001
0.35276944444444447 734.1350000000001
0.35711944444444443 730.7347029702972
0.3599 729.1338916256159
0.3626861111111111 727.5980392156864
0.365475 726.1261463414635
0.3682666666666667 724.7173300970875
0.37105 724.7173300970875
0.37525555555555556 721.5078846153847
0.37805555555555553 719.9982775119618
0.3808472222222222 718.5509047619048
0.3836361111111111 717.164691943128
0.386425 715.8389150943397
0.3892055555555556 715.8389150943397
0.3932777777777778 712.7564485981309
0.3960666666666667 711.3070697674419
0.3988583333333333 709.917638888889
0.4016472222222222 708.5872811059909
0.4044388888888889 707.3152293577983
0.40721944444444447 707.3152293577983
0.41150555555555557 704.394181818182
0.41430833333333333 703.0219909502265
0.41709722222222223 701.7073873873876
0.41988333333333333 700.4495964125563
0.4226638888888889 699.2479017857144
0.4254527777777778 699.2479017857144
0.42983333333333335 696.4756637168143
0.4326333333333333 695.1745814977975
0.435425 693.9289912280703
0.4382138888888889 692.7379912663757
0.44100555552777776 691.6010000000002
0.44379444444444444 691.6010000000002
0.4479388888888889 688.9687068965519
0.4508138888888889 687.7347210300431
0.4536027777777778 686.5541880341882
0.4563888888888889 685.4262553191492
0.45918055555555554 684.3502966101697
0.46196944444444443 684.3502966101697
0.46600833333333336 681.852605042017
0.4688 680.6826359832638
0.4715888888888889 679.5642916666669
0.4743805555555556 678.4968879668053
0.4771694444444444 677.4798347107441
0.4799611111111111 677.4798347107441
0.4842472222222222 675.0966803278691
0.4870611111111111 673.980979591837
0.48985 672.9151626016263
0.49264166666666664 671.8986639676116
0.49543055555555554 670.9308467741938
0.4982083333333333 670.9308467741938
0.5022694444444444 668.6622000000002
0.50505 667.601314741036
0.5078388888888888 666.5886904761908
0.5106166666666667 665.6237944664034
0.5134 664.7060236220475
0.5161916666666667 664.7060236220475
0.5204583333333334 662.5480859375002
0.52335 661.5406225680936
0.5261277777777777 660.5798837209305
0.5289083333333333 659.665366795367
0.5316972222222223 658.7965000000004
0.5344861111111111 658.7965000000004
0.5384611111111111 656.7316412213744
0.5413027777777778 655.7686692015212
0.5440916666666666 654.8510606060609
0.5468833333333334 653.9782641509437
0.5496611111111112 653.1498120300754
0.5524416666666667 653.1498120300754
0.5565888888888889 657.4640449438205
0.5594666666666667 661.7842164179106
0.5622527777777778 666.1095910780671
0.5650444444444445 670.4401481481483
0.5678333333333333 674.7757933579337
0.5706222221944445 673.7012132352942
0.5747833333055555 671.6855474452555
0.577625 670.7433818181818
0.5804138888611111 669.8444202898551
0.5832055555555555 668.9882310469313
0.5859916666666667 668.9882310469313
0.5887805555555555 667.9568705035971
0.5927583333333334 666.0261785714285
0.5956388888888889 665.124768683274
0.5984277777777778 664.265354609929
0.6012166666666666 663.4475265017668
0.6040083333333334 663.4475265017668
0.6067916666666666 662.4554225352113
0.6111222222222222 660.5983566433566
0.6139972222222222 659.7320209059234
0.6167861111111111 658.9065972222222
0.6195749999722222 658.1216262975778
0.6223666666666666 658.1216262975778
0.6251555555555556 657.1627931034483
0.6294027777777778 655.3682534246575
0.6321916666666667 654.5316040955631
0.6349722222222223 653.7347959183674
0.6377611111111111 652.9774237288135
0.6405444444444445 652.9774237288135
0.6433333333333333 658.475472972973
0.6474333333333333 669.4618791946308
0.6502111111111111 674.9503678929765
0.6530027777777778 680.4357333333332
0.6557916666666667 680.4357333333332
0.6585777777777778 679.6221262458471
0.6613666666666667 678.8471854304635
0.6654666666666667 677.4116118421052
0.6683583333333334 676.7502622950819
0.6711361111111112 676.1260457516339
0.6739277777777778 676.1260457516339
0.6767166666666666 676.6217589576546
0.6795083333333334 677.1473376623376
0.6838277777777778 678.2854838709676
0.6866666666666666 678.8975241157556
0.6894555555555556 678.8975241157556
0.6922472222222222 678.290673076923
0.6950361111111111 677.7208306709264
0.6978277777777778 677.1865923566878
0.7020138888888889 676.2236392405061
0.7048027777777778 675.7942586750787
0.7075861111111111 675.7942586750787
0.7103666666666667 675.2099371069181
0.7131583333333333 674.6610031347961
0.7159472222222222 674.1469062499998
0.7200222222222222 673.221863354037
0.7228888888888889 672.8102786377707
0.7256777777777778 672.8102786377707
0.7284694444166666 672.2460493827159
0.7312583333333333 671.7166153846152
0.73405 671.2212269938649
0.7383249999722222 670.3312195121949
0.7411361111111111 669.9360790273554
0.743925 669.9360790273554
0.7467166666666667 669.3905757575756
0.7495055555277778 670.7273636363634
0.7536055555555555 671.6043202416915
0.7564444444444445 672.9670090634438
0.7592333333055555 674.3297583081568
0.762025 676.072939393939
0.7648138888888889 677.2286666666664
0.76905 679.5099999999998
0.771875 680.6505454545453
0.7746638888888889 681.7910606060603
0.7774555555555556 682.9316060606059
0.7802444444444444 683.8876666666665
0.7842388888888889 684.8314545454543
0.7870166666666667 684.3041993957702
0.7898055555555555 685.2747129909363
0.7925972222222222 686.2452567975829
0.7953777777777777 687.2157401812688
0.7995555555555556 689.363909090909
0.8023583333055555 688.7932024169183
0.8051444444444444 689.5659214501509
0.8079333333333333 690.3384894259817
0.8107222222222222 691.1110271903322
0.8135111111111111 691.883595166163
0.8176305555277777 693.6479999999997
0.8204888888888889 693.0645317220541
0.8232805555555556 693.6394561933532
0.8260694444444444 694.2142900302113
0.8288555555555556 694.78918429003
0.8316444444444444 695.3642296072505
0.83585 696.7434545454544
0.8386472222222222 696.1506948640482
0.8414361111111112 696.5288821752265
0.8442138888888889 696.9070392749243
0.8470055555277778 697.2852265861026
0.8497944444444444 697.6633836858003
0.8538611111111111 698.6532121212118
0.8566527777777778 698.0542296072505
0.8594416666388889 698.2328700906342
0.8622333333333333 698.4115709969785
0.8650222222222222 698.590362537764
0.8678138888888889 698.7691238670691
0.872025 699.3643030303027
0.8748166666666667 698.763776435045
0.8776055555555555 699.151359516616
0.8803944444444445 699.5388519637459
0.883175 699.9263141993954
0.8859666666666667 700.3137160120842
0.8900638888888889 701.332939393939
0.8928888888888888 700.7283081570994
0.8956777777777778 701.1177945619331
0.8984694444166667 701.507190332326
0.9012583333333334 701.8965861027186
0.90405 702.2859818731115
0.9081777777777778 703.3123636363632
0.9110111111111111 702.7034743202413
0.9138 703.0950453172202
0.9165861111111111 703.4863746223562
0.9193777777777777 703.877703927492
0.9221666666666667 704.2690634441084
0.9263027777777778 705.3021212121209
0.9291388888888888 704.6867975830812
0.9319277777777778 705.0763746223562
0.9347194444166667 705.4658610271902
0.9375 705.8553172205436
0.9402888888888888 706.2448036253774
0.9445166666666667 707.278727272727
0.9473861111111112 706.6563746223562
0.9501722222222222 707.0447432024166
0.9529611111111111 707.4321450151054
0.9557388888888889 707.8195166163139
0.9585222222222223 708.206948640483
0.9627944444444444 709.2460909090905
0.9656055555555556 708.6184592145012
0.9683972222222222 707.6161631419935
0.9711861111111111 706.6138972809664
0.9739777777777778 705.6115105740178
0.9767666666666667 704.6091238670692
0.9808638888888889 702.8494242424239
0.9836444444444444 702.2418126888214
0.986425 702.6331419939573
0.9892138888888888 703.0242296072505
0.9920055555555556 703.4153172205436
0.9947944444444444 703.8064048338365
0.9991027777777778 704.8391818181815
1.0018944444444444 704.2266163141991
1.0046722222222222 704.6188821752263
1.007463888888889 705.0112688821749
1.0102527777777779 705.4036555891236
1.0130444444444444 705.796193353474
1.0175222222222222 706.8346666666663
1.02035 706.2149546827791
1.0231416666666666 704.6210876132926
1.0259305555555556 703.0261631419935
1.0287222222222223 701.4313293051355
1.031511111111111 699.8366163141989
1.035588888888889 696.8716969696964
1.0384361111111111 696.2813595166157
1.0412277777777779 696.6758610271897
1.0440166666666666 697.0698187311172
1.0468083333333333 697.4636858006036
1.0495972222222223 697.8575830815704
1.0538583333333333 698.8744242424237
1.0566972222222222 696.8478484848479
1.0594861111111111 694.8203636363633
1.0622777777777779 692.7928787878783
1.0650666666666666 690.7653939393934
1.069075 688.7379090909086
1.0718666666666667 686.5285151515146
1.0746555555555555 685.9676435045312
1.077436111111111 683.780453172205
1.0802277777777778 681.5926888217518
1.0830166666666667 679.404954682779
1.087061111111111 675.4049999999995
1.0899444444444444 672.996848484848
1.0927333333333333 672.4766767371597
1.095525 672.0793353474315
1.0983138888888888 671.6810271903319
1.1011027777777778 671.2827190332322
1.105138888888889 670.8480909090904
1.1079694444444443 670.2339090909086
1.1107583333333333 669.7212688821746
1.11355 667.1378247734134
1.116338888888889 664.5534743202411
1.1191305555555555 661.9691238670689
1.1231444444444445 657.1217272727267
1.1259444444444444 654.3149393939389
1.1287361111111112 653.8491238670689
1.131525 651.0655891238666
1.1343138888888888 648.2820543806641
1.1371055555555556 645.4986102719029
1.1412972222222222 640.2033333333328
1.1440805555277778 637.1984848484843
1.1468722222222223 636.7844108761325
1.149661111111111 633.8048036253772
1.1524527777777778 630.8253474320238
1.1566416666666666 624.8664048338364
1.1594333333333333 622.1037575757571
1.1622222222222223 618.902242424242
1.1650055555555556 618.543444108761
1.1677972222222222 615.5762839879151
1.170586111111111 612.6079758308155
1.1747 606.6716616314196
1.1775305555555555 603.8651515151512
1.1803194444444445 600.6745757575753
1.183111111111111 600.3713293051355
1.1859 596.9964048338364
1.1899083333333333 590.2454984894256
1.192788888888889 586.8700302114801
1.1955777777777779 583.5944848484845
1.1983694444444444 579.9984848484846
1.2011583333333333 579.7607250755284
1.2039472222222223 576.1909969788517
1.2079833333333334 569.0516616314196
1.2107944444444445 565.4821148036251
1.213586111111111 561.9440909090906
1.216375 558.1498181818177
1.2191666666666667 557.9777341389724
1.2219555555555555 555.6056495468274
1.2260666666666666 550.8597583081568
1.2288944444444445 548.4867673716008
1.2316833333333332 546.0977878787874
1.2344666666666666 543.5039696969692
1.2372555555555556 543.3755891238667
1.2400472222222223 543.0654380664649
1.2440694444444444 542.4446827794559
1.24685 542.1342900302112
1.2496416666666668 541.7953939393936
1.2524305555555555 541.6410574018123
1.2552222222222222 539.9822054380661
1.2580111111111112 538.3228096676733
1.2622027777777778 535.0038972809664
1.2649916666666667 533.3443806646522
1.2677833333333333 533.3443806646522
1.2705722222222222 533.3085196374619
1.2733611111111112 533.2724773413895
1.2761527777777777 533.2364350453169
1.2801638888888889 533.193644578313
1.2830555555555556 533.1878012048189
1.2858444444444443 532.947190332326
1.288636111111111 532.5492447129907
1.291425 532.1519637462234
1.2942111111111112 531.7546525679755
1.2984027777777778 531.3578915662648
1.3012527777777778 531.8256325301202
1.3040416666666668 532.2348942598185
1.3068333333333333 532.4925377643502
1.3096222222222222 532.7503927492445
1.3124138888611112 533.0082477341388
1.3165361111111111 533.2620180722889
1.3193666666666666 533.7314457831324
1.3221555555555555 534.1463444108759
1.3249333333333333 534.4047734138971
1.327725 534.6632326283986
1.330513888888889 534.9217522658608
1.3346305555555555 535.171204819277
1.3374194444444445 535.6400903614457
1.340211111111111 536.0601812688822
1.343 536.3144410876133
1.3457916666666667 536.5687613293052
1.3485805555555554 536.823081570997
1.3525583333333333 537.0589457831326
1.3553833333333334 537.5267469879518
1.358175 537.9551359516616
1.360961111111111 538.2112084592145
1.3637527777777778 538.4672507552871
1.3665416666666668 538.7232326283988
1.3707305555555556 538.954186746988
1.3735305555555555 539.420481927711
1.3763222222222222 539.8538972809669
1.3791111111111112 540.1112990936557
1.3819027777777777 540.3686706948641
1.3846833333333333 540.6261631419941
1.388875 540.8547891566267
1.3916638888888888 541.3380722891569
1.3944555555555556 541.7919637462238
1.3972361111111111 542.0634138972812
1.400025 542.3358308157102
1.4028166666666666 542.6081873111785
1.4070888888888888 542.8461144578315
1.4099666666666666 543.3298795180725
1.4127583333333333 543.7897885196378
1.4155388888611111 544.0639274924474
1.41832777775 544.3380966767375
1.4211194444444444 544.6122658610275
1.4251583333333333 544.8478012048195
1.427988888888889 545.33343373494
1.4307805555555555 545.7994259818732
1.4335694444444445 546.0712990936557
1.4363611111111112 546.3437160120848
1.4391499999722221 546.6162235649549
1.4431972222222222 546.8423493975905
1.446088888888889 547.3256024096387
1.4488722221944443 547.7966163141996
1.4516555555555555 548.0678851963748
1.4544444444444444 548.3396978851966
1.4572361111111112 548.6116616314201
1.461386111111111 548.8314759036147
1.4642527777777778 549.3120180722894
1.4670416666666666 549.7867069486406
1.4698305555555555 550.0541993957705
1.472611111111111 550.3227794561935
1.4754027777777778 550.5913897280969
1.4795944444444444 550.8011144578315
1.4823833333333334 551.2819277108435
1.4851722222222221 551.7639274924474
1.4879638888888889 552.033564954683
1.4907527777777778 552.3036555891241
1.4935444444444443 552.5737462235651
1.49765 552.7790060240965
1.5004388888888889 553.2580120481929
1.5032305555555556 553.744078549849
1.5060194444444444 554.0129607250756
1.508811111111111 554.2821450151058
1.5116 554.5512990936555
1.5156972222222223 554.7506927710842
1.5184861111111112 555.2275
1.5212777777777777 555.7158610271902
1.5240666666666667 555.9785800604229
1.5268583333055556 556.2417522658609
1.5296472221944444 556.5048036253776
1.5337277777777778 556.6897891566265
1.5365444444444445 557.1648192771084
1.539336111111111 557.6594864048337
1.542125 557.9226283987916
1.5449083333333333 558.1857401812689
1.5477 558.4488821752267
1.5517222222222222 558.6277710843374
1.5546111111111112 554.8197590361445
1.5574027777777777 551.0117522658611
1.5601916666388889 546.9776435045318
1.5629833333333334 542.9440181268883
1.5657722222222221 538.9103927492448
1.5699194444444444 539.2997891566265
1.5727166666666668 539.7452108433735
1.5755055555555555 540.1596072507554
1.5782972222222222 540.3936858006043
1.5810861111111112 540.6281268882177
1.5838777777777777 540.8625377643506
1.5879444444444444 541.2466265060242
1.5907833333333334 541.6916265060242
1.5935722222222222 542.1116012084593
1.596363888888889 542.3424169184292
1.5991527777777779 542.5738670694866
1.6019444444444444 542.8052870090637
1.6060138888888889 543.1802108433737
1.608886111111111 543.6250301204822
1.611675 544.0531419939578
1.614463888888889 544.285407854985
1.6172555555555554 544.5182477341391
1.6200444444444444 544.7510876132931
1.6240833333333333 545.1232831325302
1.6269 545.5724096385543
1.6296916666666668 546.01166163142
1.6324777777777777 546.2499395770393
1.6352694444444444 546.4882175226586
1.6380583333333334 546.7265256797584
1.642163888888889 541.3692168674701
1.6449583333333333 536.0947891566266
1.64775 530.7643504531723
1.6505388888611112 525.2621450151058
1.6533305555555555 519.7600906344412
1.6561194444444445 519.7289759036146
1.6602166666666667 520.2345481927713
1.6630055555555556 520.4873493975905
1.6657972222222222 520.6530211480365
1.668586111111111 520.694471299094
1.6713777777777779 520.7362235649549
1.6741666666666666 520.7027108433737
1.6782416666666666 518.8428012048195
1.681111111111111 517.9126506024098
1.6839 516.8834441087614
1.6866916666666667 515.739395770393
1.6894805555555557 515.692590361446
1.6922722222222222 515.7547891566268
1.6966388888888888 515.8772289156628
1.6994527777777777 515.93843373494
1.7022444444444444 515.8957703927495
1.7050333333333334 515.7441691842902
1.707825 515.6970783132532
1.7106138888888889 515.7578614457833
1.7146861111111111 515.8789457831327
1.7175277777777778 515.9394879518076
1.7203166666666667 515.8962839879157
1.7231055555555554 515.7436253776439
1.7258972221944444 515.6962951807232
1.7286805555555556 515.7567469879522
1.7327444444444444 515.8767168674701
1.7355472222222221 515.9367469879522
1.738336111111111 515.8934138972814
1.741125 515.7431117824777
1.7439166666666666 515.6975903614463
1.7467055555555555 515.7600903614463
1.7507861111111112 515.8853313253018
1.7535777777777777 515.9479216867473
1.7563666666666666 515.9052870090638
1.7591583333333334 515.7552870090637
1.7619361111111111 515.7094879518075
1.764725 515.7699698795184
1.7688277777777779 515.8909337349401
1.7716361111111112 515.9513855421689
1.774425 515.9069486404836
1.7772055555277777 515.7578247734142
1.7799916666666666 515.7145180722895
1.7827805555555556 515.7794879518076
1.7869722222222222 515.907198795181
1.7898222222222222 515.9710542168677
1.7926111111111112 515.9274622356497
1.7953999999722223 515.7778549848945
1.7981916666666666 515.7334337349399
1.8009805555555556 515.7962951807231
1.8051722222222222 515.9207228915665
1.8079805555277777 515.9829216867472
1.8107694444444444 515.9387915407857
1.8135611111111112 515.7892145015107
1.81635 515.7451807228919
1.8191416666666667 515.8079819277111
1.8233638888888888 515.9327108433738
1.8261583333333333 515.9952108433738
1.8289472222222223 515.951057401813
1.8317388888888888 515.8006948640486
1.834525 515.7562650602413
1.837313888888889 515.8181927710847
1.8413777777777778 515.9420481927714
1.8441611110833334 516.0039759036148
1.8469527777777779 515.959637462236
1.8497416666666666 515.8079456193358
1.8525333333333334 515.7623192771089
1.8553222222222223 515.8240662650607
1.8593777777777778 515.9467469879522
1.8621666666666667 516.0081325301209
1.86495 515.9643202416922
1.8677388888888888 515.8140181268885
1.8705305555555556 515.7692469879521
1.8733194444444445 515.83093373494
1.8775833333333334 515.9540963855424
1.8803722222222221 516.0156626506026
1.8831638888888889 515.971238670695
1.8859416666666666 515.819728096677
1.8887333333055556 515.7741867469882
1.8915222221944445 515.8332228915665
1.8955555555555557 515.9512650602412
1.8984361111111112 516.0103915662653
1.9012194444444444 515.9642296072509
1.9040083333333333 515.810151057402
1.9067972222222223 515.763825301205
1.9095888888888888 515.8212048192773
1.91385 515.9338855421689
1.9166416666666666 515.9903313253014
1.9194305555555555 515.9423564954684
1.9222222222222223 515.7857401812689
1.925011111111111 515.7387349397591
1.9278027777777778 515.7953012048193
1.931836111111111 515.9075903614458
1.9346777777777777 515.9637048192773
1.9374666666666667 515.9159818731118
1.9402583333333334 515.7609063444111
1.9430472222222221 515.7149096385544
1.945838888888889 515.7741265060242
1.9500305555555555 515.890421686747
1.9528694444444445 515.9485542168674
1.9556583333333333 515.9019939577039
1.9584444444444444 515.748429003021
1.9612277777777778 515.7031626506023
1.9640166666666667 515.7620783132529
1.9680777777777778 515.87828313253
1.9709666666666668 515.9363855421685
1.9737583333333333 515.8890634441086
1.9765472222222222 515.7340785498487
1.979338888888889 515.687831325301
1.9821277777777777 515.7442771084335
1.9861444444444445 515.8571686746985
1.988975 515.913614457831
1.9917666666666667 515.8654078549847
1.9945555555555556 515.7082779456192
1.9973444444444444 515.6613253012047
2.0001333333333333 515.7159337349395
2.0042472222222223 515.8251506024094
2.0070638888888888 515.8797590361444
2.0098527777777777 515.8304229607248
2.0126444444444442 515.6725377643502
2.015433333333333 515.6254518072286
2.018225 515.6809337349395
2.0222305555555558 515.7918975903611
2.025061111111111 515.8473493975902
2.0278416666666668 515.7990332326281
2.0306305555555557 515.641873111782
2.0334083333333335 515.59484939759
2.0362 515.6513253012045
2.040288888888889 515.7634337349394
2.0430805555555556 515.8194879518069
2.0458694444444445 515.771873111782
2.048661111111111 515.6165558912382
2.05145 515.5706325301201
2.0542416666666665 515.631475903614
2.058352777777778 515.7509939759033
2.061186111111111 515.8107530120478
2.0639777777777777 515.7656193353471
2.0667666666666666 515.6128398791536
2.0695555555555556 515.5668373493971
2.072347222222222 515.6258132530116
2.0764 515.743584337349
2.079222222222222 515.8024698795176
2.082013888888889 515.7564954682775
2.0848027777777776 515.6011782477336
2.0875833333333333 515.5542771084332
2.090375 515.6129518072286
2.094325 515.7291867469876
2.0971722222222224 515.7873192771082
2.099961111111111 515.7415105740178
2.102752777777778 515.5858006042292
2.105541666666667 515.537771084337
2.1083333333333334 515.5964156626503
2.112347222222222 515.711957831325
2.1151916666666666 515.7696987951804
2.1179833333333336 515.7246525679755
2.120772222222222 515.5690030211476
2.123563888888889 515.5204216867467
2.126352777777778 515.5790963855418
2.1304305555555554 515.6956927710839
2.1332194444444443 515.754006024096
2.1360083333333333 515.7102114803622
2.1387972222222222 515.55752265861
2.1415888888888888 515.5103614457828
2.1443777777777777 515.5702108433732
2.1485694444444445 515.6897590361443
2.1513722222222222 515.749518072289
2.1541638888888888 515.7056495468277
2.1569527777777777 515.552265861027
2.1597444444444442 515.5046987951805
2.162533333333333 515.564096385542
2.1665944444444443 515.6828313253012
2.169411111111111 515.7422289156626
2.1722027777777777 515.69833836858
2.174988888888889 515.5478549848942
2.1777777777777776 515.5025301204819
2.1805666666666665 515.5644879518072
2.184772222222222 515.6866566265061
2.1876166666666665 515.7476506024097
2.1903972222222223 515.7032628398792
2.193188888888889 515.5534138972811
2.195977777777778 515.5095481927713
2.1987666666666668 515.5693674698797
2.2028694444444445 515.6884939759037
2.2057 515.7480421686749
2.2084888888888887 515.7006646525681
2.2112805555555557 515.5458006042297
2.2140694444444446 515.5003313253013
2.216858333333333 515.5591867469881
2.220858333333333 515.6757530120484
2.223711111111111 515.7340662650604
2.2265027777777777 515.686978851964
2.229286111111111 515.5329607250757
2.232075 515.4876204819278
2.234863888888889 515.5466566265062
2.239036111111111 515.6644879518076
2.241827777777778 515.7234036144581
2.2446166666666665 515.6767975830818
2.2474083333333335 515.5227190332329
2.2501972222222224 515.4773795180726
2.252988888888889 515.5370481927712
2.257022222222222 515.656355421687
2.259825 515.7159939759038
2.2626083333333336 515.6702719033234
2.265397222222222 515.5192749244715
2.268188888888889 515.47593373494
2.270977777777778 515.5372891566267
2.2752944444444445 515.6596084337352
2.2780833333333335 515.7208132530122
2.2808722222222224 515.6746525679761
2.283661111111111 515.5244108761332
2.286452777777778 515.481746987952
2.289241666666667 515.5428614457833
2.293325 515.663825301205
2.2961388888888887 515.7241566265061
2.2989305555555557 515.6764954682781
2.3017194444444447 515.5239879154079
2.304508333333333 515.4812048192772
2.3073 515.5403915662652
2.311424999972222 515.6584337349399
2.314216666666667 515.7174698795181
2.316997222222222 515.6685498489427
2.319786111111111 515.5118126888218
2.3225777777777776 515.4659638554218
2.3253666666666666 515.5212349397592
2.3295583333333334 515.6316867469882
2.3323805555555555 515.6868975903616
2.3351611111111112 515.6371299093657
2.33795 515.478821752266
2.3407416666666667 515.4319277108434
2.343530555527778 515.489638554217
2.3475444444444444 515.6050000000002
2.350363888888889 515.6626506024098
2.3531555555555554 515.6164652567976
2.3559444444444444 515.4606042296073
2.358736111111111 515.4132831325302
2.361525 515.471295180723
2.3656305555555557 515.5874397590362
2.36845 515.6455722891567
2.371238888861111 515.6001510574018
2.3740305555555556 515.4475528700906
2.3768194444444446 515.4028012048192
2.3796083333333335 515.4613253012049
2.3836944444444446 515.5783433734939
2.386502777777778 515.6369578313252
2.3892944444166666 515.5895166163141
2.3920833333333333 515.4353776435044
2.394875 515.3910843373493
2.397663888888889 515.4506024096383
2.401613888888889 515.5677710843371
2.4044194444444447 515.6264156626504
2.407208333333333 515.5785800604228
2.409986111111111 515.4241389728095
2.412777777777778 515.3789759036143
2.415566666666667 515.4349698795179
2.419808333333333 515.5469578313251
2.4226111111111113 515.6029518072286
2.425402777777778 515.5532326283985
2.4281916666666667 515.39667673716
2.4309833333333333 515.3513253012046
2.4337722222222222 515.4093373493973
2.437974999972222 515.5242771084335
2.4407555555555556 515.5817469879515
2.443547222222222 515.5337160120844
2.446336111111111 515.3794561933531
2.449125 515.3351204819273
2.4519055555555553 515.3937349397588
2.456072222222222 515.509909638554
2.4588888888888887 515.5680722891564
2.461672222222222 515.5197583081568
2.464463888888889 515.3671903323261
2.467252777777778 515.3243373493975
2.4700444444444445 515.3858433734938
2.4741694444444446 515.506596385542
2.476958333333333 515.5669578313251
2.47975 515.5193655589122
2.482538888888889 515.3678247734138
2.4853305555555556 515.3257831325301
2.4881194444444446 515.3873795180723
2.4920416666666667 515.5096987951807
2.4948805555555555 515.570843373494
2.4976694444444445 515.5232628398791
2.500461111111111 515.370996978852
2.50325 515.3286746987951
2.506038888888889 515.3888855421686
2.510152777777778 515.508734939759
2.512941666666667 515.5685542168675
2.5157305555277776 515.5199697885196
2.5185222222222223 515.3658610271904
2.5213111111111113 515.3221385542168
2.5241 515.383313253012
2.528172222222222 515.5048795180724
2.5309944444444445 515.5656927710843
2.5337833333333335 515.5195468277946
2.536563888861111 515.3666465256798
2.539352777777778 515.3218373493976
2.5421444444444443 515.3819879518072
2.5461722222222223 515.5022891566265
2.5489916666666668 515.5624397590361
2.5517833333333333 515.5165558912387
2.5545722221944445 515.3625075528702
2.557361111111111 515.3156626506025
2.5601527777777777 515.375421686747
2.5643805555555557 515.4939457831325
2.567188888861111 515.5531927710844
2.569977777777778 515.5084592145015
2.5727694444444444 515.3551963746223
2.5755583333333334 515.3081024096385
2.57835 515.3673795180722
2.5823638888888887 515.4852710843372
2.5852444444166665 515.5441867469879
2.588036111111111 515.499516616314
2.590825 515.3447734138972
2.593613888888889 515.2963855421685
2.5964055555555556 515.3571987951806
2.600433333333333 515.4776204819276
2.603263888888889 515.5378614457829
2.6060527777777778 515.4956495468277
2.6088444444444443 515.3430211480361
2.6116333333055555 515.2942168674698
2.6144194444444446 515.3554819277108
2.6184416666666666 515.4766867469878
2.6212833333333334 515.5372891566265
2.6240722222222224 515.4959818731118
2.6268527777777777 515.3427190332325
2.629641666638889 515.2931024096383
2.632433333333333 515.3528012048192
2.636516666638889 515.4721686746988
2.6393333333333335 515.5317469879517
2.642122222222222 515.4902416918428
2.644913888888889 515.3399093655588
2.647702777777778 515.2924999999999
2.6504916666666665 515.3537349397589
2.654516666666667 515.4757530120481
2.6573555555555557 515.5367168674697
2.660147222222222 515.4945015105739
2.662936111111111 515.3447734138971
2.6657277777777777 515.298674698795
2.6685166666666666 515.3609337349396
2.672825 515.4848493975902
2.6756027777777778 515.5468373493975
2.678391666638889 515.5041389728095
2.6811833333333333 515.3540785498489
2.683972222222222 515.309126506024
2.686752777777778 515.3709337349396
2.690941666666667 515.4932530120481
2.693747222222222 515.5544277108432
2.696536111111111 515.5098791540784
2.699327777777778 515.3606948640481
2.7021166666666665 515.3174397590359
2.7049083333333335 515.3810542168673
2.70895 515.507439759036
2.711794444416667 515.5706325301203
2.714586111111111 515.5262839879151
2.717375 515.3777643504529
2.7201666666666666 515.3349698795179
2.7229555555555556 515.399487951807
2.7270499999722224 515.5271385542168
2.729861111111111 515.5909337349395
2.73265 515.5469788519637
2.7354416666666665 515.4008761329303
2.7382305555277777 515.3602409638553
2.741022222222222 515.4246385542167
2.7450194444444445 515.5532228915662
2.7478777777777776 515.6174999999998
2.7506666666666666 515.5717522658608
2.753458333333333 515.2295166163141
2.756247222222222 514.9955120481927
2.759036111111111 514.8663855421686
2.763227777777778 514.6077409638555
2.7660694444444442 514.4784337349397
2.768858333333333 514.429577039275
2.771647222222222 514.4841389728098
2.7744388888888887 514.6475903614459
2.777222222222222 514.9109939759037
2.7814 515.4376807228917
2.7841916666666666 515.7010542168675
2.786980555527778 515.6532930513597
2.789772222222222 515.3101208459216
2.792561111111111 515.0780421686749
2.795338888888889 514.9496084337352
2.7993555555555556 514.8322658610274
2.8022055555555556 514.5635843373497
2.8049833333333334 514.5134441087615
2.8077722222222223 514.5665861027193
2.810563888888889 514.7300301204821
2.813352777777778 514.9941867469881
2.817325 515.2706042296074
2.8201638888888887 515.7866867469882
2.82295277775 515.7399093655591
2.8257444444444446 515.3973716012086
2.828533333333333 515.1649698795183
2.831325 515.0366265060243
2.8353944444444443 514.9195468277948
2.8382027777777776 514.7601208459216
2.8409916666666666 514.6006948640485
2.843775 514.2599093655591
2.846563888861111 514.0318373493977
2.849352777777778 513.905542168675
2.8533333333333335 513.7882175226588
2.8562083333333335 513.6308761329307
2.8589972222222224 513.4735347432027
2.861788888888889 513.134229607251
2.864577777777778 512.9099397590364
2.867366666666667 512.7831927710846
2.8716222222222223 512.6611178247737
2.8745055555555554 512.503232628399
2.8772972222222224 512.3453474320244
2.880086111111111 512.0039577039277
2.8828694444444443 511.78204819277124
2.8856611110833335 511.6548493975904
2.8896805555555556 511.5297885196375
2.892561111111111 511.37166163142007
2.8953444444444445 511.2135045317221
2.898136111111111 510.8703021148036
2.900925 510.64963855421684
2.9037166666388887 510.5210843373494
2.907877777777778 510.39214501510577
2.9106694444444443 510.2328398791541
2.9134583333333333 510.0734441087614
2.91625 509.7316918429003
2.9190388888888887 509.51418674698795
2.9218305555555557 509.3861445783133
2.925975 509.2548942598188
2.9287666666666667 509.0958006042297
2.9315555555555557 508.93661631419945
2.934347222222222 508.5968580060424
2.937136111111111 508.3847891566266
2.9399277777777777 508.25740963855435
2.944027777777778 508.1229003021149
2.946858333333333 507.9648942598187
2.949647222222222 507.8069486404833
2.952438888888889 507.46755287009057
2.9552277777777776 507.25981927710836
2.9580166666666665 507.1331927710842
2.962172222222222 506.9950151057401
2.964961111111111 506.8373111782477
2.9677527777777777 506.6796072507552
2.9705416666666666 506.33800604229606
2.973333333333333 506.13210843373497
2.9761194444444445 506.00466867469885
2.9802333333333335 505.8634743202418
2.9830666666666668 505.70531722054386
2.9858583333333333 505.54712990936565
2.9886472221944445 505.20791540785507
2.9914388888888888 505.0064457831327
2.9942277777777777 504.8813554216868
2.998177777777778 504.7393957703929
3.0010555555555554 504.5830513595167
3.0038472222222223 504.4267069486405
3.0066361111111113 504.08731117824783
3.009425 503.8886144578314
3.012208333333333 503.76259036144586
3.016402777777778 503.61709969788524
3.0192249999722223 503.46036253776447
3.022013888888889 503.3036253776436
3.0248055555555555 502.7645921450152
3.0275944444444445 502.37018072289163
3.030386111111111 502.04478915662656
3.0343333333333335 501.6937764350454
3.037175 501.3368277945619
3.039963888888889 500.9798489425982
3.042752777777778 500.83598187311185
3.0455444444166666 500.841265060241
3.0483333333333333 500.9087951807229
3.0523166666666666 500.9474622356495
3.0550972222222224 500.9845317220544
3.057888888888889 501.0215709969789
3.060677777777778 500.6759818731119
3.0634694444444444 500.4820481927712
3.0662583333333333 500.34981927710845
3.0703805555555554 500.1866767371602
3.0731694444444444 500.02344410876145
3.0759583333333333 499.8601510574019
3.0787472222222223 499.5115709969789
3.0815361111111113 499.318795180723
3.084327777777778 499.1859939759037
3.088327777777778 499.0188821752267
3.091138888888889 498.85435045317234
3.0939277777777776 498.68966767371603
3.0967194444444446 498.34259818731124
3.0995083333333335 498.1531024096386
3.1023 498.0206325301205
3.1063972222222223 497.8520845921452
3.10920277775 497.6883081570998
3.1119944444444445 497.52456193353504
3.114775 497.17676737160133
3.117566666666667 496.98864457831337
3.1203555555555558 496.8547891566267
3.124361111111111 496.6818429003023
3.1272361111111113 496.51679758308177
3.130027777777778 496.3517522658612
3.132816666666667 496.22078787878803
3.1356027777777777 499.5667069486406
3.1383833333333335 502.96268882175235
3.142636111111111 509.75392749244725
3.145425 513.1495468277947
3.1482083333333333 516.5451661631421
3.1509916666666666 516.4738787878789
3.153783333333333 516.2019335347433
3.1565666666666665 516.0416314199397
3.160927777777778 515.7197280966768
3.163716666638889 515.5587915407856
3.1665083333333333 515.3978549848943
3.169297222222222 515.3234848484849
3.1720888888888887 515.0577039274924
3.1748777777777777 514.8973716012084
3.1788944444444445 514.5770090634442
3.181775 514.4168580060423
3.184563888888889 514.2566767371601
3.187349999972222 514.1767272727272
3.1901333333333333 514.5043504531723
3.192922222222222 514.9326586102718
3.1970694444444443 515.7888821752265
3.1998583333333332 516.217009063444
3.202647222222222 516.6451359516615
3.2054388888888887 516.5708484848483
3.2082277777777777 516.3038670694863
3.2110194444444446 516.1472507552869
3.215186111111111 515.8328096676737
3.2179749999722222 515.6755891238671
3.22075277775 515.5183685800605
3.2235416666666667 515.4422727272728
3.2263333333333333 515.1793655589124
3.229113888888889 515.0225679758308
3.2333444444444446 514.7083987915406
3.23615 514.5512990936555
3.238941666666667 514.3941087613292
3.241722222222222 514.3145151515151
3.2445138888888887 514.056495468278
3.2473027777777776 513.9016918429004
3.2515861110833333 513.5905438066466
3.2543694444444444 513.434924471299
3.2571583333333334 513.2792749244713
3.2599416666666667 513.1963333333333
3.2627277777777777 512.9405740181269
3.2655194444444446 512.782839879154
3.2699972222222224 512.4662839879155
3.272775 512.3080060422961
3.2755638888888887 512.1496374622357
3.278347222222222 512.0613333333333
3.281136111111111 511.80876132930507
3.2839277777777776 511.64924471299094
3.288188888888889 511.33015105740174
3.29105 511.17060422960725
3.2938277777777776 511.0110574018126
3.2966194444444445 510.9186969696969
3.2994083333333335 510.72754545454535
3.302197222222222 510.50794561933526
3.3062222222222224 510.18640483383683
3.309013888888889 510.02567975830806
3.3117916666666667 509.8649848942598
3.314575 509.7692424242423
3.317363888888889 509.58299999999986
3.3201555555555555 509.36870090634426
3.3243222222222224 509.0569788519636
3.327183333333333 508.9011178247732
3.329975 508.7452567975828
3.332761111111111 508.64915151515123
3.3355444444166666 508.465727272727
3.3383333333333334 508.28227272727247
3.3425527777777777 507.9519033232626
3.345372222222222 507.7993353474318
3.3481611110833334 507.6467975830813
3.3509527777777777 507.5486060606057
3.3537416666666666 507.36836363636337
3.3565305555555556 507.1871818181815
3.3607694444444443 506.8637462235646
3.3635888888888887 506.71317220543773
3.36637777775 506.5625981873108
3.3691666666666666 506.46148484848453
3.37195 506.2777878787876
3.3747416666666665 506.09306060606025
3.378875 505.7687311178245
3.381711111111111 505.61483383685766
3.384497222222222 505.461027190332
3.387286111111111 505.35409090909064
3.390077777777778 505.1700303030301
3.3928666666666665 504.9853333333332
3.397047222222222 504.6648942598186
3.3999194444166667 504.5110876132929
3.4027083333333334 504.35728096676723
3.4055 504.24657575757556
3.408288888888889 504.06084848484835
3.4110694444444443 503.8751515151514
3.415366666666667 503.55504531722056
3.418163888888889 503.4001208459214
3.4209555555555555 503.24519637462225
3.4237333333333333 503.1319696969696
3.4265222222222222 502.9460909090909
3.4293027777777776 502.76018181818176
3.433447222222222 502.4428398791541
3.4363083333055555 502.2877643504532
3.4390861110833333 502.13259818731115
3.441875 502.01627272727274
3.4446666666666665 501.8291515151514
3.4474555555555555 501.64199999999977
3.451738888888889 501.3265861027188
3.4545805555555558 501.17033232628376
3.4573694444444443 501.014108761329
3.4601583333333332 500.89342424242403
3.462938888888889 500.70354545454524
3.465727777777778 500.51366666666644
3.4698 500.19764350453147
3.472625 500.03870090634416
3.475416666666667 499.87975830815685
3.4782055555555558 499.7542121212119
3.4809972222222223 499.5663030303028
3.4837861110833335 499.37787878787867
3.4881444444444445 499.06891238670676
3.490936111111111 498.91126888217497
3.493725 498.7536555891236
3.4965166666388887 498.62387878787854
3.4993055555555554 498.43403030303006
3.5020972222222224 498.2431212121211
3.506177777777778 497.93244712990924
3.5089972222222223 497.77247734138956
3.5117861111111113 497.6124773413896
3.514577777777778 497.4795757575756
3.5173666666666668 497.285818181818
3.5201583333333333 497.09230303030284
3.5242444444444443 496.77812688821734
3.5270277777777777 496.61528700906325
3.529811111111111 496.4524471299091
3.5326 496.3173636363634
3.5353916666666665 496.12806060606044
3.5381805555555554 495.9382121212119
3.5423305555555555 495.63410876132906
3.5451194444444445 495.4751661631418
3.547911111111111 495.31622356495444
3.5507 495.1787878787877
3.5534916666666665 494.9889090909091
3.5562805555555554 494.80006060606047
3.560266666638889 494.49915407854974
3.5630805555555556 494.34105740181263
3.5658694444166668 494.18296072507553
3.568661111111111 494.04415151515144
3.5714444444444444 493.8542424242425
3.574227777777778 493.6643333333334
3.5782666666666665 493.36471299093665
3.5811472221944443 493.2057703927493
3.583938888888889 493.04682779456203
3.586727777777778 492.90490909090914
3.5895166666666665 492.7161212121212
3.5922972222222223 492.5273333333334
3.596363888888889 492.23199395770393
3.5991694444444446 492.0741087613292
3.601961111111111 491.9162537764349
3.60475 491.77218181818176
3.6075305555555555 491.5812727272727
3.6103194444444444 491.3900606060605
3.6144944444444445 491.09280966767363
3.6172833333333334 490.9325679758308
3.620075 490.77232628398787
3.622863888888889 490.625303030303
3.6256555555555554 490.43869696969693
3.6284444444444444 490.2511818181817
3.6328388888888887 489.8760303030302
3.635647222222222 489.6884242424241
3.6384305555555554 489.5009393939393
3.6412194444444443 489.5009393939393
3.6440083333333333 494.2747272727272
3.6468 499.0485151515151
3.651075 508.59633333333335
3.6538583333333334 513.370303030303
3.6566388888888888 518.1443030303031
3.6594277777777777 518.1443030303031
3.6622194444444442 518.1523333333334
3.665008333333333 518.1603636363637
3.6694222222222224 518.1764242424243
3.672222222222222 518.1844545454545
3.675011111111111 518.1924848484849
3.677802777777778 518.1924848484849
3.6805916666388887 518.1989696969697
3.6833805555555554 518.2046363636364
3.6875388888888887 518.216
3.690325 518.221696969697
3.6931166666666666 518.2274242424243
3.6959055555555556 518.2274242424243
3.698697222222222 518.2318181818183
3.701486111111111 518.2362424242425
3.7056833333055557 518.2450606060606
3.708511111111111 518.2494545454546
3.7113 518.2538787878789
3.714088888888889 518.2538787878789
3.716877777777778 518.2559090909091
3.7196694444444445 518.2586363636365
3.7237666666666667 518.2643636363637
3.726558333333333 518.2672424242426
3.7293416666388888 518.2702121212121
3.7321333333333335 518.2702121212121
3.734922222222222 518.2693333333333
3.737702777777778 518.268393939394
3.7420194444444443 518.2666060606061
3.7448083333333333 518.2657575757576
3.7475972222222222 518.2647878787878
3.7503777777777776 518.2647878787878
3.7531666666666665 518.4586666666667
3.7559583333333335 518.653090909091
3.7602694444444444 519.0419393939395
3.7630916666388887 519.2363636363638
3.7658805555555555 519.4308181818183
3.7686722222222224 519.4308181818183
3.771461111111111 519.2260606060606
3.7742444444444443 519.0214545454545
3.7784583333333335 518.6123333333333
3.7812472222222224 518.4077272727272
3.784038888888889 518.2030909090909
3.786827777777778 518.2030909090909
3.7896194444166666 518.3939090909091
3.7924083333333334 518.5846363636364
3.7967 518.9662424242424
3.7994916666666665 519.1570303030302
3.8022833333333335 519.3478181818182
3.8050722222222224 519.3478181818182
3.807863888888889 519.1446060606061
3.810652777777778 518.9414545454546
3.814975 518.535484848485
3.8177666666666665 518.3325151515153
3.8205555555555555 518.1295757575758
3.823347222222222 518.048912386707
3.826136111111111 518.3219696969697
3.828925 518.5146666666667
3.8333416666666666 518.9000606060606
3.8361472222222224 519.0928787878788
3.838938888888889 519.2856666666668
3.841727777777778 519.2006948640484
3.844511111111111 519.4213595166163
3.8473 519.6417220543807
3.851563888888889 520.0476363636363
3.8543555555555558 520.238212121212
3.8571333333333335 520.4286666666667
3.8599111111111113 520.3423564954683
3.8627 520.5648338368579
3.8654888888888888 520.787009063444
3.8697194444444443 521.1978484848485
3.872508333333333 521.3903636363635
3.8753 521.5827575757575
3.8780833333333335 521.4935649546827
3.880875 521.7171903323263
3.883663888888889 521.9403021148036
3.8880222222222223 522.3566969696968
3.8908444444444443 522.5500606060606
3.8936333333333333 522.7434242424241
3.8964194444444447 522.6511480362536
3.899211111111111 522.8786404833836
3.901997222222222 523.1052567975829
3.9060361111111113 523.5307575757574
3.908825 523.727606060606
3.911611111111111 523.9245757575758
3.9144 523.8284592145015
3.9171833333333335 524.0552265861027
3.919975 524.2819335347432
3.924236111111111 524.7114545454546
3.9270277777777776 524.9085454545453
3.9298166666666665 525.1057272727273
3.9326 525.0063444108762
3.935391666666667 525.2316012084592
3.9381694444444446 525.4560725075529
3.9424444444444444 525.8850606060606
3.945275 526.079909090909
3.948063888888889 526.2747575757576
3.9508555555555556 526.1708761329305
3.9536444444444445 526.3935649546828
3.956436111111111 526.615740181269
3.96075 527.0447272727272
3.9635416666666665 527.2372727272727
3.9663305555555555 527.4297272727273
3.9691222222222224 527.3203927492447
3.971911111111111 527.5423564954682
3.974702777777778 527.7639577039274
3.9791416666666666 528.1973939393938
3.9819333333333335 528.3891818181817
3.984722222222222 528.5809999999999
3.9875 528.4688821752266
3.990291666666667 528.6903323262839
3.9930805555555557 528.9117220543806
3.9970694444444446 529.3473939393938
3.999852777777778 529.5389696969696
4.002641666666666 529.7305757575757
4.005433333333333 529.6139274924471
4.008222222222222 529.835075528701
4.011013888888889 530.0558610271904
4.014975 530.4950909090909
4.017816666666667 530.6861212121212
4.020597222222222 530.8771818181818
4.023377777777778 530.7588519637462
4.026166666666667 531.1823867069486
4.028958333333334 531.6059516616315
4.033244444444445 532.4542121212121
4.036036111111111 532.848606060606
4.038825 533.2430303030302
4.041616666666667 533.1167673716012
4.044405555555556 533.1438066465257
4.047197222222223 533.1708459214502
4.051263888888889 533.2297575757576
4.054138888888889 533.2264242424243
4.056927777777778 533.2231212121212
4.0597055555555555 533.0994259818731
4.062494444444445 533.3297885196374
4.065283333333333 533.5598791540787
4.069480555555556 534.0245757575758
4.072272222222222 534.2249696969697
4.075061111111111 534.425393939394
4.07785 534.2986404833837
4.080641666666667 534.5330815709971
4.083430555555555 534.7665558912387
4.087705555555556 535.2406060606061
4.090516666666667 535.4443333333334
4.093305555555555 535.6481818181819
4.096097222222222 535.519244712991
4.098886111111111 535.754078549849
4.101677777777778 535.9887311178248
4.105855555555555 536.4679696969699
4.108636111111111 536.6730303030305
4.111422222222222 536.8780606060608
4.1142111111111115 536.7491238670697
4.117 536.9897885196377
4.119791666666667 537.2304531722057
4.124038888888889 537.7215151515155
4.126830555555555 537.9323636363639
4.129619444444445 538.1432121212125
4.132402777777778 538.0107854984898
4.135194444444444 534.6894259818735
4.137983333333334 531.367885196375
4.142258333333333 524.6953636363639
4.145047222222222 521.3334242424245
4.147838888888889 517.9714545454548
4.150627777777777 517.8987009063446
4.153419444444444 518.1337160120848
4.156208333333334 518.3687915407858
4.160236111111111 518.7920909090913
4.163027777777778 518.9975454545458
4.165816666666666 519.2030000000003
4.168605555555556 519.1245921450154
4.171397222222223 519.354712990937
4.174186111111111 519.5847129909369
4.178352777777778 520.0034545454549
4.181155555555556 520.2036969696974
4.183944444444444 520.4039393939397
4.186736111111111 520.3237160120849
4.189519444444445 519.9656797583085
4.192308333333333 519.6077039274928
4.1965 518.8451212121215
4.199288888888889 518.4555151515156
4.202080555555556 518.0659090909095
4.204869444444444 517.9892145015109
4.207661111111111 518.2144410876136
4.21045 518.4392749244718
4.214475 518.8465454545459
4.217327777777777 519.0416363636368
4.220119444444444 519.2367272727276
4.222908333333334 519.1549848942602
4.2257 519.3781873111786
4.228488888888889 519.6013897280972
4.232641666666667 520.0103939393945
4.235444444444444 520.2039090909095
4.2382333333333335 520.3975151515157
4.241025 520.3126888217528
4.243813888888889 520.5345921450156
4.246594444444445 520.7565256797587
4.250752777777778 521.1662424242428
4.253586111111111 521.3585151515155
4.256375 521.5507878787884
4.259155555555555 521.4616314199401
4.261947222222222 521.6838368580065
4.2647361111111115 521.9056797583086
4.268855555555556 522.3194848484852
4.271644444444444 522.5115757575762
4.274436111111111 522.703757575758
4.277225 522.6099395770397
4.280008333333333 522.8319033232632
4.282797222222222 523.0537160120849
4.2870083333333335 523.4715757575761
4.289863888888889 523.6636363636367
4.29265 523.8557272727276
4.295438888888889 523.760725075529
4.298225 523.9863444108764
4.3010166666666665 524.2119335347435
4.305211111111111 524.6383939393943
4.308005555555556 524.8341515151518
4.310794444444444 525.0299090909094
4.313586111111111 524.9317824773417
4.316375 525.1555891238673
4.319166666666667 525.3793957703931
4.323255555555556 525.6032024169187
4.326144444444444 525.9998787878791
4.3289333333333335 526.1939393939398
4.331722222222222 526.0904229607254
4.334513888888889 526.3101510574022
4.3373027777777775 526.529728096677
4.341313888888889 526.7492749244715
4.344169444444445 526.9688519637466
4.346958333333333 527.1885196374625
4.34975 527.2276737160124
4.352538888888889 527.4471601208462
4.355316666666667 527.66664652568
4.35955 527.8862537764352
4.362413888888889 528.105981873112
4.365202777777778 528.325740181269
4.367991666666667 528.3641087613294
4.370783333333334 528.5858006042297
4.373563888888889 528.8075226586102
4.377719444444445 529.0292447129909
4.380519444444444 529.2510271903323
4.383308333333333 529.472749244713
4.3861 529.5119939577038
4.388886111111111 529.7334743202415
4.391675 529.9545921450149
4.3958916666666665 530.1757401812688
4.398775 530.3969184290028
4.401563888888889 530.6181268882173
4.404352777777778 530.6578851963744
4.4071444444444445 530.8819033232627
4.409933333333333 531.1059214501507
4.413936111111111 531.3298791540782
4.416825 531.5538066465253
4.419613888888889 531.7778247734136
4.422405555555556 531.8199395770389
4.425194444444444 532.0445921450147
4.427986111111111 532.2692749244709
4.4321777777777775 532.4939274924467
4.435019444444444 532.7186706948636
4.437811111111111 532.9434138972806
4.4406 533.106545454545
4.443391666666667 533.3018181818178
4.446180555555555 533.4970606060601
4.450236111111111 533.6612688821748
4.453041666666667 533.886283987915
4.455830555555556 534.1112990936554
4.4586194444444445 534.2780606060604
4.461411111111111 534.4749090909088
4.464191666666666 534.6724545454543
4.468188888888889 534.836435045317
4.470980555555555 535.0637462235647
4.473769444444445 535.2910271903321
4.476561111111111 535.4626363636362
4.47935 535.6576666666664
4.482141666666666 535.8532121212119
4.486280555555555 536.0118731117822
4.4890888888888885 536.2372809667671
4.491872222222222 536.4627190332324
4.494661111111111 536.6357272727271
4.497452777777778 536.8323636363635
4.500241666666667 537.0289999999999
4.504425 537.1835347432022
4.507216666666666 537.4099093655587
4.510005555555556 537.6362235649544
4.512797222222222 537.8154242424239
4.515586111111111 538.0160303030301
4.518377777777777 538.2165454545452
4.522697222222222 538.3712990936554
4.52555 538.6017824773411
4.5283388888888885 538.8322658610268
4.531122222222222 539.0193636363633
4.533911111111111 539.2175151515148
4.536702777777778 539.4156666666663
4.540880555555556 539.5645921450148
4.543672222222222 539.7925075528699
4.546461111111111 540.0204229607248
4.549252777777777 540.2083030303028
4.552041666666667 540.4071818181816
4.554833333333334 540.6059999999998
4.559161111111111 540.751510574018
4.561975 540.980181268882
4.564763888888889 541.208851963746
4.567555555555556 541.4015454545453
4.570341666666667 541.6010909090907
4.573130555555555 541.8006363636362
4.577411111111111 541.9426586102717
4.580263888888889 542.1718731117824
4.583055555555555 542.4010876132929
4.585844444444445 542.5985757575755
4.588633333333333 542.7970606060604
4.591425 542.9953939393937
4.595569444444444 543.131268882175
4.598369444444445 543.3593051359513
4.601161111111111 543.5873413897278
4.60395 543.7886363636361
4.606738888861111 543.9883636363634
4.609530555555556 544.188333333333
4.61385 544.3209667673713
4.616666666666666 544.5506948640481
4.619455555555556 544.7803927492445
4.622236111111111 544.8284290030209
4.625025 545.0556193353472
4.627816666666667 545.282688821752
4.631983333333333 545.5097583081568
4.634772222222222 545.7369184290027
4.637563888888889 545.9640785498486
4.640352777777778 546.0099999999995
4.643144444444444 541.2900604229603
4.645933333333334 536.5701510574015
4.65 531.850181268882
4.6528777777777774 527.1302114803625
4.655666666666667 522.4102416918429
4.658458333333333 517.5838181818182
4.661247222222222 517.5834848484849
4.664038888888889 517.5837272727274
4.66815 517.5999093655589
4.671 517.6303927492447
4.673788888888889 517.6608761329305
4.676580555555556 517.5080966767372
4.679369444444444 517.539003021148
4.682161111111111 517.5697280966768
4.686444444444445 517.6004531722054
4.689294444444444 517.6312084592145
4.692086111083333 517.6619637462235
4.694866666666667 517.5086404833836
4.697658333333333 517.5368277945618
4.700447222222222 517.5649848942596
4.704422222194444 517.5931722054379
4.707219444444444 517.6213293051356
4.710008333333334 517.649516616314
4.7128 517.4949546827793
4.715588888888889 517.5250453172204
4.718380555527777 517.5544410876131
4.722572222194445 517.5838368580058
4.725383333333333 517.6132326283986
4.728175 517.6425981873109
4.730963888888889 517.4886404833835
4.733755555555556 517.5183383685799
4.736544444444444 517.5479456193351
4.740716666666667 517.5775226586102
4.743508333333334 517.6071299093654
4.746297222194444 517.6367069486403
4.749088888888889 517.4858912386705
4.75187777775 517.517190332326
4.754669444444445 517.5480060422958
4.758927777777778 517.5788217522656
4.761716666666667 517.6097280966765
4.764508333333334 517.6406646525678
4.767297222222222 517.4884290030209
4.7700861111111115 517.5196374622354
4.7728777777777776 517.5508157099696
4.7769361111111115 517.5820241691841
4.779788888888889 517.6132024169183
4.782569444444444 517.6444712990935
4.785358333333333 517.4948036253775
4.78815 517.5284592145013
4.790938888888889 517.5614199395768
4.79525 517.594441087613
4.7981 517.6274622356493
4.800888888888889 517.6605135951659
4.803672222222223 517.5094561933533
4.806461111083333 517.5386404833835
4.809252777777778 517.5677945619333
4.813413888888889 517.5969486404832
4.81622777775 517.6260725075526
4.819019444444445 517.6552265861025
4.8218083333055555 517.5041087613291
4.8246 517.536102719033
4.827388888888889 517.5669788519637
4.831527777777778 517.5978549848941
4.834325 517.6286706948639
4.837113888888889 517.6594561933533
4.839905555555555 517.5087009063443
4.842694444444445 517.5419033232628
4.845486111111111 517.5744108761328
4.849611111111111 517.6069184290029
4.852413888888889 517.6394259818729
4.8552027777777775 517.6719335347431
4.8579944444444445 517.5243806646525
4.860783333333333 517.5575528700905
4.863572222222222 517.5899093655588
4.867849999972222 517.6222960725074
4.870691666666667 517.6546525679757
4.873483333333334 517.6870392749244
4.876272222222222 517.5388821752265
4.8790611111111115 517.5737462235649
4.8818472222222224 517.6084894259818
4.885986111111111 517.6431419939577
4.888802777777777 517.6777643504531
4.891591666666667 517.7124471299093
4.894383333333334 517.5633534743201
4.897172222222222 517.5960725075529
4.899963888888889 517.6277039274925
4.904277777777778 517.6593051359517
4.907102777777777 517.6908761329305
4.909891666666667 517.7224471299093
4.912669444444444 517.5732326283987
4.915461111111111 517.6082175226585
4.91825 517.6421450151056
4.922375 517.6760422960724
4.9251805555555555 517.7099395770391
4.927969444444445 517.7438368580059
4.930761111111111 517.5948640483383
4.93355 517.6287311178247
4.936341666666666 517.6620241691842
4.940675 517.6806363636363
4.9435 517.6836060606059
4.946288888888889 517.6865454545454
4.949080555555556 517.6143202416918
4.951869444444444 517.6507854984893
4.954661111111111 517.6870392749244
4.958875 517.7100606060604
4.9617305555555555 517.7159696969695
4.964519444444444 517.721909090909
4.967311111111111 517.647099697885
4.9701 517.6837764350452
4.9728916666666665 517.7204531722052
4.977016666638889 517.7461818181818
4.97985 517.7525454545455
4.982641666638889 517.7588787878788
4.985430555555555 517.6862235649546
4.988222222222222 517.7236858006041
4.991011111111111 517.7609667673715
4.995005555555555 517.7865757575756
4.997786111111111 517.7935454545453
5.000575 517.8004848484846
5.0033666666666665 517.7261027190331
5.006155555555556 517.7626586102717
5.008941666666667 517.7992447129907
5.013213888888889 517.8253636363634
5.01605 517.8315151515149
5.018838888888889 517.8376363636361
5.021630555555555 517.7634138972807
5.024419444444445 517.7984894259815
5.027211111111111 517.8328700906342
5.031391666638889 517.8546363636361
5.034183333333333 517.8587878787876
5.036972222222222 517.8629393939391
5.039761111111111 517.7885498489422
5.042552777777778 517.8247432024166
5.045341666666666 517.8609063444105
5.049563888888889 517.8859090909086
5.0524305555555555 517.8917575757571
5.0552166666666665 517.8976060606055
5.058008333333333 517.8223564954678
5.060797222222222 517.8559214501506
5.063588888861111 517.8892447129906
5.067677777777778 517.9086969696967
5.0704666666666665 517.911636363636
5.073258333333333 517.9146060606058
5.076041666666667 517.9146060606058
5.078830555555555 517.9167878787875
5.081622222222222 517.9183030303027
5.085858333333333 517.9212727272725
5.0886555555555555 517.9227575757574
5.091444444444445 517.9242424242422
5.094236111111111 517.8481268882173
5.097022222222222 517.923515151515
5.099811111111111 517.9233939393938
5.103972222222223 517.923121212121
5.106775 517.9229696969695
5.109561111083333 517.9228484848484
5.112352777777778 517.8476435045316
5.1151416666388885 517.9193030303029
5.117933333333333 517.915909090909
5.122138888888889 517.9286102719032
5.124927777777778 517.955589123867
5.127705555555556 517.9825679758305
5.130497222222222 517.9022727272726
5.133286111111111 517.897818181818
5.1360777777777775 517.8935757575757
5.140138888888889 517.9047129909363
5.142994444444445 517.9306948640482
5.145783333333333 517.9566465256796
5.148569444444444 517.8004531722053
5.151361111111111 517.8275830815708
5.15415 517.8537764350452
5.158461111111111 517.8603939393938
5.161302777777777 517.8562424242423
5.164091666666667 517.8520909090907
5.166883333333334 517.7754984894258
5.169661111111111 517.803444108761
5.172452777777778 517.8307250755283
5.176525 517.8580060422958
5.179338888888889 517.8853172205435
5.182127777777778 517.9125981873109
5.184916666666667 517.7577039274921
5.187705555555556 517.7837160120844
5.1904916666666665 517.809093655589
5.194602777777778 517.8344410876132
5.197391666666666 517.8599093655588
5.200183333333333 517.8853776435045
5.202972222222222 517.8054545454545
5.205763888888889 517.8048484848485
5.208552777777777 517.804696969697
5.212577777777778 517.8195166163142
5.215430555555556 517.8496374622357
5.218222222222222 517.8797583081571
5.221011111111111 517.8038787878788
5.223802777777777 517.8024545454547
5.226588888888889 517.801484848485
5.230716666666667 517.8133232628398
5.2335111111111114 517.8426283987916
5.2363027777777775 517.8719335347432
5.239091666666667 517.7973636363637
5.241883333333333 517.7973333333334
5.244672222222222 517.7973030303032
5.248980555555556 517.8112990936557
5.251769444444444 517.8416314199397
5.254558333333334 517.8718429003023
5.25735 517.7970909090911
5.260138888888889 517.7979090909092
5.262930555555555 517.7989696969698
5.267027777777778 517.8141691842902
5.269816666666666 517.8453776435048
5.272608333333333 517.8765861027193
5.275397222222222 517.8026666666669
5.278188888888889 517.806181818182
5.280974999972222 517.8091515151517
5.2852 517.8279154078551
5.288047222222223 517.8612990936557
5.290836111083333 517.8947129909368
5.293625 517.8214545454548
5.2964166666666666 517.8236666666668
5.299205555555556 517.8252121212123
5.303380555527778 517.8432024169185
5.3061694444444445 517.8751057401814
5.308961111083334 517.9070392749247
5.31175 517.8315454545457
5.3145388888888885 517.8318787878791
5.3173305555555554 517.8326363636367
5.321580555555555 517.8490030211484
5.32437777775 517.8800302114805
5.327163888888889 517.9110876132934
5.329955555555555 517.8354545454548
5.332736111111111 517.8380606060608
5.335527777777778 517.840878787879
5.339680555555556 517.8593353474323
5.342472222222222 517.8924169184293
5.345261111111111 517.9254984894262
5.34805 517.8520000000002
5.350841666666667 517.852575757576
5.353630555555555 517.8536969696972
5.357894444416667 517.8704531722057
5.360702777777778 517.9019335347435
5.3634916666666665 517.933383685801
5.3662833333333335 517.8582121212124
5.369072222222222 517.8607272727277
5.371861111111111 517.8626969696974
5.3761222222222225 517.8822658610276
5.378991666666667 517.9145317220548
5.381783333305555 517.946797583082
5.384561111083333 517.8704848484854
5.387352777777778 517.8713030303035
5.390141666638889 517.872060606061
5.394294444444444 517.8891540785503
5.397091666666666 517.9202719033237
5.399877777777778 517.9513897280972
5.402661111111111 517.875151515152
5.40545 517.8750303030308
5.408241666638889 517.8749090909096
5.412455555555556 517.8911480362541
5.415324999972222 517.9214803625381
5.418113888888889 517.9518429003025
5.420905555527778 517.8747575757579
5.423694444444444 517.8726969696974
5.4264833333333335 517.8714242424246
5.430688888888889 517.8855287009068
5.433477777777778 517.9145921450155
5.436269444444444 517.9436253776438
5.4390583333333336 517.8662121212124
5.44185 517.8652424242426
5.444638888888889 517.8639090909094
5.448925 517.8779758308159
5.451752777777778 517.9069788519639
5.4545361111111115 517.9358912386709
5.4573277777777776 517.8583939393942
5.460116666638889 517.8576666666669
5.4629 517.8566666666669
5.4669 517.8725075528703
5.469794444416666 517.9018731117827
5.472583333333334 517.9312084592148
5.475375 517.8526666666669
5.478163888888889 517.8530606060609
5.480955555555555 517.8536666666669
5.485202777777777 517.872990936556
5.488027777777778 517.9039274924473
5.490819444444444 517.9348640483386
5.4936 517.8560606060607
5.496391666638889 517.855484848485
5.499180555555555 517.8559090909093
5.503288888888889 517.8731722054383
5.506077777777778 517.9039274924475
5.508869444444445 517.9346827794565
5.511647222222222 517.8576060606063
5.514438888888889 517.8588181818185
5.517227777777777 517.8595454545458
5.521594444444444 517.8772809667678
5.524386111111111 517.9083685800607
5.527175 517.9394561933537
5.529966666666667 517.8625151515155
5.532755555527777 517.8623939393942
5.535544444444445 517.8623030303033
5.5396833333333335 517.8785800604234
5.542513888888889 517.9088217522661
5.545305555555555 517.9389123867071
5.548094444444445 517.8617272727274
5.550883333333333 517.8633939393942
5.553675 517.8641212121214
5.557858333333333 517.8816616314201
5.560747222222222 517.9126586102722
5.563538888888889 517.9435347432027
5.5663277777777775 517.7906042296075
5.569111111111111 517.8203021148039
5.571902777777778 517.8500000000003
5.576069444444444 517.8642121212123
5.578858333333334 517.8635757575759
5.58165 517.8629090909092
5.584438888888889 517.8629090909092
5.587227777777778 517.8640303030304
5.590019444444445 517.8653333333333
5.594211111111111 517.8820241691842
5.597063888888889 517.8693333333333
5.599855555555555 517.8706969696971
5.6026444444444445 517.7921752265862
5.6054361111111115 517.8233534743204
5.608225 517.8543806646526
5.612338888861111 517.8853776435046
5.615169444444445 517.8732727272728
5.61795 517.8739393939395
5.620738888888889 517.7942598187312
5.623530555555556 517.8721212121212
5.626319444444444 517.8710303030304
5.630513888888889 517.8690606060608
5.633319444444444 517.8680606060608
5.636111111111111 517.8670606060609
5.638888888888889 517.786978851964
5.641677777777778 517.8148036253777
5.644469444444445 517.8419335347434
5.648558333333333 517.8690634441091
5.651347222222222 517.8962235649549
5.654138888888889 517.9233836858008
5.656927777777778 517.767160120846
5.659719444444445 517.7934743202418
5.662508333333333 517.8192145015107
5.666783333305555 517.8449546827796
5.6695611110833335 517.8706948640485
5.672352777777777 517.8965558912388
5.675141666638889 517.740574018127
5.677933333333334 517.7680966767373
5.680722222222222 517.7953474320243
5.684888888888889 517.8226283987917
5.687680555555556 517.849818731118
5.690469444444444 517.8769184290032
5.693261111111111 517.7223262839882
5.69605 517.7525075528703
5.698841666666667 517.7826888217525
5.703141666666666 517.8007272727274
5.705980555555556 517.800575757576
5.708769444444444 517.8004242424245
5.71155 517.7225075528703
5.714341666666667 517.7546525679761
5.717130555527778 517.7860120845925
5.721036111111111 517.8051515151518
5.723891666638889 517.8061818181822
5.726680555555555 517.8072121212124
5.729463888888889 517.8072121212124
5.732252777777778 517.8094242424245
5.735044444444444 517.811575757576
5.739411111111111 517.8158787878789
5.742199999972223 517.8180303030305
5.7449916666666665 517.8201818181819
5.747780555527778 517.7430513595167
5.750569444444444 517.7748338368581
5.753352777777778 517.8064954682781
5.757505555555555 517.8257272727275
5.760319444444445 517.8270606060607
5.76310277775 517.8283636363639
5.765891666666667 517.7510574018129
5.768672222222222 517.8307272727274
5.771461111083333 517.8335151515154
5.775791666666667 517.8390303030305
5.7786 517.8417878787881
5.7813888888888885 517.844575757576
5.784175 517.5716918429005
5.786966666666666 517.4079758308159
5.789755555555556 517.2436858006045
5.793922222222222 517.0640000000003
5.796711111111111 516.8687878787881
5.799502777777778 516.6735151515153
5.802291666666667 516.4017824773415
5.805077777777778 516.236827794562
5.8078666666666665 516.0718731117827
5.812005555555555 515.8900303030305
5.8148583333333335 515.6941515151517
5.817644444444444 515.4982727272729
5.820436111111111 515.2314199395772
5.823225 515.0660422960727
5.826013888888889 514.9006042296076
5.830158333333333 514.7128484848487
5.832975 514.5165151515154
5.8357666666388885 514.3202121212122
5.838555555555556 514.0582477341391
5.841338888888889 513.893746223565
5.844130555555555 513.7292447129911
5.848416666666667 513.5384545454548
5.851269444444444 513.3430000000001
5.854058333333334 513.1475757575759
5.85685 512.8900906344412
5.859638888888889 512.7251359516617
5.862425 512.5599697885199
5.866577777777778 512.3629090909093
5.869369444444445 512.1668181818184
5.872158333333333 511.9707272727275
5.8749472222222225 511.71604229607277
5.877736111111111 511.54821752265883
5.880527777777778 511.37951661631445
5.884752777777778 511.17312121212143
5.887566666666666 510.97360606060624
5.890355555555556 510.77406060606086
5.893147222222222 511.90265861027217
5.895936111111111 513.1165256797585
5.89872777775 514.3302719033235
5.902861111111111 515.5212424242426
5.905683333333333 516.7083333333334
5.908474999972222 517.8954545454545
5.911263888888889 517.6196374622357
5.914055555555556 517.448580060423
5.916844444444444 517.2766767371602
5.921005555555555 517.0844848484849
5.923877777777777 516.8815757575757
5.9266694444166665 516.6786363636363
5.929458333333334 516.4081873111782
5.932247222222222 516.2388217522658
5.935038888888889 516.0694864048337
5.939205555555556 515.8769696969697
5.941994444444444 515.6765757575757
5.944786111111111 515.4761515151514
5.947575 515.2084592145014
5.950366666666667 515.0368277945619
5.95315 514.8647734138973
5.957436111111111 514.6644848484848
5.960263888888889 514.4615151515151
5.963055555555556 514.2586060606061
5.9658444444444445 513.9931117824774
5.9686361111111115 513.822416918429
5.971425 513.6505438066466
5.975702777777777 513.4483636363636
5.978555555555555 513.2454848484848
5.981347222222222 513.0426363636362
5.984136111111111 512.7783081570996
5.986927777777778 512.6035347432022
5.989716666666666 512.4283383685798
5.993808333333333 512.2176666666663
5.996680555555556 512.0113636363634
5.999469444444444 511.8050606060604
6.002261111111111 511.54625377643487
6.00505 511.37465256797566
6.007838888888889 511.20299093655575
6.012002777777778 510.99424242424226
6.0147916666666665 510.79172727272714
6.0175833333333335 510.589212121212
6.020372222222222 510.33525679758293
6.023163888888889 510.164018126888
6.0259527777777775 509.99274924471274
6.030144444444445 509.78030303030283
6.032936111111111 509.5780909090907
6.035725 509.3758484848483
6.038516666666666 509.12779456193334
6.041305555555556 508.9596978851962
6.044083333333333 508.7910574018124
6.048311111083334 508.5773030303028
6.051094444444445 508.377727272727
6.053883333333333 508.17812121212097
6.056669444416666 507.9341389728094
6.059452777777778 507.7663746223562
6.062233333333333 507.59752265861
6.066316666666666 507.42851963746205
6.069105555555556 507.2595468277944
6.071897222222222 507.0905135951659
6.074680555555555 506.7386706948638
6.077469444444445 506.5693051359514
6.080261111111111 506.39993957703905
6.0844555555555555 506.1787878787876
6.087272222222222 505.9783636363633
6.090061111111111 505.77796969696936
6.092852777777778 505.53972809667647
6.095641666666666 505.3722356495466
6.098433333333333 505.2040181268879
6.102488888888889 505.0358308157097
6.105372222222222 504.8675830815707
6.108163888888889 504.6992749244709
6.110947222222222 504.3494561933531
6.113736111111111 504.18151057401775
6.116527777777778 504.0131419939573
6.120675 503.8448338368576
6.1235333333333335 503.58672727272693
6.126322222194444 503.38739393939346
6.129111111111111 503.15655589123827
6.1319027777777775 502.98788519637424
6.134688888888889 502.8190030211477
6.138761111111111 502.6501510574014
6.141591666666667 502.4814199395767
6.144380555555555 502.3126888217519
6.147172222222222 501.9633232628396
6.149961111111111 501.79637462235615
6.15275 501.62942598187277
6.156791666666667 501.46247734138944
6.1596222222222226 501.2955287009061
6.162411111111111 501.1284290030209
6.1652 501.0013939393937
6.1679916666666665 500.8056969696967
6.170780555555556 500.61003030303004
6.174997222222222 500.28619335347406
6.177808333333333 500.1213595166161
6.1805972222222225 499.9564652567973
6.183388888888889 499.60948640483355
6.186169444444444 499.44471299093624
6.188952777777778 499.27987915407823
6.193186111111111 499.1150151057399
6.196041666666667 498.95018126888186
6.198830555555555 498.78522658610245
6.201622222222222 498.438187311178
6.204411111111111 498.27380664652554
6.2071999999722225 498.10876132930497
6.211363888888889 497.94374622356486
6.214169444416667 497.7787311178247
6.216952777777778 497.6137160120845
6.219741666666667 497.2666465256797
6.222533333333334 497.1045317220542
6.225322222222222 496.94175226586094
6.229536111111111 496.70230303030297
6.232327777777778 496.50851515151504
6.235116666638889 496.31475757575754
6.237908333333333 496.31475757575754
6.240697222194444 496.1222121212121
6.243488888888889 495.9296969696969
6.247708333333334 495.62589123867065
6.250497222222222 495.4642900302114
6.253277777777778 495.3026888217522
6.256066666666666 495.15966666666657
6.258858333333333 494.9679696969696
6.261644444416667 494.77603030303027
6.2658555555555555 494.4772205438067
6.268688888888889 494.20051515151516
6.271475 494.0087575757576
6.274266666666667 494.0087575757576
6.277055555555555 493.8146363636364
6.279844444444445 493.62036363636366
6.283969444444445 493.3214501510574
6.286780555555556 493.15791540785494
6.289572222222223 492.9943806646525
6.292361111111111 492.84260606060604
6.29515 492.6462727272727
6.297938888888889 492.450393939394
6.301936111111111 492.15296072507556
6.304719444444444 491.98800604229615
6.307511111111111 491.8231117824774
6.3103 491.667
6.313088888888889 491.4746363636363
6.3158805555277775 491.28154545454544
6.320291666666667 490.99250755287017
6.323080555555555 490.83039274924465
6.325872222222222 490.66830815709966
6.328655555555556 490.5094242424243
6.331447222222222 490.31381818181825
6.334236111111111 490.11857575757585
6.338536111111111 489.82864048338377
6.341325 489.664320241692
6.344116666666666 489.50006042296087
6.346905555555556 489.33766666666685
6.349694444444444 489.14321212121223
6.352486111111111 488.94857575757584
6.356786111111111 488.663232628399
6.359622222222222 488.4994259818733
6.362411111111111 488.3356193353476
6.365202777777778 488.16966666666684
6.367991666666667 487.9696363636365
6.370783333333334 487.76978787878795
6.374877777777778 487.4797583081572
6.377666666666666 487.3108157099699
6.380458333333333 487.1419033232629
6.383247222222222 486.9702424242425
6.386036111111111 486.77130303030305
6.388827777777778 486.57263636363643
6.392833333333333 486.2873716012085
6.395722222222222 486.11966767371615
6.3985111111111115 485.95193353474326
6.4013 485.7779696969698
6.404091666666667 485.578787878788
6.4068805555555555 485.38009090909105
6.410875 485.0984592145017
6.413691666666667 484.9306948640484
6.416480555555555 484.76296072507574
6.419266666666666 484.5853030303032
6.422055555555556 484.38639393939417
6.424847222222223 484.18654545454564
6.428969444444444 483.90504531722064
6.431791666666666 483.7360725075531
6.434580555555556 483.56706948640505
6.437363888861111 483.3867878787881
6.440152777777778 483.18587878787906
6.4429388888888885 482.9855454545457
6.447241666666667 482.7069184290033
6.450047222194445 482.5374622356497
6.452838888888889 482.36791540785515
6.45562777775 482.18406060606077
6.458419444444444 481.98275757575783
6.461208333333333 481.7811818181821
6.465355555555556 481.5049244712994
6.468155555555556 481.3341993957707
6.470941666666667 481.1633534743205
6.47372777775 480.97439393939436
6.4765194444444445 480.77051515151555
6.479308333305555 480.56590909090943
6.483425 480.28933534743237
6.486288888888889 480.11567975830843
6.489069444444445 479.94205438066496
6.49185277775 479.74754545454573
6.4946305555277775 479.54593939393976
6.497422222222222 479.34360606060636
6.501630555555556 479.073383685801
6.504475 478.9019335347435
6.507261111111111 478.7304833836862
6.51005 478.53415151515185
6.512838888888889 478.33027272727304
6.51562777775 478.1263636363639
6.519791666666666 477.8564954682781
6.522586111111111 477.68332326284013
6.525375 477.510151057402
6.5281666666666665 477.30993939393954
6.530955555555556 477.106181818182
6.533747222222222 476.9023636363639
6.537966666666667 476.6360120845924
6.5408333333333335 476.46308157099725
6.543616666666667 476.290151057402
6.546405555555555 475.9336253776437
6.549194444444445 475.7586404833839
6.551986111111111 475.58371601208484
6.556102777777777 475.4088217522661
6.558891666638889 475.23392749244744
6.561680555555555 475.0591540785501
6.564461111111111 474.70132930513614
6.56725 474.527311178248
6.570030555555555 474.3532628398794
6.574275 474.17924471299114
6.577066666666667 474.0052870090637
6.579855555555556 473.8313293051362
6.5826472222222225 473.47631419939586
6.585427777777777 473.3030513595167
6.588216666666667 473.12951661631433
6.592327777777777 472.9559818731119
6.595211111083334 472.7824471299095
6.598 472.6088821752267
6.600788888888889 472.25175226586117
6.603575 472.07987915407864
6.606361111111111 471.9069788519639
6.610586111111111 471.73410876132937
6.613377777777778 471.56129909365563
6.6161666666666665 471.38848942598196
6.6189527777777775 471.0335951661632
6.621744444444444 470.8629003021149
6.624525 470.6915105740182
6.628666666666667 470.52012084592144
6.631452777777778 470.348580060423
6.634244444444445 470.1770694864049
6.637033333333333 477.9159818731118
6.639825 485.83915407854977
6.642613888888889 493.76187311178245
6.646913888888889 501.6846223564954
6.649724999972222 509.607250755287
6.652513888888889 517.5299093655588
6.655305555555556 517.3735347432023
6.658094444444444 517.400513595166
6.660875 517.427099697885
6.6652861111111115 517.4419090909088
6.668063888888889 517.438121212121
6.670855555555556 517.434333333333
6.673641666666667 517.3500906344408
6.676427777777778 517.3751661631417
6.679213888861111 517.3999999999996
6.683313888888889 517.4248338368577
6.686105555555556 517.4496676737158
6.688888888888889 517.4745921450149
6.691677777777778 517.3199093655586
6.694469444444445 517.3470090634439
6.69725 517.3733836858004
6.701483333333333 517.3997885196374
6.704344444444445 517.4261631419938
6.707122222222222 517.4525679758307
6.709913888888889 517.2967069486403
6.712697222222222 517.3220845921448
6.715486111111111 517.3472507552871
6.719683333333333 517.3724773413896
6.722483333333333 517.3977039274924
6.725272222222222 517.422930513595
6.728052777777778 517.2638066465255
6.730841666666667 517.2870694864047
6.733633333333334 517.3103323262839
6.738069444444444 517.35667673716
6.740861111111111 517.3798489425981
6.74365 517.304515151515
6.746441666666667 517.2217522658609
6.749230555555555 517.2450151057401
6.752022222222222 517.268247734139
6.75622777775 517.314924471299
6.759016666666667 517.3382477341389
6.761808333305556 517.2620909090908
6.764597222222222 517.1781873111781
6.7673861111111115 517.2003625377642
6.770175 517.2221148036253
6.774416666666666 517.2656797583081
6.777205555555556 517.2874622356495
6.779988888888889 517.2107575757575
6.782769444444445 517.1283081570997
6.785555555555556 517.3472809667674
6.788344444444444 517.5660422960725
6.792641666638889 518.0035347432024
6.795472222222222 518.2222658610272
6.7982611111111115 518.3447272727273
6.801052777777778 518.2590634441086
6.8038388888888885 518.4805135951661
6.8066305555555555 518.7020241691843
6.810908333333333 519.1450755287009
6.813697222222222 519.366586102719
6.816486111111111 519.4951818181818
6.819277777777778 519.4060725075528
6.822066666666666 519.6262839879153
6.824858333333333 519.8465256797582
6.828880555555555 520.2870392749244
6.831730555555556 520.507341389728
6.834519444444444 520.6380606060604
6.837311111111111 520.5468580060422
6.8401 520.7674924471299
6.842891666666667 520.9881570996979
6.847091666666667 521.429425981873
6.849927777777777 521.6500906344411
6.852708333333333 521.7828787878788
6.855497222222223 521.6880362537765
6.858288888888889 521.9071299093656
6.861077777777778 522.1257099697887
6.8652194444444445 522.5628700906345
6.868027777777778 522.7813595166164
6.870811111083333 522.9161212121212
6.873602777777778 522.821087613293
6.876391666638889 523.0444410876133
6.879183333333334 523.2676737160122
6.883333333333334 523.7141691842901
6.886172222222222 523.9374018126888
6.888963888888889 524.0769393939394
6.891752777777778 523.9788217522658
6.894541666666667 522.8226283987916
6.897333333333333 521.6653776435046
6.901483333333333 519.3508761329307
6.90435 518.1936555891241
6.9071388888888885 516.930878787879
6.909927777777778 516.8530815709971
6.912719444444445 517.078731117825
6.915508333333333 517.3039879154079
6.919647222222222 517.7543504531723
6.922436111111111 517.979577039275
6.925216666666667 518.1040606060606
6.928005555555556 518.0237462235649
6.930797222222222 518.2486404833837
6.9335861111111114 518.4731722054381
6.937772222222222 518.9223262839879
6.940616666666667 519.1469486404834
6.943405555527778 519.2732727272728
6.946197222222223 519.1900604229609
6.9489777777777775 519.416827794562
6.951761111111111 519.64332326284
6.9558583333333335 520.0963444108762
6.958661111111111 520.3228700906344
6.961452777777778 520.4537272727273
6.9642333333333335 520.3684592145016
6.967022222222222 520.5979456193354
6.969805555555555 520.8273111782478
6.973952777777778 521.2861933534743
6.976744444444445 521.5156495468278
6.979533333333333 521.6517272727273
6.982325 521.5599395770392
6.985113888888889 521.789003021148
6.987905555555556 522.0172809667674
6.992080555555556 522.4740483383687
6.994886111111111 522.7025981873113
6.997677777777778 522.8443030303031
7.000466666666667 522.7505135951662
7.00325 522.9798489425982
7.006038888888889 523.208580060423
7.010116666638889 523.6661933534745
7.012905555555555 523.8950151057404
7.015686111111111 524.0385454545457
7.018466666666667 523.939486404834
7.021255555555555 524.1653776435047
7.024047222222222 524.3912084592146
7.02825 524.8428096676738
7.031036111111111 525.0684592145016
7.033825 525.2148484848485
7.036608333333334 525.1118126888218
7.0394 525.335075528701
7.042188888888889 525.5574924471301
7.046163888888889 525.7966265060243
7.048963888888889 526.0487048192772
7.051752777777778 526.2249848942599
7.054541666666666 526.2650151057403
7.057333333333333 526.4880060422962
7.060122222222223 526.7110271903325
7.064263888888889 526.9473795180724
7.067052777777778 527.2001204819278
7.069841666666667 527.3803323262841
7.072633333333333 527.419244712991
7.0754222222222225 527.6418429003021
7.078213888888889 527.8644410876134
7.082391666666667 528.0955120481929
7.085183333333333 528.3477108433735
7.087972222222223 528.5323564954683
7.090763888888889 528.570906344411
7.093552777777778 528.7920241691844
7.0963416666666665 529.0121450151058
7.100344444444445 529.2353313253012
7.103166666666667 529.4850602409639
7.105955555555555 529.6725981873112
7.108747222222222 529.7106042296073
7.1115361111111115 529.9306344410877
7.114327777777778 530.1506948640484
7.118519444416667 530.3706325301206
7.1213138888888885 530.6202108433736
7.124102777777778 530.8106948640484
7.126894444444445 530.8480060422962
7.129672222222222 531.0685498489428
7.132461111111111 531.2891238670697
7.136369444444444 531.5053614457833
7.139258333333333 531.7554518072292
7.142047222222223 531.9506646525682
7.144838888861111 531.9865861027193
7.1476194444444445 532.203141993958
7.1504111111111115 532.4194561933538
7.154577777777778 532.6256024096388
7.157366666666666 532.8713855421689
7.160158333333333 533.0682779456196
7.162947222222222 533.1016616314201
7.165738888888889 533.3163444108764
7.168527777777777 533.5311480362541
7.172608333333334 533.7320180722894
7.175397222222222 533.9763855421689
7.178186111111111 534.1756193353477
7.180974999972222 534.2097583081572
7.183763888888889 534.4260120845923
7.186555555555556 534.642235649547
7.190758333333333 534.8425301204821
7.19355 535.088463855422
7.196338888888889 535.2911782477344
7.199130555555556 535.3272507552873
7.201919444444444 535.5457099697888
7.2047083333333335 535.7633836858008
7.208833333333334 535.963825301205
7.211647222222222 536.2112349397593
7.2144361111111115 536.4168882175229
7.217224999972222 536.4511480362539
7.220016666666667 536.6685800604232
7.2228055555555555 536.8859214501512
7.226775 537.0820481927713
7.229586111083333 537.3290361445786
7.232375 537.538066465257
7.235158333333334 537.5735045317224
7.23795 537.460120481928
7.240738888888889 537.7047289156629
7.244844444444444 538.1939156626507
7.247644444444444 538.4384939759038
7.2504333333333335 538.6484290030213
7.253225 538.6825377643506
7.256008333333333 538.5673795180726
7.2588 538.8125903614459
7.262875 539.3029518072292
7.2656777777777775 539.5481325301207
7.268469444444444 539.7606042296075
7.271258333333333 539.7955891238673
7.27405 539.67843373494
7.276838888888889 539.9259939759039
7.280938888888889 540.4212048192774
7.283738888888889 540.6689156626509
7.2865305555277775 540.8858610271906
7.289319444444445 540.9216314199398
7.292111111111111 540.8010542168678
7.2949 541.0497891566267
7.299066666666667 541.5463855421689
7.301858333333334 541.7946987951809
7.304647222222222 542.0156193353478
7.307438888888889 542.0515709969791
7.3102277777777775 541.9278313253014
7.3130138888888885 542.1743373493978
7.3171 542.6671987951809
7.3198944444444445 542.9136144578314
7.322683333333333 543.1358610271905
7.325475 543.1686102719034
7.3282638888888885 543.0395783132531
7.331055555555555 543.2869879518072
7.3353777777777776 543.7804819277109
7.338208333333333 544.0272289156627
7.341 544.2550151057403
7.343788888888889 544.2881873111783
7.346577777777778 544.1544879518073
7.349369444444444 544.3997289156628
7.353458333333333 544.8892771084338
7.356247222222223 545.1341265060241
7.359038888888889 545.3647129909366
7.361827777777778 545.3978549848944
7.364619444444444 545.2609939759037
7.3674 545.5093373493977
7.371686111111111 546.0055120481929
7.374505555555555 546.2535240963857
7.377283333333334 546.4906042296074
7.380075 546.5274622356496
7.382863888888889 546.3875602409639
7.385655555555555 546.6366566265061
7.3897916666666665 547.1337650602411
7.392580555555556 547.3823192771085
7.395372222222222 547.6228700906346
7.398161111111111 547.6557703927493
7.4009527777777775 547.5090963855422
7.403741666666667 547.7551506024097
7.407711111083334 548.2454819277108
7.410519444444445 548.4906024096384
7.4133 548.7344712990936
7.416080555555555 548.7658006042295
7.418872222222222 548.6146084337349
7.421661111111111 548.8607530120481
7.425866666666667 549.3531626506024
7.4286666666666665 549.5994277108433
7.431455555555556 549.8488519637461
7.434244444444444 549.8838670694863
7.437036111111111 549.7301506024096
7.439825 549.9782228915661
7.444041666666666 550.4731927710842
7.446875 550.7206626506023
7.4496555555277775 550.9739577039273
7.452447222222222 551.0114803625377
7.455236111111111 550.8561144578312
7.458027777777778 551.1053614457829
7.462219444444444 551.6035843373492
7.465025 551.852801204819
7.467813888888889 551.9199999999998
7.470605555555555 551.987801204819
7.473394444444445 551.8601501501499
7.476183333305555 552.1397897897895
7.480263888888889 552.7385240963853
7.483072222222222 552.9887650602408
7.485861111111111 553.0568975903612
7.488652777777777 553.1261144578311
7.491441666666667 552.9954054054052
7.494233333333334 553.275195195195
7.498452777777778 553.8768975903612
7.5013 554.1271084337346
7.504088888888889 554.3912990936553
7.506880555555555 554.6266363636362
7.5096694444444445 554.6266363636362
7.512458333333333 555.0173860182368
7.5165444444444445 555.7140366972474
7.519336111111111 556.0195398773003
7.522125 556.2959999999998
7.524916666666667 556.5431790123455
7.527697222222222 556.5431790123455
7.530480555555555 556.947616099071
7.534594444444444 557.6702803738316
7.537388888888889 557.9879999999998
7.540177777777778 558.2762068965515
7.542969444444444 558.53465408805
7.545758333333334 558.53465408805
7.54855 558.9548895899052
7.552480555555555 559.7074920634917
7.555324999972222 560.0393949044583
7.558113888888889 560.3413418530348
7.5609055555277775 560.6130128205126
7.563694444444445 560.6130128205126
7.566486111111111 561.0490675241155
7.570488888861111 561.8321682847893
7.573361111111111 562.1786038961036
7.57615 562.4945928338759
7.578941666666666 562.7798039215684
7.581730555555556 562.7798039215684
7.584519444444444 563.2304590163931
7.588580555555556 564.0412211221118
7.591377777777778 564.4007284768209
7.594169444416667 564.7292691029896
7.596958333333333 565.026533333333
7.599747222222223 565.026533333333
7.602538888888889 565.4954180602003
7.606730555555556 566.3404377104374
7.609572222222222 566.7163175675672
7.612361111111111 567.0607118644064
7.61515 567.3732653061221
7.617933333333333 567.3732653061221
7.620725 567.8593856655286
7.624758333333333 568.7379725085907
7.627547222194444 569.1298620689652
7.630338888888889 569.4898615916951
7.633122222222222 569.8174652777775
7.6359111111111115 569.8174652777775
7.638702777777778 560.9891986062715
7.642747222222222 543.038596491228
7.645536111111111 533.9154225352113
7.648327777777777 524.6924028268552
7.651116666666667 515.3683333333336
7.653908333333334 515.3683333333336
7.656686111111111 515.4587544483987
7.660691666666667 515.533548387097
7.663536111111111 515.5171582733815
7.666325 515.46440433213
7.669113888888889 515.3748550724638
7.671905555555556 515.3748550724638
7.674686111111111 515.4687636363637
7.678916666666667 515.5483150183152
7.681705555555555 515.5331617647059
7.684494444444445 515.4808118081182
7.687286111111111 515.390888888889
7.690075 515.390888888889
7.692866666666666 515.4840520446098
7.697013888888889 515.5595880149815
7.699827777777778 515.541127819549
7.702619444444444 515.4846415094341
7.705408333333334 515.3896590909093
7.708197222222222 515.3896590909093
7.710988888888889 515.4851330798481
7.714930555555555 515.5621839080462
7.717825 515.5432307692311
7.720613888888889 515.4853667953671
7.723405555555556 515.3881007751942
7.726194444444444 515.3881007751942
7.728980555555555 515.488443579767
7.733058333333333 515.5727450980396
7.7358416666666665 515.5561811023626
7.738630555555556 515.4998023715419
7.741422222222222 515.4030952380956
7.744211111111111 515.4030952380956
7.747 515.504661354582
7.751352777777778 515.5889558232936
7.754177777777778 515.570846774194
7.756955555555556 515.5120242914984
7.759747222222222 515.4118699186996
7.762536111111111 515.4118699186996
7.765327777777777 515.5176734693882
7.769480555555556 515.6074897119346
7.772272222222222 515.5907024793393
7.775061111111111 515.5320746887971
7.7778527777777775 515.4311250000005
7.780641666666667 515.4311250000005
7.783433333333333 515.5378661087871
7.787447222222222 515.6265822784815
7.790266666666667 515.6076694915258
7.793055555555555 515.5458297872345
7.795847222222222 515.440555555556
7.7986361111111115 515.440555555556
7.801425 515.5497854077258
7.805408333333333 515.640692640693
7.808286111111111 515.6212173913049
7.811077777777777 515.5577292576423
7.813858333333333 515.4496491228075
7.81665 515.4496491228075
7.819438888888889 515.5617621145379
7.823477777777778 515.6548888888893
7.8262777777777774 515.6348214285719
7.829069444444444 515.5695067264578
7.831858333333333 515.4583783783788
7.83465 515.4583783783788
7.837438888888889 515.5715384615389
7.841433333333334 515.6620091324205
7.844280555555556 515.6387614678903
7.847063888888889 515.5690322580649
7.849852777777778 515.45212962963
7.8526444444444445 515.45212962963
7.855433333333333 515.568697674419
7.859480555555556 515.6636150234746
7.862297222222222 515.6407075471701
7.865086111111111 515.5699526066354
7.867869444444445 515.4508571428576
7.870658333333333 515.4508571428576
7.873438888888889 515.5656459330147
7.877552777777778 515.6522222222226
7.880344444444445 515.6231067961169
7.883127777777778 515.5446829268296
7.885916666666667 515.4162745098042
7.888708333333334 515.4162745098042
7.891497222222222 515.5335960591137
7.895505555555555 515.6218407960203
7.898361111111111 515.5913000000004
7.90115 515.5100000000004
7.903941666666666 515.3771212121216
7.906722222222222 515.3771212121216
7.909511111111111 515.4999492385791
7.9134722222222225 515.5943076923081
7.916355555555556 515.5647938144334
7.919147222222223 515.482953367876
7.921936111111111 515.3479166666671
7.924727777777778 515.3479166666671
7.9275166666666665 515.4726701570685
7.9316 515.5663492063495
7.934427777777778 515.533776595745
7.937219444444445 515.4471657754015
7.940008333333333 515.3055913978499
7.9428 515.3055913978499
7.945588888888889 515.4330270270274
7.949791666666667 515.5259016393447
7.952602777777778 515.490384615385
7.955394444444445 515.3990055248623
7.958183333333333 515.2507777777782
7.960975 515.2507777777782
7.963763888888889 515.3793854748609
7.967766666666667 515.4526404494386
7.970602777777778 515.4700000000004
7.973394444444445 515.430454545455
7.976183333333333 515.3330857142861
7.978975 515.1768965517246
7.981763888888889 515.3150867052027
7.985752777777778 515.396162790698
7.988644444444445 515.4194152046787
7.991422222222222 515.3838823529414
7.994213888888889 515.2884615384618
7.9970027777777775 515.1321428571431
7.999794444444444 515.2718562874254
