# OrderThroughputTimeAvg ItemThroughputRate ItemThroughputRateScore OrderTurnoverTimeAvg OrdersHandled TripDistance LateOrdersFractional OrderLatenessAvg ISIdleTimeAvg TimingDecisionsOverall InvCombinedAvgRank TimeMoving TimeQueueing DistanceTraveledPerBot ItemPileOneAvg OrderThroughputRate BundlesHandled OrderOffsetAvg OSIdleTimeAvg TripTime TripTimeWithoutQueueing 
89.67725020980134 1452 0.5758412471726997 439.7196171360817 473 16.373433562736505 0 0 1 1.0684860000000023 0 810.9120369897973 155.2584728216315 856.8763564498771 7.2027310924369745 946 0 -10233.840620592498 0.4863182686430074 20.08250751418661 17.115785103582184 
87.48851095045293 1480 0.5863062469676427 471.6455616598598 484 16.732967375854823 0 0 1 0.7762193999999984 0 820.6881288725441 138.5511532115365 867.3254756484749 7.32342001092001 968 0 -10172.719449985787 0.47603921079860584 20.110051989242752 17.437039387090923 
91.64812682908816 1496 0.5910152672382504 440.5684435285946 486 16.491440247263757 0 0 1 0.7087221 0 790.57363393593 166.56143578459577 838.3148792359076 7.646446078431372 972 0 -10210.325439281627 0.4688898067701947 20.38724230581881 17.110623896941515 
98.91429109846486 1490 0.5892919966475698 470.00179866166536 481 16.329053475778753 0 0 1 1.140149099999999 0 792.0269299641262 168.5028836046304 835.5032361773461 7.514285714285715 962 0 -10207.244505553888 0.47170497966928443 20.281931201179628 16.988715234965355 
85.03293608836753 1408 0.5592368697483799 446.8464395970937 465 16.782807178223695 0 0 1 0.9079606999999958 0 818.6266761705007 136.8353197914785 867.1117042082242 7.041459235209235 930 0 -10195.315377600695 0.5008314491188971 20.652084249236776 18.003658704885577 
87.74215739600565 1394 0.5551894370486674 466.836061148887 455 16.41165737732345 0 0 1 0.707594900000001 0 817.1779232601725 161.19173039309655 867.0825647685889 6.76750700280112 910 0 -10194.27244497272 0.5064035219712787 20.233569630521316 17.182622052103085 
99.78182111282582 1368 0.5441822900658724 482.4833231501183 443 17.032064727394825 0 0 1 0.8122777999999989 0 832.6898009709329 121.20541486843582 879.9900109153992 6.88514173998045 886 0 -10193.302999826297 0.5156848349636222 20.947234766415566 18.60132351089745 
87.97299610982715 1528 0.6024685625732662 450.0331132860267 502 16.81277863457406 0 0 1 0.6975675000000033 0 794.7239730424925 126.30339466212155 843.4410615011319 7.895187165775401 1004 0 -10196.641543584625 0.45752494522961307 20.57901077768908 18.06133513658367 
91.83244628285877 1462 0.5773735484046699 452.81612948216014 471 16.81876525179524 0 0 1 0.7605905999999971 0 801.7220923244735 140.2721548993325 843.7413901317278 7.69108939291495 942 0 -10197.749962615917 0.4820157051144112 21.01521225638637 18.219089567363127 
