# OrderThroughputTimeAvg ItemThroughputRate ItemThroughputRateScore OrderTurnoverTimeAvg OrdersHandled TripDistance LateOrdersFractional OrderLatenessAvg ISIdleTimeAvg TimingDecisionsOverall InvCombinedAvgRank TimeMoving TimeQueueing DistanceTraveledPerBot ItemPileOneAvg OrderThroughputRate BundlesHandled OrderOffsetAvg OSIdleTimeAvg TripTime TripTimeWithoutQueueing 
99.55962581142774 1344 0.5359900679555799 494.690409426669 445 16.920965016364097 0 0 1 0.7665553000000013 0 840.103297179768 143.35134319200216 891.1708241951757 6.641025641025641 890 0 -10156.785863401043 0.5233031324085654 20.412392602428408 17.690531655744824 
90.6160188828606 1484 0.586584829642602 447.6154932586258 492 16.87042422044808 0 0 1 0.6430564000000013 0 800.693162533988 163.1438419931836 846.3329483924787 7.582236022463726 984 0 -10196.343444453929 0.47368346290693575 20.78987971699033 17.537842999518233 
92.99321103208507 1520 0.601078703277879 459.8270990176881 485 16.543490188185025 0 0 1 0.7087588000000032 0 813.5747714683283 139.99221018678313 860.2614897856214 7.529708853238265 970 0 -10186.580931949904 0.4619038814400582 19.714242124289562 17.022084236082193 
89.7079819512083 1486 0.5872869537895938 482.00937002547107 479 16.955134088151198 0 0 1 0.7371717999999972 0 809.1780711402117 144.24740980505013 856.2342714516354 7.600396756943247 958 0 -10209.900112814159 0.4724219081996704 20.626507317823656 17.770122965248405 
86.98165158039782 1546 0.6091184906197064 455.9680260004482 508 16.222757311188648 0 0 1 0.7728654999999967 0 782.7678234746544 165.36421596001603 819.2492442150268 7.991854024112089 1016 0 -10217.667059373622 0.45290122918732395 20.294829768751864 17.02029083885056 
95.88656750140939 1472 0.5813543185781841 441.2515141406616 473 16.215925728539208 0 0 1 0.6612206000000012 0 772.0558946148777 187.48362194773014 808.0936321388705 7.684376976597091 946 0 -10219.878797343114 0.47729155273905294 21.159703254776808 17.397490105324028 
94.28656923250577 1462 0.5786277210674498 476.1789552327686 470 16.474681916746526 0 0 1 0.9745692999999968 0 815.0281914001501 139.77420876709144 853.9376793513616 7.431414277180406 940 0 -10169.771184915267 0.4812639931540538 20.232487066748003 17.53587853747936 
92.96326369604374 1466 0.5810905348427685 461.7447065436621 485 16.80866226743868 0 0 1 1.0541244000000014 0 818.6832875892055 143.5733224967142 868.4475504843318 7.259952465834819 970 0 -10183.54209868552 0.48087233709108695 20.240236628748757 17.461398128812352 
94.76896475326441 1448 0.5747399763571741 457.3693673013877 470 16.491309403796155 0 0 1 1.9257037000000008 0 818.2476851379433 131.19805675437638 863.0451921319988 7.111849588320177 940 0 -10198.945005274194 0.48635597512280543 20.099621028451697 17.592651791106924 
