# OrderThroughputTimeAvg ItemThroughputRate ItemThroughputRateScore OrderTurnoverTimeAvg OrdersHandled TripDistance LateOrdersFractional OrderLatenessAvg ISIdleTimeAvg TimingDecisionsOverall InvCombinedAvgRank TimeMoving TimeQueueing DistanceTraveledPerBot ItemPileOneAvg OrderThroughputRate BundlesHandled OrderOffsetAvg OSIdleTimeAvg TripTime TripTimeWithoutQueueing 
109.00747335332127 1322 0.5293101582922269 500.2250089356527 430 16.26532115559828 0 0 1 1.1462764999999964 0 837.745655341062 148.71329967188865 886.4600029801062 6.290612895876053 860 0 -10161.45723298034 0.5306182058804735 19.831240892691422 17.102556495042087 
102.25984594280617 1362 0.5436064323769386 479.6132371809277 449 16.55039353759935 0 0 1 0.8643156999999999 0 828.2018145467027 161.1075396555518 874.4124585698323 6.5667628667628675 898 0 -10170.985931725274 0.5176185625802434 20.42072864691389 17.371374584032782 
97.3442336617987 1400 0.5573660356290701 483.51320021980445 448 16.279114962765583 0 0 1 0.9117881999999978 0 815.6646620450127 162.0498593128821 854.653535545193 6.804617604617604 896 0 -10174.192096279045 0.5045130217294216 20.327811355982096 17.241147369070056 
88.341957078251 1356 0.5411132601017083 476.76867809198336 446 16.32063578940745 0 0 1 0.9733996000000021 0 826.8355285830503 143.36875424310927 867.7138028034962 6.583382848088731 892 0 -10193.94578987509 0.5179773715307433 20.2981478389128 17.601556850014195 
87.40319523075387 1382 0.5506957879308086 460.73008609706716 469 16.612103225565782 0 0 1 0.6927367999999993 0 825.7388912392918 159.2532443372011 874.9041032131313 6.717748917748918 938 0 -10192.196516378348 0.511241362073244 20.268441856729044 17.244646078174593 
95.52185410156116 1300 0.5194452096886373 474.401920201794 429 16.771871584382545 0 0 1 1.173117299999998 0 829.4462168481505 138.1327176903803 872.1373223878924 6.465668767507002 858 0 -10177.882814295788 0.5392677140373298 21.17370097521766 18.51730255809496 
98.59993029700266 1352 0.540006022901577 510.0203995527638 442 16.797023835999312 0 0 1 0.8568761000000013 0 853.2304965771665 131.08651754056908 901.4402791986298 6.5014005602240905 884 0 -10141.746587763324 0.5208746350456911 20.033811719121207 17.59120580221619 
85.90729492776079 1440 0.5720483849330429 467.86795457089505 479 16.185428795532907 0 0 1 0.8810739999999962 0 810.6924987539409 164.32053872483377 860.5252976291663 7.022982804232804 958 0 -10172.80759215466 0.4897505597445535 19.6452586996089 16.554590259643373 
94.40539313023102 1402 0.5576414427280825 456.1055092284471 457 16.71852482081713 0 0 1 0.8576423000000007 0 842.4961411288515 129.30006492524947 891.6546571102468 6.89695340501792 914 0 -10223.06955032874 0.5023088248822963 19.864221523636466 17.439845306288042 
