# OrderThroughputTimeAvg ItemThroughputRate ItemThroughputRateScore OrderTurnoverTimeAvg OrdersHandled TripDistance LateOrdersFractional OrderLatenessAvg ISIdleTimeAvg TimingDecisionsOverall InvCombinedAvgRank TimeMoving TimeQueueing DistanceTraveledPerBot ItemPileOneAvg OrderThroughputRate BundlesHandled OrderOffsetAvg OSIdleTimeAvg TripTime TripTimeWithoutQueueing 
104.00471765051346 1342 0.5357601219012716 463.90501327549714 443 16.49268365541887 0 0 1 0.8842695999999999 0 838.9759294279129 143.48398627676562 882.3585755649095 6.54367201426025 886 0 -10185.7204730794 0.5230785660854821 20.203676459735426 17.521732791010834 
97.39950341042791 1306 0.5241419609714618 496.4726051756442 434 16.22365521421271 0 0 1 0.7809649999999998 0 857.429049955952 128.66126503249285 900.4128643888052 6.0980320333261515 868 0 -10172.442478246425 0.5357433808478204 19.431365716653133 17.113144725076687 
102.30927183926117 1332 0.5340858519488085 459.5633702725929 431 16.427879191965204 0 0 1 0.9685311999999973 0 843.9800648780079 134.4701671556421 895.3194159621036 6.171471471471471 862 0 -10209.960636863643 0.5281925240062456 19.728954772997685 17.2616122563804 
93.03040713723904 1302 0.5229602005870106 471.0452854654045 431 16.108757836613442 0 0 1 0.8186453999999993 0 848.1434980440876 146.4288275600985 894.036059932046 6.034627484627485 862 0 -10189.286323356706 0.5377669979530267 19.47292259721528 16.834565343880172 
105.14156257514412 1308 0.524483254839966 505.5195692204859 438 16.105358316910902 0 0 1 0.8292431000000027 0 834.5659980440942 159.14142015269377 875.0578018854923 6.168300653594771 876 0 -10149.004176301993 0.5360368326077409 20.0229228306671 17.093939637672733 
104.07767932760835 1270 0.5107584837453577 493.6719899712398 412 16.281806886541187 0 0 1 0.7715005000000019 0 849.7513110444341 140.58591753667528 900.9266477219456 5.937301587301587 824 0 -10150.570093172008 0.549810504185754 19.825124481216896 17.284415128144452 
95.08458705428922 1376 0.5491801218425996 448.7062759902361 461 16.75478989125861 0 0 1 0.890324399999999 0 849.5294083381168 131.1792267966354 901.9661891460886 6.569094304388422 922 0 -10208.412625699686 0.511893760296933 19.84872484263701 17.411959019789293 
98.39403995382365 1300 0.5218399088844614 461.07863459484815 434 16.20241477484005 0 0 1 0.9039821000000003 0 852.2952813269964 144.45450457441214 896.5336175411494 6.082023199670258 868 0 -10177.391838097983 0.5384263361165359 19.625941971747718 17.015318395101716 
97.44229820335622 1290 0.5181887959527451 529.1570219813461 420 16.09690818825986 0 0 1 0.807936700000002 0 861.802420499955 132.7399122026903 906.7924946053054 6.02738416554206 840 0 -10119.7220512999 0.5427418375854571 19.30199469298151 16.94566489056689 
