# SectorTime station0 station1 station2 station3 station4
0 16.185061326779728 15.9176800327582 16.475350966815114 17.751152892165518 14.455925852909932
0.016627777777777776 16.156882326984526 15.898377531734507 16.454767082435477 17.71101269761868 14.430740670006495
0.033325 16.114373721944258 15.8671798022582 16.420618651224068 17.655686431073853 14.394836456956124
0.049902777777777775 16.114373721944258 15.8671798022582 16.420618651224068 17.655686431073853 14.394836456956124
0.06661111111111111 16.064441161494916 15.829909808074135 16.380796534031205 17.591303496826583 14.351360874888787
0.08332222222222223 15.966612823269994 15.75351494428596 16.30367758032012 17.45907320211902 14.259995251895909
0.099975 15.966612823269994 15.75351494428596 16.30367758032012 17.45907320211902 14.259995251895909
0.11664722222222222 15.843808639589117 15.65332994721828 16.201729637496253 17.295437770428546 14.140170940392615
0.133325 15.781146879599651 15.601535162246872 16.148266484398057 17.210939366058582 14.078884506023574
0.14995 15.781146879599651 15.601535162246872 16.148266484398057 17.210939366058582 14.078884506023574
0.16665555555555556 15.635725080594788 15.481135073031576 16.01826974532173 17.025039884787432 13.932760058575271
0.18333055555555555 15.556966598972508 15.415815307436368 15.94679650001938 16.92569272125424 13.854735716821526
0.19996388888888889 15.479672802097179 15.353432005713042 15.878653945755364 16.828583588201816 13.779044188523352
0.21659444444444445 15.479672802097179 15.353432005713042 15.878653945755364 16.828583588201816 13.779044188523352
0.23327777777777778 15.393771147504062 15.281763096492291 15.803760295473046 16.721873355136623 13.693535608481154
0.25 15.223165999215684 15.136323356174621 15.651571483322236 16.510920769211346 13.522195324888806
0.2665638888888889 15.223165999215684 15.136323356174621 15.651571483322236 16.510920769211346 13.522195324888806
0.283325 15.136196365622562 15.056610742393769 15.573517852771925 16.404125123562782 13.435715150287853
0.29996111108333334 14.948173853096872 14.8819570642722 15.40475376956522 16.180543123426283 13.25435329626696
0.3165777777777778 14.948173853096872 14.8819570642722 15.40475376956522 16.180543123426283 13.25435329626696
0.33325 14.854634104848493 14.79448741451218 15.320387507733237 16.07116954909335 13.164181484578908
0.3499305555555556 14.758115855534417 14.705130565905925 15.233680009243287 15.960767753348417 13.072560777503416
0.36665 14.657318755748499 14.61016010630517 15.141045137270659 15.846137604245563 12.977896147166812
0.3832527777777778 14.554664942746955 14.513741991091864 15.046874474303287 15.731116140014516 12.883344647534734
0.3999916666666667 14.35025288422282 14.322333191415797 14.857897220692259 15.504530098559442 12.697283630048622
0.41665 14.245344972648583 14.224656866861826 14.76061041435086 15.390719695745588 12.603450403633818
0.43328333333333335 14.137790746783883 14.126093717917746 14.661560303544013 15.276588576550742 12.509458320049793
0.449975 14.137790746783883 14.126093717917746 14.661560303544013 15.276588576550742 12.509458320049793
0.4665861111111111 14.028752273943367 14.026900401331789 14.56073270041453 15.161358089696126 12.414467659359278
0.483325 13.809529532126914 13.82385497626563 14.355452743122763 14.928833057142489 12.222936038482795
0.49999444444444446 13.699241625257864 13.720588339997907 14.25045875835241 14.809601985794545 12.12575810288821
0.5166111111111111 13.648530060947648 13.682598145664539 14.220224468841078 14.754815782331981 12.076241168043873
0.5332972222222222 13.373264147194963 13.42969445743794 13.971810698258055 14.453239891485193 11.829693429158652
0.5499972222222222 13.149637559418045 13.229644572877767 13.785879707494631 14.20825207811841 11.62496725655471
0.566625 13.093350259826925 13.18069537820072 13.744364209017471 14.144982173161292 11.570255834183257
0.5832388888888889 12.977387642502125 13.0666668394115 13.626873393104468 14.016294617167926 11.468943660675682
0.6 12.625617757863386 12.722457671226922 13.289230709437195 13.622965837568653 11.151967340092806
0.6165777777777778 12.625617757863386 12.722457671226922 13.289230709437195 13.622965837568653 11.151967340092806
0.6332805555555555 12.44548617891602 12.543159425612885 13.107681001834855 13.416269931135906 10.986996579858891
0.6499555555555555 12.077879341309181 12.178629511082969 12.730501514655368 12.992765657631631 10.651227349089659
0.6666138888888888 12.077879341309181 12.178629511082969 12.730501514655368 12.992765657631631 10.651227349089659
0.6833249999722222 11.763421236686893 11.870783125655382 12.4005199491079 12.638306084675655 10.373538296185753
0.6999305555555555 11.690827463647546 11.803153320606782 12.328623853021604 12.551722297198028 10.305160759852338
0.7166388888888889 11.28806260576641 11.414031873578358 11.909812483512559 12.089151237766503 9.9467628270358
0.7333083333333333 11.20511759600282 11.33822964031081 11.828931030998906 11.991663816526799 9.871515355691258
0.7499611111111111 10.950851445314205 11.088342329699529 11.559676461676537 11.709423472815537 9.654962939657665
0.7666527777777777 10.773798509783221 10.925530057898627 11.387049429426813 11.498394349565363 9.498093591996833
0.7833277777777777 10.422968197450071 10.583785621150987 11.021344642885518 11.09727696050089 9.19406246580072
0.7999416666666667 10.295815713338866 10.457821922443594 10.88656850119887 10.956064769891587 9.085143408984313
0.8165972222222222 10.096919116973321 10.272718687714942 10.691785973740373 10.720746315187117 8.907469266500906
0.8332944444444444 9.85827504917671 10.043001173590646 10.447605182779922 10.448994902757736 8.699164181755147
0.8499944444444445 9.48421750169154 9.682625685990477 10.062465357838166 10.029143758067374 8.374583839321884
0.8666666666666667 9.239161806021091 9.447889452278835 9.813411133374105 9.7526988232208 8.159976861600153
0.8833083333333334 8.988370401408936 9.2085917583585 9.560570462514564 9.472158990935686 7.94083640038422
0.8999888888888888 8.988370401408936 9.2085917583585 9.560570462514564 9.472158990935686 7.94083640038422
0.9166333333333333 8.596956480273068 8.83294171959753 9.16067040028755 9.045442027845336 7.601667199583088
0.9332722222222222 8.3395276017074 8.587548776072364 8.899219945340729 8.76356695586008 7.376540505530031
0.9499861111111111 8.078066449936554 8.344605142552362 8.641863737719213 8.47009286515774 7.143095848268783
0.966625 7.811788428361304 8.087301949851097 8.368844688496338 8.180456514129004 6.908635873430003
0.9833083333333333 7.559489354207381 7.832527022533576 8.098827922753289 7.913884169403462 6.689227046978746
0.9999888888888889 7.30510881134256 7.58166255957559 7.836519403538023 7.639289526386352 6.464054602295416
1.0166194444444445 7.034183538114012 7.3198295038012695 7.565954996915342 7.339352503755751 6.219532418766671
1.0332722222222221 6.916947145812112 7.198110123182359 7.439855746966753 7.217029962026488 6.116151322898337
1.0499416666666668 6.561684104722476 6.836356638228282 7.066614360090921 6.838304128195901 5.798740618599277
1.0666305555555555 6.295293811997374 6.573584470262451 6.794545173408184 6.547981391566711 5.55920257196365
1.0833 5.953983359575195 6.2251358402025225 6.433524976073602 6.187459479485042 5.256549195764255
1.0999388888888888 5.856377074991996 6.123084432986087 6.328057353515018 6.0860257175262715 5.170376258128776
1.1166138888888888 5.499538915130752 5.763469173535856 5.9546360871847135 5.709126146151709 4.8571047513198105
1.1333111111111112 5.276205581797417 5.536246951313633 5.719358309406936 5.4757928128183755 4.661271417986476
1.1499333333333333 5.276205581797417 5.536246951313633 5.719358309406936 5.4757928128183755 4.661271417986476
1.1666305555555556 4.849538915130749 5.098469173535856 5.26991386496249 5.02912614615171 4.291826973542032
1.183275 4.849538915130749 5.098469173535856 5.26991386496249 5.02912614615171 4.291826973542032
1.1999972222222222 4.44018554536754 4.6739518693464195 4.8360295298076625 4.602418495878483 3.9375646784600673
1.2165722222222222 4.44018554536754 4.6739518693464195 4.8360295298076625 4.602418495878483 3.9375646784600673
1.2333305555555556 4.050835262881664 4.268358649007439 4.417832731314253 4.199066330153437 3.6053659967274863
1.2499305555555555 4.050835262881664 4.268358649007439 4.417832731314253 4.199066330153437 3.6053659967274863
1.2666611110833332 3.677263900466179 3.8828997252323174 4.016475872927665 3.8130053872989413 3.2879028125096488
1.2833194444444445 3.616980885704438 3.8192456313760497 3.9506320061583593 3.7504971022612534 3.2340027664029334
1.2999277777777778 3.5003194560217348 3.7017886141212055 3.8242536507054425 3.6293942761878304 3.136791701398538
1.316638888888889 3.1550892994967734 3.3485052946806206 3.4487419344879746 3.2702621098453273 2.8423951097527107
1.333325 3.0402229589826426 3.2317462634787115 3.322478152280216 3.148729637705389 2.746647138329387
1.3499472222222222 2.989552576332932 3.1778838257540665 3.267103516408879 3.096250810410299 2.700869686023897
1.3666611110833333 2.784532588742774 2.965678079976678 3.0427794150469842 2.8815581741740646 2.522986576416948
1.3832777777777778 2.6773303541107096 2.856772714642957 2.9243257386311003 2.7670841437436327 2.4322585749127854
1.3999944444166668 2.379552576332933 2.5484393813096244 2.595992405297768 2.450417477076967 2.1733696860238956
1.4166055555555555 2.379552576332933 2.5484393813096244 2.595992405297768 2.450417477076967 2.1733696860238956
1.4332555555555555 2.20160237285099 2.361539407576787 2.399175545119546 2.2605557554694165 2.015730462469082
1.4499916666666666 2.0062615478561994 2.1538044937152976 2.1766338107101313 2.040939573610372 1.8426043486655894
1.466663888888889 1.8465526689512517 1.9834444753172176 1.9979836991756974 1.8682233490784477 1.6988999259053439
1.4832333333333334 1.8465526689512517 1.9834444753172176 1.9979836991756974 1.8682233490784477 1.6988999259053439
1.499961111111111 1.6961523161412475 1.823006390664073 1.8297824076815514 1.7056429609317705 1.563551123035087
1.5166611110833332 1.4928294124911239 1.6079234972677592 1.6003639899972213 1.4852882745207003 1.3832798462535887
1.5333305555555556 1.3811627458244573 1.4898679417122038 1.475086212219444 1.3661216078540335 1.2835576240313664
1.5499277777777778 1.3585207335978269 1.4654438770939708 1.4509044710355186 1.343726171659705 1.262515695768557
1.5666472222222223 1.1927714540919245 1.2943147264698445 1.266025481026588 1.1653674985047637 1.1155426099214625
1.583288888888889 1.172891929857059 1.2727428143620139 1.2449250563428116 1.1459447068630175 1.096950233089438
1.5999249999722223 1.076225263190392 1.1741317032509027 1.1402028341205896 1.0445558179741288 1.0102835664227718
1.6165777777777777 0.9811432959772777 1.0771371677317774 1.0371973696397148 0.9448290420178445 0.9250376647834275
1.633238888888889 0.8919766293106108 0.9871371677317776 0.9433084807508257 0.8537179309067333 0.8461487758945386
1.6499388888888888 0.7342135213328247 0.8287270632300564 0.779635743136433 0.6930464834079774 0.7073829359379489
1.6666277777777778 0.7219766293106109 0.8149149455095555 0.7666418140841592 0.6814957086845111 0.6955932203389831
1.683286111111111 0.5805412049486439 0.6694050293317513 0.6214436527409528 0.537114280018147 0.5683998850904913
1.699988888888889 0.5615070670814754 0.6474573234520217 0.6010684510117412 0.5195039757552569 0.5497638232842457
1.7166583333333334 0.4364210737550554 0.5171371677317773 0.4733084807508258 0.39538459757340016 0.436704331450094
1.7333166666388888 0.4292666299230053 0.5086595092443712 0.4655493253286811 0.3889028828590821 0.4295452440492728
1.7499527777777777 0.3214210737550554 0.3932482788428884 0.35275292519527024 0.28260681979562224 0.3278154425612051
1.7666611110833332 0.31615187582464466 0.3868015857471033 0.3469700903560035 0.2779739211104481 0.32244141891266076
1.7833083333333333 0.26779122008693984 0.3346157933973766 0.2966968663122877 0.23343840198476506 0.27653977956839854
1.7999555555555555 0.18249082058261631 0.24373586197044692 0.20817144749875588 0.15397081424061615 0.19601403716977253
1.8166027777777778 0.1794493069062394 0.23967359760427281 0.2047019233737766 0.15140463400327253 0.1927471365502763
1.8333305555555555 0.1139408323299682 0.16407096106943284 0.13414636781822112 0.09373985057577719 0.12835448118304466
1.8499666666666668 0.0839408323299682 0.12851540551387727 0.10136859004044335 0.0676287394646661 0.09863225896082244
1.866638888888889 0.08256475311144414 0.1264085955874203 0.09970680987584592 0.0665200716045896 0.09701533668277616
1.8832861111111112 0.03917943308169407 0.0732980598816683 0.050451710534784464 0.02987066401056163 0.05327240931646111
1.8999583333333334 0.0385264425303325 0.07207642555030717 0.049610848692538054 0.029372819610385605 0.05238453582785342
1.9166611111111111 0.015748664752554722 0.035965314439196074 0.020166404248093607 0.010483930721496714 0.025162313605631197
1.9332527777777777 0.015490489920545629 0.03537571912052073 0.019835807457141252 0.010312063004750864 0.024749816661276586
1.9499972222222222 0.004435336976320582 0.013565573770491803 0.005264116575591986 0.0019398907103825138 0.009685792349726777
1.9665916666666667 0.004435336976320582 0.013565573770491803 0.005264116575591986 0.0019398907103825138 0.009685792349726777
1.983325 0.000546448087431694 0.0030100182149362473 0.000819672131147541 0.000273224043715847 0.002463570127504554
1.9998972222222222 0.000546448087431694 0.0030100182149362473 0.000819672131147541 0.000273224043715847 0.002463570127504554
2.0166583333333334 0 0.000273224043715847 0 0 0.000273224043715847
2.0333277777777776 0 0 0 0 0
2.0499 0 0 0 0 0
2.0666583333333333 0.0038888888888888888 0.0044444444444444444 0.005 0.005 0.005
2.0833055555555555 0.016183970856102004 0.01728597449908925 0.018934426229508198 0.019754098360655736 0.020027322404371585
2.099988888888889 0.028683970856102005 0.030341530054644808 0.03310109289617487 0.03475409836065573 0.035305100182149364
2.1166 0.04535063752276867 0.0478415300546448 0.05254553734061931 0.054754098360655735 0.05613843351548269
2.1333305555555557 0.07239981785063752 0.07407103825136611 0.08287340619307833 0.08562841530054645 0.08673952641165755
2.149977777777778 0.07362693340742799 0.07532647957766046 0.08427804019635085 0.08707974437343707 0.08820968787626192
2.1666583333333334 0.13739981785063754 0.13740437158469945 0.15509562841530053 0.1600728597449909 0.15896174863387977
2.1833222222222224 0.17545537340619308 0.17351548269581055 0.19620673952641166 0.20285063752276866 0.20007285974499087
2.199977777777778 0.21492878258532655 0.21110812505598853 0.2391650989877273 0.24706620084206754 0.24242139209889813
2.216658333333333 0.21851092896174865 0.21462659380692167 0.24315118397085608 0.251183970856102 0.24646174863387976
2.2333083333333335 0.32039326345964353 0.31110812505598856 0.35391919734838306 0.36345964346501836 0.35498969810982706
2.2499416666666665 0.3257331511839709 0.31629326047358836 0.35981785063752275 0.36951730418943535 0.36090619307832417
2.2665694444444444 0.3896220400728598 0.3768488160291439 0.4292622950819672 0.4397950819672131 0.4295173041894353
2.2833083333333333 0.4545937914852891 0.4384307369330987 0.4998837640085209 0.5112640085208855 0.4992913154888703
2.2999916666666667 0.6082732086073293 0.5841229045105122 0.6618418696551511 0.67872757864839 0.6659169985489797
2.316638888888889 0.6888287641628849 0.6605117933994011 0.74573075854404 0.7656720230928344 0.7531392207712019
2.333286111111111 0.6888287641628849 0.6605117933994011 0.74573075854404 0.7656720230928344 0.7531392207712019
2.3499583333333334 0.77724684325893 0.7427151832299096 0.8355612670186162 0.8588923620758853 0.8477719891327838
2.3666194444444444 0.8780801765922633 0.8324374054521317 0.9333390447963941 0.9602812509647742 0.9527719891327837
2.3833083333333334 1.0976065882498225 1.0244228335031336 1.1421231978018584 1.1770572072489274 1.179456870735698
2.3999722222222224 1.1162100897455822 1.0417859323760679 1.161481218103585 1.1970073294056887 1.199447665154947
2.416627777777778 1.3145857152184048 1.2114541531724812 1.3468971344499152 1.3878158322667045 1.4032909111061511
2.4332305555277776 1.3364954771387116 1.2316450557253558 1.3693454200240807 1.4109460961378162 1.4266790929579203
2.4499333333333335 1.4676065882498226 1.3455339446142447 1.4940676422463028 1.5381683183600385 1.5630679818468094
2.466655555527778 1.7433397394337935 1.5862853107344634 1.7585029792226232 1.804261214534902 1.852289293322219
2.4833166666666666 1.7433397394337935 1.5862853107344634 1.7585029792226232 1.804261214534902 1.852289293322219
2.499947222222222 1.9226053847349311 1.7439624628938046 1.9320934251981479 1.9783447379450982 2.0415936316271153
2.5166305555555555 2.0433397394337933 1.8485075329566856 2.0468363125559565 2.0914834367571244 2.16840040443333
2.5333111111111113 2.321864224579688 2.090881726405483 2.31382806699493 2.354464582602636 2.4601752611912535
2.549916666666667 2.400571486429847 2.161759073063296 2.3922629167235714 2.434276941334929 2.5435710327570584
2.5665694444444442 2.527228628322683 2.2714924670433145 2.513126331388348 2.552180235250533 2.676319425148961
2.5833055555555555 2.8322467382408902 2.540812262665555 2.8030750800541124 2.834931378934951 2.991461729654715
2.599988888861111 2.879450850544905 2.583159133709981 2.8497929980550145 2.8821802352505332 3.0413194251489606
2.6165527777777777 3.068061961656016 2.7501035781544254 3.029237442499459 3.057735790806089 3.2340972029267383
2.6332944444444446 3.398232660256265 3.0419560989163656 3.341312553426346 3.360808937516038 3.5684460771586517
2.649988888861111 3.6557032045938693 3.2709887005649714 3.5875566515390074 3.60210019758575 3.8309757340001847
2.6665861110833333 3.6557032045938693 3.2709887005649714 3.5875566515390074 3.60210019758575 3.8309757340001847
2.683308333333333 3.8673698712605358 3.460433145009416 3.7886677626501184 3.7979335309190834 4.044031289555741
2.699911111111111 4.084592093482758 3.655433145009416 3.995056651539007 3.9990446420301944 4.262642400666851
2.7166638888888888 4.529036537927202 4.055433145009416 4.417834429316785 4.411822419807972 4.711531289555739
2.7332944444444442 4.529036537927202 4.055433145009416 4.417834429316785 4.411822419807972 4.711531289555739
2.7499694444444445 4.995147649038314 4.478766478342749 4.862278873761229 4.84460019758575 5.1837535117779625
2.7665888888888888 5.079811168513539 4.554677774585846 4.944690380096165 4.926712065341441 5.271613740791148
2.7833222221944443 5.481969682936619 4.922730696798493 5.325852320088912 5.297811120372944 5.677294001420147
2.7999888888611113 5.639346691628063 5.069119685644312 5.473695106564208 5.441007444387255 5.835231401558113
2.816597222222222 5.733335803155198 5.1536050137383835 5.564923358340279 5.531690901793709 5.932485258250749
2.8333305555555555 6.096047709423365 5.485869505496661 5.911786466108757 5.872906001824112 6.302809867147654
2.8499944444444445 6.528322141953012 5.890563119385013 6.321512611527892 6.273913124015932 6.741005294680621
2.8666583333333335 6.800453289493996 6.145754376215615 6.581895125189094 6.529377604890248 7.01805447500849
2.8833083333333334 6.9614778391690475 6.3019244872209494 6.735752797149176 6.67872132058541 7.181155436315795
2.8999972222222223 7.359742906980334 6.674169676762063 7.119326819178165 7.055880337130686 7.588546278287179
2.9165666666666668 7.359742906980334 6.674169676762063 7.119326819178165 7.055880337130686 7.588546278287179
2.9333222221944446 7.9440370782007355 7.230631425395942 7.68240514340403 7.606294726930321 8.184689265536724
2.9499416666666667 8.241259300422957 7.514242536507053 7.969071810070697 7.886016949152545 8.48774482109228
2.9666527777777776 8.403970896590888 7.674938014050653 8.124770086408335 8.03597295545059 8.652153375937761
2.983325 8.8507037448674 8.096186980951497 8.555182921181807 8.456850282485878 9.109967043314501
3 9.160703744867401 8.393686980951498 8.85351625451514 8.746850282485877 9.428022598870058
3.0166583333333334 9.470266586397457 8.693413756907782 9.15160368620913 9.035648096693528 9.749060850236178
3.0332194444444442 9.470266586397457 8.693413756907782 9.15160368620913 9.035648096693528 9.749060850236178
3.0499888888611113 9.95281347769233 9.154036588945768 9.616885104619453 9.48851218872788 10.249892390070688
3.0666333333055555 10.410822141953014 9.609802645796671 10.054381463986909 9.907036985582417 10.729060850236177
3.0832694444444444 10.410822141953014 9.609802645796671 10.054381463986909 9.907036985582417 10.729060850236177
3.0999916666666665 11.003155120249454 10.191217236269333 10.617636303294123 10.444269704547564 11.344725618227285
3.1166388888888887 11.17270012228758 10.34615312162983 10.777822229338657 10.600952241912776 11.51582266260402
3.1332305555277777 11.288465854712731 10.473152264517921 10.8854799944429 10.699410947485415 11.640841437436325
3.1499277777777777 11.552527785495974 10.738311645210088 11.132096570034884 10.933258852767747 11.918018122317928
3.166655555527778 12.059750007718195 11.247756089654532 11.603207681145994 11.376592186101078 12.45135145565126
3.183325 12.302250007718195 11.493589422987863 11.82876323670155 11.587147741656635 12.708018122317927
3.1999805555555554 12.530232703528759 11.724882683461454 12.038376169306286 11.78253025531784 12.949334151461825
3.216661111111111 12.530232703528759 11.724882683461454 12.038376169306286 11.78253025531784 12.949334151461825
3.233325 12.948666219011454 12.153279769071652 12.416509138340896 12.134201475718564 13.393605554011915
3.249963888888889 12.948666219011454 12.153279769071652 12.416509138340896 12.134201475718564 13.393605554011915
3.266625 13.296129967049856 12.49692436536828 12.726891415223625 12.425377733614013 13.754743941741506
3.283263888888889 13.32425002315458 12.541142292612141 12.747832113858786 12.438288104720447 13.789664876045814
3.299986111111111 13.508986406363638 12.749045272138433 12.906207704933216 12.571638752112381 13.987585804800057
3.316666666666667 13.808498657034361 13.047708777129447 13.175127195826 12.814440199438117 14.295238646537618
3.3333333333333335 13.947949430397331 13.19883872063227 13.301143681886943 12.92231275662993 14.44240915686456
3.349925 13.94060599711213 13.211426064009885 13.29402110786694 12.906919651329986 14.44198714882853
3.3666222222222224 14.055633319516502 13.347764861824093 13.404403621528141 12.99872293001851 14.568763105112682
3.3833083333333334 14.153599815978026 13.47120838059145 13.502186475599627 13.077088960655436 14.679844355672566
3.3999916666666667 14.24532247117824 13.59056697595112 13.59409277318988 13.149932282343151 14.783924799997568
3.416663888888889 14.439757262819915 13.820783165076715 13.784422370411532 13.311438439690034 14.994849958321755
3.433308333333333 14.392930641025055 13.799950654173818 13.744787031005878 13.264802836853587 14.954224002720851
3.4499055555555556 14.501701707264361 13.916060942854493 13.849144592633756 13.358660661912259 15.067072180543978
3.4666305555555557 14.547535040597694 13.995783165076714 13.895811259300421 13.391438439690036 15.120961069432864
3.4832833333333335 14.585135222747056 14.068642910067606 13.933598144546322 13.416456654626284 15.163961980179677
3.4999444444444445 14.60930188941372 14.12947624340094 13.958598144546322 13.430345543515172 15.192295313513009
3.516566666666667 14.545761421281256 14.129266250339725 13.901626590264142 13.361542064659732 15.135317794712249
3.533325 14.630968556080388 14.266976243400942 13.98276481121299 13.42701221018184 15.227295313513007
3.5499916666666667 14.616487681763452 14.293071455033802 13.969298107498993 13.406515775987156 15.216088496804664
3.566577777777778 14.616487681763452 14.293071455033802 13.969298107498993 13.406515775987156 15.216088496804664
3.5832777777777776 14.65094792495718 14.383349502294264 14.005500900281463 13.431484969930445 15.261841409179883
3.599936111111111 14.543432126207895 14.300293677256027 13.90596477416566 13.333460220431602 15.158866274582442
3.6166416666666668 14.535267564907386 14.353918304362638 13.904102834591528 13.321961844391806 15.168970586619317
3.6333333333333333 14.343208916056929 14.230082507486651 13.73008181284925 13.148590349171064 14.998285557716645
3.65 14.258222577259113 14.189180868142389 13.654826803741779 13.07232896483591 14.928836559538139
3.6666055555555555 14.258222577259113 14.189180868142389 13.654826803741779 13.07232896483591 14.928836559538139
3.683316666666667 14.153500355036892 14.128347534809057 13.560382359297334 12.976773409280353 14.841614337315917
3.6999416666666667 13.907268108779455 13.947008504183772 13.334529096576615 12.75311045721565 14.619893883698717
3.716666666666667 13.791000355036893 13.897514201475722 13.230382359297336 12.642606742613689 14.52911433731592
3.7333055555555554 13.654809092386015 13.780068613473388 13.103108331549294 12.51895745175117 14.398035960201453
3.7499861111111112 13.501833688370226 13.692791979253498 12.96260458151956 12.374551187058135 14.268558781760364
3.7666444444444442 13.337866845728751 13.57051264240067 12.81076610786947 12.221240082121579 14.118424485196503
3.783325 13.168144623506532 13.44301264240067 12.653543885647249 12.062906748788246 13.961757818529836
3.7999555555555555 13.018922150506292 13.309440008381204 12.51383247016096 11.926696775212303 13.815649990814082
3.8166583333333333 12.832681892511127 13.162974004618771 12.341298205178427 11.753087530385644 13.641503256065361
3.833327777777778 12.63148149835185 13.000799857884024 12.154547331757305 11.564804810686638 13.451791708990202
3.8499055555555555 12.57561730110216 12.97053541107098 12.103512009508815 11.508662668642526 13.404877126362262
3.8666027777777776 12.35479762897101 12.786077305424348 11.897756089654534 11.30060711308697 13.1949682010435
3.883286111111111 11.966427301451374 12.439817147143183 11.530602155729353 10.93507265983113 12.817795471419656
3.899963888888889 11.888818576147695 12.385945247136553 11.456658639745607 10.856668133123398 12.748638510697416
3.916661111111111 11.478601448186124 12.011321223108425 11.06482234743409 10.468020792053649 12.347912823385974
3.9332861111111113 11.377967027878116 11.934009910160233 10.968124942113548 10.367210027476766 12.255655814886852
3.9499333333333335 10.831172856657712 11.440325939304131 10.441713284554348 9.845128971010466 11.726179494303974
3.966666666666667 10.543968849371737 11.180676576826901 10.16699561606619 9.573261940045075 11.44734980395789
3.9833333333333334 10.24905081658485 10.911660183384278 9.884563922077117 9.29533388904325 11.158602080824922
3.9999583333333333 9.947520761940043 10.634378762619251 9.595520206230125 9.011344818005 10.861038328548057
4.016558333333333 9.947520761940043 10.634378762619251 9.595520206230125 9.011344818005 10.861038328548057
4.033266666666667 9.641846809298876 10.347985319996297 9.302154996758356 8.72504700379735 10.552500077181936
4.049991666666667 9.176165890039277 9.895179596032293 8.855171442583469 8.294878130992672 10.072552636813201
4.066622222222223 8.702143882559968 9.454425303324996 8.401345975734001 7.851732657219598 9.591712667098882
4.0833305555555555 8.391400157451145 9.153702880429744 8.103869824951376 7.565856951004909 9.270952270692474
4.1 8.085289046340034 8.854763900466176 7.810809715661758 7.284745839893798 8.952300175974804
4.116661111111111 7.78331164521009 8.556995538884253 7.523521580068538 7.009604596955945 8.636462134543544
4.133297222222223 7.6557163723377935 8.41726337158014 7.400185160723153 6.894693046186175 8.495154012119333
4.149980555555556 7.369377574523586 8.130651349722218 7.127780789138454 6.634310532524974 8.192421771682174
4.166661111111111 6.919978311876758 7.693384427773145 6.7032438022907606 6.227104596955946 7.723406578987989
4.183319444444445 6.639422756321201 7.411439983328701 6.436577135624094 5.973771263622612 7.425628801210211
4.199891666666667 6.639422756321201 7.411439983328701 6.436577135624094 5.973771263622612 7.425628801210211
4.2166194444444445 6.36838450495508 7.139035611744001 6.180019758574914 5.730055416628076 7.137923883177424
4.233255555555556 6.1033845049550814 6.871813389521779 5.9305753141304685 5.493110972183632 6.856257216510757
4.249977777777778 5.842728767250162 6.608971859467134 5.685220122873637 5.2600508628940155 6.579208036182889
4.266641666666667 5.4963998803553515 6.247349369967673 5.357593563482266 4.951689373338375 6.205505172201749
4.283322222222222 5.338284322805718 6.098971859467135 5.21383123398475 4.814217529560681 6.044763591738446
4.299908333333334 5.010607530628575 5.755546091279149 4.903768426870246 4.524640193010505 5.691843970015958
4.316658333333334 4.774380709881464 5.516094330999656 4.682860068901958 4.317437828054849 5.442179901217249
4.3333 4.5440662782770564 5.282286214901832 4.466251630310182 4.115072872397767 5.198696966522275
4.349983333333333 4.166931863789325 4.904213207372419 4.110397718502054 3.782842301873977 4.80326085949801
4.366655555555556 3.949154086011547 4.675879874039086 3.900397718502054 3.5881200796517545 4.5693719706091205
4.383272222222222 3.884413855093325 4.599226105612216 3.8364567722971024 3.529298439001726 4.49446423338602
4.399983333333333 3.536777036831219 4.237045629958939 3.498762927973821 3.2176146151708807 4.123939365873236
4.416588888888889 3.536777036831219 4.237045629958939 3.498762927973821 3.2176146151708807 4.123939365873236
4.4333277777777775 3.147819841931401 3.8169500015436384 3.118334876971999 2.866940662529715 3.7035796208823433
4.449911111111111 3.147819841931401 3.8169500015436384 3.118334876971999 2.866940662529715 3.7035796208823433
4.466627777777778 2.9169812652877165 3.5587486353981146 2.892897693196501 2.6581930013953485 3.449695801960775
4.483322222222222 2.742937549440722 3.367491804797022 2.724045234180108 2.5013624003024524 3.2630837801028516
4.49995 2.5743583144680446 3.181153006982814 2.5603840319943156 2.34890338390901 3.082482687206676
4.516655555555555 2.2855976197091783 2.865283334876972 2.2813904325275542 2.088051773640826 2.77774628754901
4.533277777777778 2.161624698009334 2.7313615834907066 2.1624309483331055 1.9759848545499925 2.6494030042871293
4.549966666666666 2.125597619709178 2.685838890432528 2.1263904325275536 1.943051773640826 2.60524628754901
4.566602777777778 1.9410608137961822 2.4727681641986163 1.9466780389816842 1.775482260555072 2.4012903553962315
4.5833055555555555 1.8008968793699527 2.3132053226685616 1.8095195690363293 1.6465205119211923 2.24746521878421
4.599980555555556 1.6664706498617559 2.159106962012824 1.6778255799652908 1.5227500201179138 2.098558114959074
4.616622222222222 1.564245160692785 2.0439809669352598 1.5774560062980458 1.4275736315643235 1.9874229724306138
4.633288888888889 1.4406340495816738 1.8987031891574817 1.4549560062980456 1.3120180760087679 1.8463118613195026
4.64995 1.319049350128122 1.7558070142940942 1.3344642030193572 1.1983568738229755 1.7075140471118524
4.666661111111111 1.183477726812396 1.5918445773492027 1.1991773671192816 1.0714824397183795 1.5481057276080032
4.683247222222223 1.096257911148158 1.4897642091939118 1.1124969899046029 0.9890627026025746 1.44807415640147
4.699997222222223 0.8934801333703805 1.2436530980828004 0.9097192121268252 0.7990627026025745 1.2075186008459142
4.716638888888889 0.7970912444814916 1.1255975425272453 0.8133303232379363 0.7093404803803524 1.0930741564014697
4.733330555555556 0.7057023555926029 1.013375320305023 0.7222192121268252 0.6243404803803525 0.9841852675125805
4.749994444444445 0.6201468000370471 0.9069864314161343 0.6366636565712696 0.5446182581581304 0.8814074897348027
4.766555555555556 0.6201468000370471 0.9069864314161343 0.6366636565712696 0.5446182581581304 0.8814074897348027
4.783330555555556 0.467013831002439 0.7128015498132199 0.4821509061158965 0.4030517736408262 0.6946679633231452
4.7999 0.467013831002439 0.7128015498132199 0.4821509061158965 0.4030517736408262 0.6946679633231452
4.816638888888889 0.3992542681609089 0.6245501836930011 0.4132984470995031 0.34048346762989723 0.6105149578586644
4.833291666666667 0.3372324102374117 0.542582970578247 0.3496372449137107 0.2831064184495693 0.5323728813559322
4.84995 0.28067503318823134 0.4666266864252416 0.2911672995585194 0.23119385014355842 0.45996850977123266
4.866586111111111 0.23400836652156468 0.40190446420301934 0.2422784106696304 0.18924940569911397 0.3977462875490105
4.883238888888889 0.1920639220771202 0.34329335309190817 0.19922285511407486 0.1528605168102251 0.34052406532678836
4.899980555555556 0.14833484407478095 0.2809604064274077 0.15430143770962484 0.11514901680339255 0.27958024162753164
4.9166083333333335 0.08895636421290909 0.19613420551534244 0.09456024350769122 0.06651000042384654 0.19470725546801296
4.933294444444445 0.08603976210756781 0.18970357582631484 0.09145990765498004 0.06432934467224502 0.18832341102643876
4.949991666666667 0.04469598036491618 0.12397641320119786 0.05076201722700749 0.03262372263900466 0.11979546787687936
4.966591666666667 0.04469598036491618 0.12397641320119786 0.05076201722700749 0.03262372263900466 0.11979546787687936
4.983313888888889 0.028644796596504495 0.09345704711539483 0.03380515534825247 0.020264129228367928 0.0885384069952643
4.999938888888889 0.017373575993331482 0.07069772467660769 0.021800268593127725 0.011585471272884444 0.06515065913370997
5.016580555555556 0.008903630638140226 0.05047914544163502 0.012510651106788923 0.00557454231113581 0.04465885585502146
5.033297222222222 0.0030373406193078324 0.02697632058287796 0.004963570127504553 0.001662112932604736 0.023119307832422584
5.049980555555556 0.001092896174863388 0.016976320582877957 0.0021857923497267755 0.000273224043715847 0.014230418943533697
5.066594444444444 0.001092896174863388 0.016976320582877957 0.0021857923497267755 0.000273224043715847 0.014230418943533697
5.083236111111111 0.000273224043715847 0.009872495446265938 0.000819672131147541 0 0.007946265938069217
5.099955555555556 0 0.005227686703096539 0.000273224043715847 0 0.0038479052823315115
5.116655555555556 0 0.0005649717514124294 0 0 0.0002824858757062147
5.1333 0.008333333333333333 0.01111111111111111 0.01388888888888889 0.008333333333333333 0.009444444444444445
5.149966666666667 0.00847457627118644 0.011299435028248588 0.014124293785310734 0.00847457627118644 0.009604519774011298
5.1665777777777775 0.03278688524590164 0.042622950819672135 0.055191256830601096 0.03278688524590164 0.03715846994535519
5.183305555555555 0.050277777777777775 0.06472222222222222 0.08444444444444445 0.05 0.056666666666666664
5.199988888888889 0.050277777777777775 0.06472222222222222 0.08444444444444445 0.05 0.056666666666666664
5.216586111111111 0.07694444444444445 0.09722222222222224 0.12611111111111112 0.0761111111111111 0.08499999999999999
5.233225 0.10833333333333334 0.13527777777777777 0.1738888888888889 0.10749999999999998 0.11805555555555555
5.249958333333334 0.1759562841530055 0.21885245901639347 0.2781420765027322 0.1773224043715847 0.18989071038251365
5.266566666666667 0.1819209039548023 0.22627118644067798 0.28757062146892653 0.18333333333333332 0.19632768361581918
5.283247222222222 0.2238888888888889 0.27666666666666667 0.3508333333333333 0.22694444444444445 0.24027777777777776
5.2999833333333335 0.32020715630885116 0.39091807909604526 0.4947645951035781 0.3271798493408663 0.34080037664783425
5.316663888888889 0.3808628940137692 0.4605902102435862 0.5800104967429224 0.3900213793955111 0.4033686826587632
5.333311111083333 0.44252956068043586 0.5314235435769196 0.6666771634095892 0.45391026828439995 0.4669797937698743
5.3499638888888885 0.5143874841777036 0.6117514124293785 0.76531104319101 0.5268610879565311 0.5402038374857213
5.366622222222222 0.523105916112919 0.6221200804366561 0.7782824168044169 0.535790936904947 0.549359834731242
5.3833166666666665 0.6038968765648963 0.7102556736569952 0.8861920213241908 0.6165818973569244 0.6321281963131629
5.399972222222222 0.7517118446684491 0.8682575761026515 1.0777624932244387 0.7637122181783951 0.7841874716261499
5.416622222222222 0.7771936021148372 0.897690036309521 1.114296815028657 0.7896007679471542 0.8107700977829685
5.433275 0.9379302386667819 1.0674286421395136 1.3179866295586056 0.9488330850858693 0.9772920377093212
5.449941666666667 0.9535624093112283 1.0852191195085055 1.3399530733845824 0.9646469698373005 0.9935802383378098
5.466633333333333 1.1702290759778948 1.3146635639529503 1.610508628940138 1.1774247476150783 1.2163580161155878
5.483313888888889 1.2666053260088943 1.4145844246352588 1.7268104224458223 1.271264331166672 1.315202993545566
5.4999416666666665 1.3095410997719077 1.4625364390296742 1.7853463689694093 1.3143580373079151 1.3597861458691447
5.516633333333333 1.5339065635516038 1.6975111141983887 2.058923929486586 1.533878623691766 1.5900373560556949
5.533261111111111 1.5339065635516038 1.6975111141983887 2.058923929486586 1.533878623691766 1.5900373560556949
5.549902777777778 1.6697398968849373 1.8414000030872775 2.224201707264364 1.6663786236917661 1.728370689389028
5.566666666666666 1.951406563551604 2.1414000030872775 2.5647572628199193 1.9408230681362106 2.0139262449445834
5.5833305555555555 2.101406563551604 2.3006896205736163 2.7434457874100833 2.086178259393041 2.1633797968571518
5.599972222222222 2.1370236239507836 2.3396843599053727 2.7899448685526274 2.121537212942076 2.2000472510411715
5.616666666666666 2.418073230218271 2.6373562872402827 3.1173346762989724 2.3934004816152634 2.4772686857460404
5.633244444444444 2.418073230218271 2.6373562872402827 3.1173346762989724 2.3934004816152634 2.4772686857460404
5.649997222222222 2.7591023741162672 3.0045466333240713 3.5173164613627246 2.726706492544225 2.812519141119447
5.666574999972222 2.7591023741162672 3.0045466333240713 3.5173164613627246 2.726706492544225 2.812519141119447
5.683283333333334 2.93650350405977 3.196072057052885 3.7252260658824983 2.9007177919792535 2.9865304405544753
5.699994444444444 3.3059479485042145 3.597738723719552 4.158003843660276 3.269051125312587 3.3470859961100308
5.716625 3.495947948504215 3.805238723719552 4.380226065882498 3.459051125312587 3.532085996110031
5.733330555555556 3.6929424840233405 4.021085718255071 4.610553934734957 3.657958229137724 3.7233428267111237
5.749958333333334 3.6929424840233405 4.021085718255071 4.610553934734957 3.657958229137724 3.7233428267111237
5.766658333333333 4.103498039578896 4.4716412738106275 5.090553934734957 4.074624895804391 4.121676160044457
5.783322222222222 4.173048853809046 4.547431803875214 5.176834509899956 4.143686334716329 4.191535078011312
5.799963888888889 4.319886928467785 4.708307940477294 5.342220601401624 4.29462489580439 4.3319539378222345
5.816613888888889 4.683277686424736 5.1058331321541965 5.7591120484287535 4.665867036532613 4.683842810009459
5.833291666666667 4.761332314531815 5.190930351023433 5.855097249235899 4.7436314871414895 4.76190685684295
5.849936111111111 5.137922495167906 5.6025544436296055 6.2864344528003375 5.13253370319928 5.130290897441153
5.866641666666666 5.460221203420704 5.953985906578988 6.664541693680343 5.4614092649192685 5.448295745731839
5.883325 5.552767325512581 6.054900921944734 6.777500027471535 5.553975523646714 5.540639741422209
5.899952777777778 5.858141074402878 6.386434225050372 7.11648909760908 5.875156654018953 5.839853738971208
5.916652777777778 6.056722127772468 6.602923520814791 7.3577260161721005 6.074314506697562 6.037814882665147
5.933216666666667 6.214943425642927 6.774263684356766 7.530652804791455 6.241964820474824 6.194129079065173
5.949997222222223 6.74134427773147 7.348126794479949 8.129578432280573 6.790274536136582 6.719636164366645
5.966577777777778 6.74134427773147 7.348126794479949 8.129578432280573 6.790274536136582 6.719636164366645
5.983263888888889 7.1630708742713916 7.81345804921525 8.599038895139362 7.237428505489536 7.148276008666645
5.9999666666666664 7.405886836111099 8.078321033934412 8.890531739042391 7.482765064997656 7.390590449638396
6.016588888888889 7.559856518786083 8.251309468679572 9.056762989719369 7.650425195270293 7.550464789602049
6.033327777777778 8.107269997838907 8.871159195455528 9.679108162761262 8.233644685252077 8.120451128399862
6.049919444444445 8.383658886727796 9.185325862122195 9.993552607205707 8.528644685252077 8.409340017288752
6.066605555555555 8.383658886727796 9.185325862122195 9.993552607205707 8.528644685252077 8.409340017288752
6.083327777777778 8.78548101552192 9.66043428882036 10.444858696328824 8.967922479984576 8.846770885051555
6.0999888888888885 9.208294588002842 10.143108193634031 10.934217452378748 9.414332299095431 9.289772622024635
6.11665 9.208294588002842 10.143108193634031 10.934217452378748 9.414332299095431 9.289772622024635
6.133330555555555 9.73994303973326 10.762343166311629 11.53194058534778 9.98675488561638 9.859982093791483
6.149986111111111 9.839610729756446 10.88824939228717 11.634480661750302 10.10226360692178 9.976494077741691
6.166591666666666 10.147733127375309 11.224574230443796 11.985931983617546 10.419289491902179 10.285866758343106
6.183319444444445 10.4805486863635 11.619997993269733 12.331722006112809 10.789523555926033 10.651657867926273
6.199916666666667 10.4805486863635 11.619997993269733 12.331722006112809 10.789523555926033 10.651657867926273
6.216561111111111 10.70783682195672 11.88326070513414 12.568303927016764 11.038836173628482 10.89648837640085
6.233322222222222 10.983391409574917 12.212223644394236 12.841501130399 11.349401700836756 11.204469441268596
6.249975 11.337003488623388 12.608260705134139 13.207470593683428 11.72633617362848 11.575655043067519
6.266586111111111 11.337003488623388 12.608260705134139 13.207470593683428 11.72633617362848 11.575655043067519
6.283325 11.709147139637558 13.037492204624739 13.564787826865484 12.132906517242446 11.979993439535674
6.299966666666666 11.856194831269834 13.198297157245499 13.718710784382978 12.28487668420136 12.129654345290517
6.316611111111111 11.88260288351703 13.240754916489147 13.728483683739306 12.322784106696307 12.170148806767314
6.3333305555555555 12.193364283288572 13.60952911302522 14.017668102250623 12.666114893025844 12.514590858571825
6.349905555555556 12.193364283288572 13.60952911302522 14.017668102250623 12.666114893025844 12.514590858571825
6.366613888888889 12.324839693124638 13.770867910839426 14.134034222469202 12.815941851131491 12.663866814855977
6.383330555555555 12.558493177117107 14.069398984285757 14.338346840171647 13.090706446235066 12.930820675496278
6.399941666666667 12.558493177117107 14.069398984285757 14.338346840171647 13.090706446235066 12.930820675496278
6.4166638888888885 12.746775879102225 14.324900203760304 14.495503303386739 13.321211524806273 13.146879302892778
6.433291666666666 12.864517843154804 14.462892862581098 14.615201099489338 13.449537143870787 13.267730364523729
6.449991666666667 12.784260427532242 14.41055757746915 14.50213439677384 13.39490751073841 13.20867909574153
6.466647222222222 12.948720323546668 14.629900203760304 14.653281081164515 13.59593374702849 13.391601525115
6.483258333333334 12.948720323546668 14.629900203760304 14.653281081164515 13.59593374702849 13.391601525115
6.499983333333334 13.087494486070366 14.826965352899347 14.775071779197921 13.774607510246877 13.548911577760924
6.516663888888889 13.047980689080305 14.831515930351022 14.69937613843351 13.771419607298322 13.532818607020465
6.5333194444444445 12.975170470850285 14.767897958904795 14.60916868225387 13.709861801320038 13.46925990370731
6.549902777777778 13.05558997869779 14.870140702664319 14.687377049180325 13.805859498008704 13.555414235435764
6.566608333333333 13.042812200920013 14.91396583927634 14.634444444444442 13.848241100923094 13.575664690809171
6.583319444444444 12.956864459921322 14.83422869437017 14.53196721311475 13.773133323312331 13.500380570194814
6.599944444444445 13.022812200920011 14.922176221790004 14.595478142076502 13.857330354110704 13.575933361118825
6.616666666666666 12.942256645364457 14.895509555123333 14.47825591985428 13.836774798555151 13.542044472229938
6.633330555555555 12.838930212855121 14.794561938121848 14.359692734927886 13.743239925480209 13.450922539199562
6.649986111111111 12.777454803019056 14.754671227739335 14.27854519394428 13.710726264278023 13.414583741385353
6.666652777777778 12.743370998116763 14.758811089500167 14.218351779815379 13.722754391651998 13.42167616004445
6.683291666666666 12.743370998116763 14.758811089500167 14.218351779815379 13.722754391651998 13.42167616004445
6.699966666666667 12.678454467107153 14.727173587138925 14.121497261480355 13.697400329344465 13.403150514188649
6.716633333333333 12.449924670433145 14.50588736068661 13.850027862677905 13.492999212744278 13.218653561174394
6.733302777777777 12.449924670433145 14.50588736068661 13.850027862677905 13.492999212744278 13.218653561174394
6.7499722222222225 12.32904124602513 14.393929255039982 13.700811104936559 13.388814331141363 13.129896730573302
6.766588888888889 12.192810306692223 14.279419581396592 13.52144632140441 13.282127568392347 13.046787635611267
6.783325 11.920950719462144 13.99117559977954 13.21361246369286 13.007612770396147 12.79949978515586
6.799980555555556 11.881207978361845 13.980017518990682 13.1453292895233 12.997299155603486 12.802073080563806
6.816630555555555 11.71199893881382 13.816740682832489 12.943351888393357 12.841084466337948 12.66450245909488
6.833258333333333 11.566521178722478 13.662572782563059 12.780129356920133 12.693177503010094 12.528705195887742
6.849911111111111 11.194854512055816 13.299239449229727 12.338462690253467 12.338177503010096 12.214816306998857
6.866636111111111 10.997258883640516 13.105391543947396 12.106386187521226 12.14757641011392 12.045704285140935
6.883291666666667 10.997258883640516 13.105391543947396 12.106386187521226 12.14757641011392 12.045704285140935
6.899991666666667 10.558941449785433 12.674310379426386 11.595847303263252 11.71815481152172 11.661844571022812
6.916641666666667 10.558941449785433 12.674310379426386 11.595847303263252 11.71815481152172 11.661844571022812
6.933330555555556 10.070377574017472 12.189964573492638 11.038847905282333 11.231470778920071 11.222944953845204
6.949969444444444 10.070377574017472 12.189964573492638 11.038847905282333 11.231470778920071 11.222944953845204
6.966627777777778 9.816702710629492 11.933092988793186 10.752431693989074 10.974107390941926 10.987070636905313
6.9832666666388885 9.438737219849203 11.555687785213408 10.320552005186627 10.59598491734207 10.639676353915007
7 9.01118682658763 11.09679100676114 9.846258065512027 10.145746349294553 10.216214689265538
7.016588888888889 9.01118682658763 11.09679100676114 9.846258065512027 10.145746349294553 10.216214689265538
7.0333 8.594091330773425 10.634145641548885 9.381366180951902 9.69895121140207 9.789816615726592
7.04997777775 8.189079373900158 10.197681100752767 8.9148502910025 9.27744795808542 9.388271664968665
7.066588888888889 8.054832171049336 10.036833294384373 8.768992808521297 9.126221460066763 9.239830052974643
7.083263888888889 7.912690485011269 9.884391627068558 8.59986491088554 8.98165848440121 9.099660553857554
7.099955555555556 7.364443672625113 9.249967881415303 7.974477843490278 8.392637537224525 8.51642491881863
7.116561111111111 7.364443672625113 9.249967881415303 7.974477843490278 8.392637537224525 8.51642491881863
7.133313888888889 6.97595552498645 8.785760757676252 7.540470009990436 7.967075173226309 8.08937970157024
7.1499333333055555 6.824461887561359 8.619621797626595 7.3628658216323535 7.811881617370245 7.9367710026073395
7.166652777777778 6.560800685375567 8.312244748446265 7.066417734200659 7.52800183594948 7.653984117361437
7.1832972222222224 6.144317081172892 7.839005958871908 6.602571707096716 7.08553859023111 7.218175938559655
7.199983333333333 5.787956994226791 7.412593147692971 6.21428025774115 6.692022551580366 6.824709164442418
7.216577777777778 5.787956994226791 7.412593147692971 6.21428025774115 6.692022551580366 6.824709164442418
7.233333333333333 5.297956994226792 6.842037592137416 5.67928025774115 6.160911440469255 6.29693138666464
7.249994444444445 5.056845883115681 6.5623153699151935 5.4184469244078155 5.900355884913699 6.037486942220196
7.266602777777778 4.821535148652404 6.288586556355871 5.167034495029284 5.645836110902399 5.783532139960309
7.2833 4.74249358883843 6.185494973464792 5.082329011504214 5.553281420559737 5.688720137665878
7.299997222222222 4.369928220802075 5.761403079464142 4.685447017026137 5.157005880282782 5.295248357428125
7.316661111111111 4.151566638881172 5.504623418447192 4.452961141319923 4.920000230565267 5.057960221834906
7.333280555555556 3.93684441665895 5.252123418447192 4.2243500302088135 4.686944675009712 4.824626888501572
7.349894444444445 3.93684441665895 5.252123418447192 4.2243500302088135 4.686944675009712 4.824626888501572
7.366586111111111 3.672305983598967 4.928318116505434 3.9436229805332594 4.390983833342887 4.526682185411383
7.3833166666666665 3.3962259604441285 4.614023815370025 3.651881386653031 4.097457861591797 4.241710960058101
7.399991666666667 3.284874289609895 4.462744346013631 3.5321475706971937 3.9631149808838693 4.1026384695643925
7.416652777777778 2.9690666388811713 4.086012307336079 3.1971278079865924 3.6169446750097114 3.766015777390466
7.433261111111111 2.9203934152929554 4.019028499019093 3.1447158767081236 3.557650500009552 3.704277813826688
7.449988888888889 2.621844416658949 3.6571234184471897 2.82490558576437 3.2241668972319335 3.383793555168243
7.466647222222222 2.453788861103393 3.4485123073360784 2.6449055857643695 3.0336113416763784 3.1982379996126875
7.4833083333333335 2.294184341329382 3.2473823638332537 2.474284116837816 2.850560494218752 3.021119355544891
7.4999666666666664 2.2565747619633267 3.194146587376971 2.4337220821355565 2.803829994313526 2.9715928087326797
7.5166305555555555 2.02459424541971 2.912592234406699 2.186842604693823 2.5440728189795214 2.7288219434919787
7.533236111111111 2.02459424541971 2.912592234406699 2.186842604693823 2.5440728189795214 2.7288219434919787
7.5498972222222225 1.9111121224605812 2.7740021061700713 2.065982626990692 2.415239704778773 2.6093923613984265
7.566583333333333 1.8019503468312343 2.6402126694362127 1.9495963572887742 2.2894836762076394 2.492890473001908
7.583311111083333 1.5802030867160064 2.3675020720207782 1.7124778542353907 2.032866788526764 2.254782963127958
7.5999 1.5802030867160064 2.3675020720207782 1.7124778542353907 2.032866788526764 2.254782963127958
7.616661111111111 1.3725377943908244 2.105898376625336 1.486533622319745 1.785050440924001 2.0228879806044846
7.633302777777778 1.3725377943908244 2.105898376625336 1.486533622319745 1.785050440924001 2.0228879806044846
7.649988888888889 1.1703625916421956 1.8508152099956217 1.2658244511817427 1.540389395320035 1.79273443950315
7.6666638888888885 1.0714365101417063 1.7258315141955343 1.1581409402053773 1.4201971832264357 1.6775891282932134
7.6833277777777775 0.9791552075122911 1.608510192624291 1.0586356878609002 1.3087449638595587 1.5665471907523276
7.69995 0.9791552075122911 1.608510192624291 1.0586356878609002 1.3087449638595587 1.5665471907523276
7.716644444444444 0.8002540106688425 1.3812127540125585 0.8660953625216478 1.0913865935273415 1.3473931705006534
7.733263888888889 0.8002540106688425 1.3812127540125585 0.8660953625216478 1.0913865935273415 1.3473931705006534
7.749905555555555 0.7183754746688898 1.2757318718534114 0.7791264211271908 0.991561664401124 1.2429886742071894
7.766561111111111 0.6395245592911611 1.1733407282649688 0.6960699712263138 0.8954482199063345 1.1402402743747564
7.7832333333333334 0.5646652689720209 1.0742499872406877 0.6171927736026693 0.8032993158132967 1.0400184624287279
7.799997222222222 0.4878237064128494 0.9726599183202462 0.536235380994878 0.7087515682969459 0.9372510686842189
7.816577777777778 0.4208671279941077 0.8795486465342203 0.46566955673285115 0.623245653256397 0.8440903798433668
7.833275 0.35836795225412665 0.7896189387261118 0.4001980825068232 0.5416987992707806 0.7545153484574324
7.849983333333333 0.23742955664322712 0.6121634996864252 0.2754219157977714 0.3857175411137265 0.577823827865506
7.866577777777778 0.23742955664322712 0.6121634996864252 0.2754219157977714 0.3857175411137265 0.577823827865506
7.883330555555555 0.13972237032809412 0.452264375085319 0.1739334163640875 0.25325878651174694 0.4196881288573426
7.899963888888889 0.13972237032809412 0.452264375085319 0.1739334163640875 0.25325878651174694 0.4196881288573426
7.916611111111111 0.09670008644376525 0.3764848335917874 0.12958457228312636 0.19289848868716436 0.3452805586662214
7.933233333333333 0.06993913653263473 0.3153367812182194 0.09947746482454904 0.1503146359829881 0.28657428891382775
7.9499305555555555 0.0421022451770372 0.25180522078153245 0.0681699071361679 0.10603748689666326 0.22557189336114852
7.966641666666667 0.026711404121795897 0.2033750759567304 0.048518490180698225 0.0774325622571682 0.18089225376603182
7.983255555555556 0.016608635500602018 0.16181388041371156 0.03336802633217838 0.05537316316103804 0.14331597002955365
7.999930555555555 0.010155150624277352 0.12671110236254096 0.02261645728913037 0.038879824338275824 0.11191756046061453
