# SectorTime station0 station1 station2 station3 station4
0 3.32011399382242 2.6402279876448387 3.32011399382242 3.32011399382242 2.6402279876448387
0.016627777777777776 3.317402098182136 2.634804196364271 3.317402098182136 3.317402098182136 2.634804196364271
0.033325 3.313745104645569 2.6304708352225816 3.31275156266842 3.311261249702697 2.6299740642340077
0.049902777777777775 3.313745104645569 2.6304708352225816 3.31275156266842 3.311261249702697 2.6299740642340077
0.06661111111111111 3.3103996603912873 2.623692281245447 3.306003967687976 3.3030868992212454 2.6256611015604583
0.08332222222222223 3.3062045129056448 2.608659784766965 3.29227587532113 3.285793622020316 2.61518808995462
0.099975 3.3062045129056448 2.608659784766965 3.29227587532113 3.285793622020316 2.61518808995462
0.11664722222222222 3.3137726964369265 2.587151375042388 3.276015741532299 3.2619799226157378 2.597722050132447
0.133325 3.3194024563573477 2.575515014998566 3.2676563635442912 3.2492795827196077 2.5879513992743504
0.14995 3.3194024563573477 2.575515014998566 3.2676563635442912 3.2492795827196077 2.5879513992743504
0.16665555555555556 3.3379681901935743 2.5474411118279043 3.248908898655951 3.21923342421296 2.5633358838625933
0.18333055555555555 3.3506082918322124 2.5320648792668186 3.239079295682488 3.202694298968233 2.549532804660556
0.19996388888888889 3.3626096493865023 2.5165905022296053 3.2292557461704923 3.186352571085251 2.535590181296357
0.21659444444444445 3.3626096493865023 2.5165905022296053 3.2292557461704923 3.186352571085251 2.535590181296357
0.23327777777777778 3.377853369476203 2.4987892029365084 3.218363570121163 3.1677233459848284 2.519251010509319
0.25 3.409916692902458 2.4626300966464942 3.196559319074784 3.1300240294814587 2.4858264555384566
0.2665638888888889 3.409916692902458 2.4626300966464942 3.196559319074784 3.1300240294814587 2.4858264555384566
0.283325 3.427520340619283 2.444853257229926 3.185886041099518 3.1110296487604328 2.469359177905291
0.29996111108333334 3.4694270602951325 2.408484762510828 3.16447037353596 3.071084644695939 2.4353639220657306
0.3165777777777778 3.4694270602951325 2.408484762510828 3.16447037353596 3.071084644695939 2.4353639220657306
0.33325 3.4908859767163483 2.3908235418368826 3.154062321997444 3.0513578670562573 2.4188600334549246
0.3499305555555556 3.5134973849495603 2.373190245403391 3.1437300930184313 3.0314076795666196 2.402338683513469
0.36665 3.538558332674889 2.3551160740174284 3.133273745075769 3.010611378036492 2.385306529343338
0.3832527777777778 3.56456037671247 2.3370950160171 3.1228975108919497 2.989656446375426 2.36828816715447
0.3999916666666667 3.6173642418017136 2.3018067124043564 3.102670934738303 2.948214393779956 2.334895870167035
0.41665 3.645274306570477 2.284122224858494 3.0926408038779294 2.9271836332352907 2.3180842050381743
0.43328333333333335 3.673930696360296 2.2664830371344884 3.0826750031771657 2.906027981343616 2.301287214383205
0.449975 3.673930696360296 2.2664830371344884 3.0826750031771657 2.906027981343616 2.301287214383205
0.4665861111111111 3.702930722343564 2.2490305242207143 3.0727749958167183 2.8848545006600177 2.2846957632877607
0.483325 3.7633563251062347 2.2140739542784122 3.0531314169527337 2.8420408362358685 2.251328901640334
0.49999444444444446 3.794647715637952 2.196589807218218 3.0433918264033877 2.820443284230927 2.2345777425433004
0.5166111111111111 3.8003649625114875 2.184812540564328 3.036588141789681 2.8099237905810117 2.2234336081448287
0.5332972222222222 3.8715373160944706 2.138236008223874 3.010357373882228 2.755450880427002 2.1789793385660907
0.5499972222222222 3.9213750758005324 2.0964101188759243 2.9865525170650797 2.7101844672981694 2.1391986249424244
0.566625 3.930012539697451 2.08408606306425 2.9793455308139403 2.6982932768136916 2.127599798047131
0.5832388888888889 3.965642274205318 2.0663004478888856 2.969520280441617 2.675355620505215 2.1105013833339163
0.6 4.06066200705292 2.005665960942923 2.9353460242181812 2.603717794154273 2.0526219054954224
0.6165777777777778 4.06066200705292 2.005665960942923 2.9353460242181812 2.603717794154273 2.0526219054954224
0.6332805555555555 4.111466100620171 1.975051925855204 2.9180945622298773 2.5667441099437474 2.023396759296592
0.6499555555555555 4.216722510876582 1.9133425241458017 2.883350972486288 2.491444964644602 1.9644651353649678
0.6666138888888888 4.216722510876582 1.9133425241458017 2.883350972486288 2.491444964644602 1.9644651353649678
0.6833249999722222 4.3130364028081 1.8642233544177018 2.8561682229706515 2.428610401049868 1.9172401304802698
0.6999305555555555 4.329364787299346 1.8508492992135526 2.848215471131274 2.4135316855118107 1.9047496882104966
0.7166388888888889 4.449067629676607 1.7869216506347412 2.8123627579529797 2.3326789723335164 1.8435998174094628
0.7333083333333333 4.468235185803637 1.772524328842726 2.803789553542321 2.315975534268291 1.8301631425119347
0.7499611111111111 4.5550690048483276 1.7362667005746586 2.7845396228250863 2.2662714183906423 1.7947479575115433
0.7666527777777777 4.5974663329419325 1.7066928378085822 2.766919005765362 2.2310823876212758 1.7671565102348528
0.7833277777777777 4.710226171081619 1.6548216114046916 2.7385668366986105 2.162075218656561 1.7170325650646596
0.7999416666666667 4.754594048058423 1.6369830057532484 2.729191424075136 2.137287100317929 1.699540227932452
0.8165972222222222 4.804386582375174 1.6053068848828989 2.7103262423246566 2.098357365219748 1.6699846908647868
0.8332944444444444 4.877889407233931 1.5703916306456107 2.690891214076068 2.0520861787790694 1.6364818660060299
0.8499944444444445 4.998875785729738 1.5174221589683499 2.6620563760171625 1.980117488671912 1.5852122086735156
0.8666666666666667 5.074989699138734 1.4822182917972697 2.6425418741256115 1.9330073583650604 1.5513744617210146
0.8833083333333334 5.152531627859907 1.446746593684062 2.6228615806245634 1.8852715093084569 1.517291652496696
0.8999888888888888 5.152531627859907 1.446746593684062 2.6228615806245634 1.8852715093084569 1.517291652496696
0.9166333333333333 5.280830910662005 1.3928257603052372 2.593723760375875 1.8108482803928188 1.4649465831810524
0.9332722222222222 5.36246219257547 1.3566795630464359 2.57376944701925 1.7616007662837083 1.430144110727411
0.9499861111111111 5.434219757236072 1.318220291618334 2.5509950542033697 1.711295231747979 1.3941751629495116
0.966625 5.521768915722039 1.2801614698370385 2.52995472690939 1.6589420633163947 1.357552710027739
0.9833083333333333 5.619962284605469 1.2447463396784473 2.5120327140052563 1.6078292087814308 1.3223324025951355
0.9999888888888889 5.708316669627417 1.206996630818822 2.4912766448482198 1.5556299791836528 1.2859264185406698
1.0166194444444445 5.7922792426647085 1.1644256172854037 2.466187013655708 1.4988235118669182 1.2460309910317213
1.0332722222222221 5.842685699731407 1.1464074125528692 2.4573061189836682 1.4738431200024695 1.228041585625637
1.0499416666666668 5.987412790741812 1.0867646143357974 2.429644467118219 1.3986202147834021 1.1705810812657438
1.0666305555555555 6.082131178937025 1.0427077986195161 2.4077488567916694 1.3434839087442685 1.1265167034785246
1.0833 6.226040103732518 0.986440446420302 2.383453042511808 1.2716480658207527 1.0674636473094377
1.0999388888888888 6.271514856130346 0.9702692915609529 2.3771669270607947 1.250801376217134 1.0499642432551846
1.1166138888888888 6.411040103732518 0.9131071130869687 2.3506752647340305 1.1772036213763082 0.9913525361983265
1.1333111111111112 6.5021512148436305 0.8775515575314132 2.334841931400697 1.131092510265197 0.954408091753882
1.1499333333333333 6.5021512148436305 0.8775515575314132 2.334841931400697 1.131092510265197 0.954408091753882
1.1666305555555556 6.678817881510296 0.8108848908647466 2.3053974869562532 1.0433147324874195 0.8849636473094376
1.183275 6.678817881510296 0.8108848908647466 2.3053974869562532 1.0433147324874195 0.8849636473094376
1.1999972222222222 6.849892562748911 0.7480797906825972 2.2778519496156338 0.9595715630885121 0.8194035380198202
1.2165722222222222 6.849892562748911 0.7480797906825972 2.2778519496156338 0.9595715630885121 0.8194035380198202
1.2333305555555556 7.015438702108611 0.6909423142230868 2.253205056960267 0.8811440677966099 0.7594647432928899
1.2499305555555555 7.015438702108611 0.6909423142230868 2.253205056960267 0.8811440677966099 0.7594647432928899
1.2666611110833332 7.1748718779908 0.6365012657837057 2.2298745021765307 0.8061510141706026 0.7022451452563983
1.2833194444444445 7.204792011138491 0.626066818803645 2.2261060677146207 0.7929354237743633 0.6907329297603917
1.2999277777777778 7.251260766879688 0.6103901546725946 2.21876339106542 0.7703176808372694 0.6747451452563981
1.316638888888889 7.400691164212281 0.5592833657497455 2.1970999660399495 0.7003260164860607 0.6208598067364389
1.333325 7.44741359417164 0.5434826529026424 2.189811513869986 0.6777230963403202 0.6046663935211128
1.3499472222222222 7.473290034268779 0.5344246086875983 2.1866479886388195 0.666427711401315 0.594588620295761
1.3666611110833333 7.566897301466558 0.5021662817692224 2.1737521199726095 0.6235354538373591 0.559977877886541
1.3832777777777778 7.6110678120465565 0.48720238646537617 2.1669257664165973 0.6022610447346484 0.5445886202957612
1.3999944444166668 7.743845589824334 0.4416468309098206 2.148036877527708 0.5405943780679819 0.4962552869624278
1.4166055555555555 7.743845589824334 0.4416468309098206 2.148036877527708 0.5405943780679819 0.4962552869624278
1.4332555555555555 7.827055860993567 0.4129071220451339 2.136741459755822 0.5027077193573807 0.46527663270155495
1.4499916666666666 7.912131979536061 0.38397302766148156 2.1238671916084666 0.4621337848083978 0.4352921323091945
1.466663888888889 7.989302661233059 0.35723449414960934 2.113610648019512 0.4273129109937946 0.406285851007996
1.4832333333333334 7.989302661233059 0.35723449414960934 2.113610648019512 0.4273129109937946 0.406285851007996
1.499961111111111 8.062039166920988 0.3320285537725262 2.1039545745099204 0.3945082650463016 0.3789320652215172
1.5166611110833332 8.155825769503876 0.2997926121453489 2.090692244759347 0.35109729554505886 0.34469929918804615
1.5333305555555556 8.20888132505943 0.2814592788120157 2.0834700225371248 0.3269306288783922 0.32497707696582395
1.5499277777777778 8.221850483665014 0.2768451922741138 2.082101661511926 0.32157111037218905 0.3196495839008105
1.5666472222222223 8.296574064044783 0.2512106313272833 2.0713310979352393 0.2867246551537387 0.2926403756222304
1.583288888888889 8.308297829644037 0.24702378747182857 2.0701422463029853 0.2819459109011764 0.28776303602852654
1.5999249999722223 8.354686718532927 0.2309126763607175 2.064031135191874 0.261112577567843 0.27026303602852647
1.6165777777777777 8.400315133833471 0.2150656818251984 2.058020206230126 0.24062077428915443 0.25304992127442805
1.633238888888889 8.44337068938903 0.20006568182519838 2.0524646506745703 0.2214541076224878 0.2366610323855392
1.6499388888888888 8.51811708525438 0.17407809451150114 2.0426194187650992 0.187919431480496 0.20846884649376868
1.6666277777777778 8.526148467166808 0.17117679293630944 2.0419090951190144 0.1847874409558211 0.20499436571887253
1.683286111111111 8.595518215197883 0.1469594504437045 2.033014898991088 0.15402112639575027 0.1785253436689099
1.699988888888889 8.608779913060248 0.142141107806206 2.031932443286462 0.1489712533991683 0.1726720537125522
1.7166583333333334 8.671704022722361 0.12006568182519835 2.0241313173412365 0.12145410762248769 0.14832769905220589
1.7333166666388888 8.677085923989207 0.11809739195921148 2.0237357219749867 0.11946305667785674 0.14589609742839924
1.7499527777777777 8.734481800500138 0.09784345960297612 2.0169090951190145 0.09478744095582105 0.12332769905220585
1.7666611110833332 8.738834557868989 0.09623946846194373 2.016631896838375 0.09323354848113545 0.12130593349397296
1.7833083333333333 8.766430186284289 0.08640340288817325 2.013626432357501 0.08175813864506988 0.11010374770162323
1.7999555555555555 8.813412074603272 0.06972503347602835 2.0082070820048883 0.06184274351161575 0.09142707563149209
1.8166027777777778 8.816521873359884 0.06856294958476121 2.008070297304807 0.060812031119755486 0.08990329103763389
1.8333305555555555 8.861328841344818 0.05232001173165386 2.0038706739526413 0.043170788181902384 0.07085903491710659
1.8499666666666668 8.882717730233708 0.04454223395387608 2.001926229508197 0.034837454848569045 0.06169236825043994
1.866638888888889 8.88464039039381 0.04381203339725516 2.0018946519752756 0.03426634903137939 0.0606810179512524
1.8832861111111112 8.918819179213308 0.03129329710230243 1.9988793183291653 0.02114617525583849 0.0459324074640947
1.8999583333333334 8.920172192893087 0.030771742150597383 1.9988979963570126 0.020793739001574513 0.04516686733969312
1.9166611111111111 8.949616637337533 0.019660631039486277 1.9972313296903461 0.01079373900157451 0.03127797845080424
1.9332527777777777 8.950442594102492 0.019338325612609453 1.9972767177282091 0.010616792460565091 0.030765224705709086
1.9499972222222222 8.972345173041894 0.010787795992714027 1.9966848816029144 0.004153005464480874 0.019626593806921673
1.9665916666666667 8.972345173041894 0.010787795992714027 1.9966848816029144 0.004153005464480874 0.019626593806921673
1.983325 8.988456284153006 0.004121129326047359 1.99724043715847 0.000819672131147541 0.010182149362477232
1.9998972222222222 8.988456284153006 0.004121129326047359 1.99724043715847 0.000819672131147541 0.010182149362477232
2.0166583333333334 8.994826659500134 0.001366120218579235 1.997823165815641 0 0.005984054465645435
2.0333277777777776 8.997832123981008 0 1.9989160619905042 0 0.003251814028486966
2.0499 8.998907103825136 0 1.9994535519125685 0 0.001639344262295082
2.0666583333333333 8.998333333333333 0.0005555555555555556 2.000277777777778 0.0008333333333333334 0.0005555555555555556
2.0833055555555555 8.993415300546447 0.002194899817850637 2.0010974499089254 0.0032923497267759562 0.002194899817850637
2.099988888888889 8.988415300546448 0.003861566484517304 2.001930783242259 0.005792349726775957 0.003861566484517304
2.1166 8.981748633879782 0.006083788706739526 2.0030418943533697 0.009125683060109292 0.006083788706739526
2.1333305555555557 8.971912568306012 0.00936247723132969 2.0046812386156647 0.014043715846994537 0.00936247723132969
2.149977777777778 8.971436510141707 0.009521163286097992 2.004760581643049 0.014281744929146986 0.009521163286097992
2.1666583333333334 8.948579234972676 0.017140255009107472 2.0085701275045533 0.0257103825136612 0.017140255009107472
2.1833222222222224 8.935245901639345 0.021584699453551914 2.010792349726776 0.03237704918032787 0.021584699453551914
2.199977777777778 8.921553345874765 0.02614888470841172 2.0130744423542057 0.03922332706261757 0.02614888470841172
2.216658333333333 8.920245901639344 0.026584699453551915 2.013292349726776 0.03987704918032787 0.026584699453551915
2.2333083333333335 8.885487772104273 0.03817074263190899 2.0190853713159544 0.05725611394786347 0.03817074263190899
2.2499416666666665 8.883579234972677 0.03880692167577414 2.019403460837887 0.058210382513661195 0.03880692167577414
2.2665694444444444 8.861912568306012 0.04602914389799636 2.0230145719489983 0.06904371584699454 0.04602914389799636
2.2833083333333333 8.839878670000926 0.05337377666635794 2.0266868883331792 0.08006066499953692 0.05337377666635794
2.2999916666666667 8.788649161804205 0.07045027939859838 2.0352251396992993 0.10567541909789756 0.07045027939859838
2.316638888888889 8.761982495137538 0.07933916828748727 2.0396695841437436 0.1190087524312309 0.07933916828748727
2.333286111111111 8.761982495137538 0.07933916828748727 2.0396695841437436 0.1190087524312309 0.07933916828748727
2.3499583333333334 8.733168935815504 0.08894368806149858 2.0444718440307494 0.13341553209224785 0.08894368806149858
2.3666194444444444 8.701502269148838 0.09949924361705413 2.049749621808527 0.14924886542558116 0.09949924361705413
2.3833083333333334 8.633742706307308 0.12208576456423083 2.061042882282115 0.1831286468463462 0.12208576456423083
2.3999722222222224 8.627534955566754 0.1241550148110822 2.0620775074055406 0.18623252221662326 0.1241550148110822
2.416627777777778 8.56761577669571 0.14412807443476255 2.072064037217381 0.21619211165214378 0.14412807443476255
2.4332305555277776 8.560409372973973 0.14653020900867525 2.0732651045043373 0.21979531351301285 0.14653020900867525
2.4499333333333335 8.520409372973974 0.1598635423420086 2.0799317711710037 0.23979531351301284 0.1598635423420086
2.466655555527778 8.436119755487635 0.18796008150412155 2.0939800407520606 0.28194012225618226 0.18796008150412155
2.4833166666666666 8.436119755487635 0.18796008150412155 2.0939800407520606 0.28194012225618226 0.18796008150412155
2.499947222222222 8.380799751343359 0.20640008288554734 2.1032000414427734 0.30960012432832096 0.20640008288554734
2.5166305555555555 8.344453088820968 0.2185156370596771 2.1092578185298385 0.3277734555895156 0.2185156370596771
2.5333111111111113 8.260117792282921 0.24662740257236002 2.12331370128618 0.3699411038585399 0.24662740257236002
2.549916666666667 8.235037039478952 0.2549876535070163 2.127493826753508 0.3824814802605243 0.2549876535070163
2.5665694444444442 8.196938964527185 0.2676870118242722 2.1338435059121363 0.40153051773640824 0.2676870118242722
2.5833055555555555 8.10518586674805 0.29827137775065027 2.149135688875325 0.44740706662597535 0.29827137775065027
2.599988888861111 8.090272297860517 0.30324256737982774 2.151621283689914 0.4548638510697416 0.30324256737982774
2.6165527777777777 8.033605631193852 0.32213145626871664 2.1610657281343584 0.4831971844030749 0.32213145626871664
2.6332944444444446 7.93538870086864 0.35487043304378724 2.1774352165218938 0.5323056495656808 0.35487043304378724
2.649988888861111 7.85764517921645 0.3807849402611837 2.190392470130592 0.5711774103917755 0.3807849402611837
2.6665861110833333 7.85764517921645 0.3807849402611837 2.190392470130592 0.5711774103917755 0.3807849402611837
2.683308333333333 7.794311845883117 0.4018960513722948 2.2009480256861473 0.6028440770584421 0.4018960513722948
2.699911111111111 7.729311845883117 0.42356271803896145 2.2117813590194806 0.6353440770584421 0.42356271803896145
2.7166638888888888 7.595978512549784 0.46800716248340585 2.2340035812417023 0.7020107437251089 0.46800716248340585
2.7332944444444442 7.595978512549784 0.46800716248340585 2.2340035812417023 0.7020107437251089 0.46800716248340585
2.7499694444444445 7.455978512549786 0.5146738291500725 2.2573369145750357 0.7720107437251088 0.5146738291500725
2.7665888888888888 7.42980865683029 0.5233971143899042 2.2616985571949515 0.7850956715848565 0.5233971143899042
2.7833222221944443 7.309763823284249 0.5634120589052515 2.2817060294526246 0.8451180883578773 0.5634120589052515
2.7999888888611113 7.263299003821649 0.5789003320594519 2.289450166029725 0.8683504980891779 0.5789003320594519
2.816597222222222 7.234353987218676 0.5885486709271094 2.2942743354635544 0.8828230063906641 0.5885486709271094
2.8333305555555555 7.12476676666306 0.625077744445648 2.3125388722228237 0.9376166166684721 0.625077744445648
2.8499944444444445 6.995692785032883 0.6681024049890403 2.3340512024945204 1.0021536074835604 0.6681024049890403
2.8666583333333335 6.91372557191813 0.695424809360625 2.347712404680313 1.0431372140409374 0.695424809360625
2.8833083333333334 6.865690833974834 0.711436388675057 2.3557181943375287 1.0671545830125855 0.711436388675057
2.8999972222222223 6.744873112901737 0.7517089623660894 2.3758544811830453 1.1275634435491342 0.7517089623660894
2.9165666666666668 6.744873112901737 0.7517089623660894 2.3758544811830453 1.1275634435491342 0.7517089623660894
2.9333222221944446 6.568015189404467 0.8106616035318452 2.4053308017659227 1.2159924052977682 0.8106616035318452
2.9499416666666667 6.478015189404469 0.8406616035318453 2.420330801765923 1.2609924052977681 0.8406616035318453
2.9666527777777776 6.429195268266691 0.8569349105777713 2.4284674552888856 1.2854023658666573 0.8569349105777713
2.983325 6.293015189404467 0.9023282701985119 2.4511641350992557 1.3534924052977682 0.9023282701985119
3 6.198015189404467 0.9339949368651786 2.466997468432589 1.400992405297768 0.9339949368651786
3.0166583333333334 6.101293877929057 0.9662353740236486 2.483117687011824 1.449353061035473 0.9662353740236486
3.0332194444444442 6.101293877929057 0.9662353740236486 2.483117687011824 1.449353061035473 0.9662353740236486
3.0499888888611113 5.950468350436329 1.016510549854558 2.508255274927279 1.524765824781837 1.016510549854558
3.0666333333055555 5.802960544595724 1.0656798184680931 2.5328399092340463 1.5985197277021397 1.0656798184680931
3.0832694444444444 5.802960544595724 1.0656798184680931 2.5328399092340463 1.5985197277021397 1.0656798184680931
3.0999916666666665 5.612878577382608 1.1290404742057978 2.564520237102899 1.6935607113086972 1.1290404742057978
3.1166388888888887 5.562249400728074 1.1459168664239752 2.572958433211988 1.718875299635963 1.1459168664239752
3.1332305555277777 5.519545244049273 1.160434071192615 2.5800757926584548 1.7393799203482452 1.160434071192615
3.1499277777777777 5.428825754067487 1.1924331604458025 2.59343644839616 1.7819618875613596 1.191877604890247
3.166655555527778 5.254381309623042 1.254099827112469 2.6189920039517154 1.8636285542280264 1.2524331604458026
3.183325 5.170492420734154 1.2838220493346915 2.6312142261739377 1.902795220894693 1.2815998271124693
3.1999805555555554 5.091503349695902 1.3118821586243086 2.6426486524034463 1.9395575159766605 1.309113488314655
3.216661111111111 5.091503349695902 1.3118821586243086 2.6426486524034463 1.9395575159766605 1.309113488314655
3.233325 4.945237411626684 1.3641271495168406 2.6635366305455226 2.0071804667963327 1.3602564755641997
3.249963888888889 4.945237411626684 1.3641271495168406 2.6635366305455226 2.0071804667963327 1.3602564755641997
3.266625 4.830558394280896 1.4043551017781144 2.6806529748533414 2.0613527298072443 1.3998538514307959
3.283263888888889 4.812826865487325 1.411782516748479 2.6820865363835638 2.067830184310457 1.4068007316847269
3.299986111111111 4.739132758492417 1.4395164412701156 2.6911950344433873 2.099679783546432 1.4335323868044703
3.316666666666667 4.638500818128492 1.4751112963477504 2.705920780463709 2.146750949337779 1.468481059553579
3.3333333333333335 4.586440060510636 1.4941953011639029 2.712867154456485 2.170049087709549 1.4870186162823
3.349925 4.5795585294640135 1.497842372729522 2.712656217498182 2.171359758402835 1.490236890332317
3.3666222222222224 4.533110442032319 1.5150554874836204 2.718667146459931 2.1918515616815237 1.5069035569989837
3.3833083333333334 4.49118622811133 1.5307322768771525 2.7239524640268935 2.2101262190316984 1.5220428564704522
3.3999916666666667 4.450731153310648 1.5459477207542467 2.7289645575501402 2.2276215159948802 1.5367118522601146
3.416663888888889 4.375565743570744 1.573225355808712 2.7392742582816223 2.261688431971844 1.563289108085579
3.433308333333333 4.380337889851004 1.5728446122708641 2.7372642977633443 2.257398457677224 1.562524805767236
3.4499055555555556 4.343343521348522 1.5857253558087119 2.7428853693927335 2.275021765305177 1.5752335525300234
3.4666305555555557 4.3161212991263 1.5965586891420454 2.7456631471705113 2.285855098638511 1.5855113303078014
3.4832833333333335 4.291522027723749 1.606517705535488 2.7480037664783437 2.295376956562008 1.5949147911456885
3.4999444444444445 4.270966472168195 1.6151288166465994 2.7496704331450106 2.302876956562008 1.6029703467012442
3.516566666666667 4.26871019120369 1.6187059398709724 2.7472168194868956 2.29955110481509 1.6056538929301856
3.533325 4.224299805501528 1.6359621499799328 2.75217043314501 2.317876956562008 1.6221370133679107
3.5499916666666667 4.215584421598591 1.6405976968911122 2.7518925781852994 2.319502408076317 1.6262261121916581
3.566577777777778 4.215584421598591 1.6405976968911122 2.7518925781852994 2.319502408076317 1.6262261121916581
3.5832777777777776 4.184775118009868 1.6534326861039557 2.7544670286630164 2.330849906518289 1.6382525434717423
3.599936111111111 4.20947331048748 1.6461532524466675 2.7493925781852995 2.3170024080763176 1.6306705566361022
3.6166416666666668 4.18970665109423 1.655366996168114 2.750066952056677 2.3227344224619833 1.6390569100330756
3.6333333333333333 4.224623197801859 1.6463522274705942 2.7416186595041836 2.3011396684264147 1.629211972461486
3.65 4.2348964218455745 1.644658238399556 2.7381760365533645 2.2932708159673982 1.6269715353030163
3.6666055555555555 4.2348964218455745 1.644658238399556 2.7381760365533645 2.2932708159673982 1.6269715353030163
3.683316666666667 4.251007532956685 1.6410471272884448 2.7337315921089194 2.2824374826340645 1.6228048686363497
3.6999416666666667 4.303176808372696 1.6261665732891808 2.722522877484183 2.252397523902358 1.6071304718827484
3.716666666666667 4.314340866290019 1.6252137939551117 2.7178982587755858 2.2424374826340645 1.6053048686363498
3.7333055555555554 4.349624895804389 1.6141447153656836 2.711320691691833 2.2237089993121946 1.5940157177843879
3.7499861111111112 4.371563088512242 1.6096582383995564 2.7048427032200304 2.2082708159673983 1.5886382019696832
3.7666444444444442 4.406193078324227 1.5998453274057618 2.697340619307832 2.1882235806242476 1.578278842888457
3.783325 4.442304189435337 1.5895675496279837 2.6895628415300545 2.1673902472909137 1.5674455095551236
3.7999555555555555 4.482621159186599 1.57667756829842 2.682289707067992 2.146371487526134 1.554380694698133
3.8166583333333333 4.524007883185524 1.5645840450519808 2.6736898683149684 2.1229906759163524 1.5417496815296297
3.833327777777778 4.5698826480336825 1.5509945081891303 2.6643420227537398 2.097365843881953 1.527622654744715
3.8499055555555555 4.576047358834245 1.5501777499922826 2.662081056466303 2.0923219412799856 1.5264163656571272
3.8666027777777776 4.627486338797814 1.5347906825970186 2.6517486338797815 2.063824673520423 1.5104737427063077
3.883286111111111 4.726677416465107 1.503892474685592 2.633046672041566 2.0108165291816036 1.4788902351442494
3.899963888888889 4.739061930783242 1.5010884968046687 2.6296630236794174 2.0025268593127725 1.4756695532709707
3.916661111111111 4.845767266863747 1.4676566957731128 2.609737525754725 1.9458071231079677 1.4415615600569072
3.9332861111111113 4.8648633879781435 1.46267319625822 2.6051775956284144 1.9340705751597669 1.4361431416134114
3.9499333333333335 5.002276867030966 1.420387221759131 2.578756830601092 1.8598082800777997 1.3927460560032112
3.966666666666667 5.0753642987249545 1.3977551634713348 2.5648451730418933 1.8205323237936466 1.3695675496279833
3.9833333333333334 5.1517577413479065 1.3740211015405515 2.5503825136612006 1.779603362045013 1.3452870396097685
3.9999583333333333 5.231457194899819 1.3491850359667807 2.535368852459015 1.7370213948318984 1.3199045259485662
4.016558333333333 5.231457194899819 1.3491850359667807 2.535368852459015 1.7370213948318984 1.3199045259485662
4.033266666666667 5.315956284153006 1.3227779321416442 2.5195264116575578 1.6919940724275266 1.2929418665678738
4.049991666666667 5.453770097036671 1.2787766638273834 2.494616142613991 1.6200358478448027 1.2483275560758376
4.066622222222223 5.585923095921709 1.2380677503010091 2.469253187613843 1.5486757895711778 1.2065647093328393
4.0833305555555555 5.678819270785096 1.2088327776234138 2.4520400728597442 1.4994954617023253 1.176783288567812
4.1 5.77335478991078 1.1790513568583865 2.4345537340619305 1.4494954617023255 1.146455419715353
4.116661111111111 5.869465901021889 1.1482133154271246 2.416775956284153 1.400342919329444 1.1150618227285354
4.133297222222223 5.918873563846667 1.130756266540341 2.4093971154707514 1.3773864780289615 1.0978750168914555
4.149980555555556 6.017780667671804 1.0960568129884285 2.394643017110096 1.3306651665535516 1.0637220114269752
4.166661111111111 6.165854789910779 1.0448799820937917 2.3717759562841527 1.2595095859961105 1.0131173782840912
4.183319444444445 6.263077012133 1.010713315427125 2.3573315118397087 1.2136762526627776 0.9795062671729801
4.199891666666667 6.263077012133 1.010713315427125 2.3573315118397087 1.2136762526627776 0.9795062671729801
4.2166194444444445 6.357066083171253 0.9776532061375075 2.3433970856102 1.16941395758081 0.9469926059707944
4.233255555555556 6.449288305393476 0.9451532061375076 2.3297859744990888 1.1260806242474763 0.91504816152635
4.249977777777778 6.5399986879071355 0.9131859930227535 2.3163979963570123 1.0834576734278045 0.8836273964990277
4.266641666666667 6.667758272258385 0.8673414139021619 2.2983696139030725 1.0247124656666928 0.8388138326219944
4.283322222222222 6.716109799018247 0.8509637708005313 2.2905646630236793 1.0009576734278043 0.8225162853879164
4.299908333333334 6.837703627449642 0.8072321242846756 2.273506225924931 0.9452042689453812 0.7797974391793714
4.316658333333334 6.920477075447492 0.7779389235321897 2.261412702678492 0.906504994556776 0.7510417283489494
4.3333 7.001638053679149 0.7491832127017678 2.2495879243930847 0.8686119550512668 0.7228235074405914
4.349983333333333 7.129761893735915 0.7043699638788554 2.2303324225865215 0.8078839029360009 0.6786729338396468
4.366655555555556 7.208650782624804 0.6763144083232999 2.218943533697632 0.7712172362693342 0.6511729338396467
4.383272222222222 7.238017163237512 0.6652272868753769 2.215354295440294 0.7585743307567222 0.6404979677111279
4.399983333333333 7.360162622333364 0.6223207835509865 2.197181238615665 0.70097133462999 0.5982813127103209
4.416588888888889 7.360162622333364 0.6223207835509865 2.197181238615665 0.70097133462999 0.5982813127103209
4.4333277777777775 7.505062440184003 0.5705311660646476 2.176520947176685 0.6340314439196073 0.5475936988669693
4.449911111111111 7.505062440184003 0.5705311660646476 2.176520947176685 0.6340314439196073 0.5475936988669693
4.466627777777778 7.59732917613727 0.536861256238451 2.1640643196273404 0.592489944838958 0.5148462611806255
4.483322222222222 7.663449394716505 0.5130907644351724 2.1547747021410015 0.5621620759864991 0.49162221746477847
4.49995 7.727930269033445 0.4898667207193254 2.1457583086983787 0.5326538792651875 0.46894462183636315
4.516655555555555 7.834506884628448 0.4519200549535363 2.1304098360655734 0.4831981105862739 0.4317603655336359
4.533277777777778 7.878029600187121 0.4366983609696979 2.1238631101231826 0.4625743497487531 0.41676195365002516
4.549966666666666 7.896729106850669 0.42942005495353625 2.1217987249544628 0.45486477725294056 0.4098159210891914
4.566602777777778 7.973401916440057 0.40114952999998466 2.111739675714414 0.4208022264836771 0.3824042653013815
4.5833055555555555 8.029686069445521 0.38065772672129605 2.10408940249037 0.3953923904181033 0.3624589101101247
4.599980555555556 8.084330878188691 0.36071237153003927 2.0967123533100422 0.37080222648367706 0.3430600030062996
4.616622222222222 8.122958615047391 0.34700202216665116 2.091102003642987 0.35281559692507175 0.32961100305640456
4.633288888888889 8.175180837269613 0.3278353554999845 2.084157559198543 0.3294822635917384 0.3109998919452934
4.64995 8.22654695748819 0.30898289648359106 2.0773269581056466 0.30653144391960724 0.2926938810163317
4.666661111111111 8.288138098469977 0.2859116907094715 2.069609423989967 0.27973799643799047 0.27042719820472294
4.683247222222223 8.323495955666697 0.2731768855546294 2.064658469945355 0.2635669630452903 0.25798987373035714
4.699997222222223 8.41460706677781 0.2392879966657405 2.0529918032786885 0.22356696304529036 0.22521209595257938
4.716638888888889 8.458495955666699 0.2228991077768516 2.047436247723133 0.2044002963786237 0.20937876261924607
4.733330555555556 8.50071817788892 0.20706577444351826 2.042158469945355 0.18606696304529036 0.19410098484146823
4.749994444444445 8.541273733444477 0.19178799666574045 2.037158469945355 0.16856696304529037 0.17937876261924607
4.766555555555556 8.541273733444477 0.19178799666574045 2.037158469945355 0.16856696304529037 0.17937876261924607
4.783330555555556 8.616747321786915 0.16314045568213392 2.0280692167577414 0.1363401870890062 0.15183322527862675
4.7999 8.616747321786915 0.16314045568213392 2.0280692167577414 0.1363401870890062 0.15183322527862675
4.816638888888889 8.651719999382545 0.1497524775400574 2.0239708561020033 0.12158608872835047 0.13899169522398194
4.833291666666667 8.685053332715878 0.13691094748541263 2.0201457194899817 0.10765166249884227 0.12669661325676887
4.84995 8.716747321786917 0.1246158655181995 2.0165938069216756 0.09453690840048164 0.11494797937698743
4.866586111111111 8.745636210675805 0.1132269766293106 2.01353825136612 0.08287024173381495 0.1041146460436541
4.883238888888889 8.772858432898028 0.10239364329597726 2.010760473588342 0.07203690840048163 0.09383686826587632
4.899980555555556 8.802919071326734 0.09023400549940251 2.007896622771656 0.060374921995636315 0.08235499539185899
4.9166083333333335 8.844825932501653 0.07351877404740488 2.00364453088821 0.04377746172430195 0.0665026223542949
4.933294444444445 8.849913606845861 0.07110832243929326 2.003525038072203 0.04234213511039041 0.0643222085066131
4.949991666666667 8.888523278071068 0.05507123892439258 2.000250455373406 0.02804783736223025 0.04928313420394555
4.966591666666667 8.888523278071068 0.05507123892439258 2.000250455373406 0.02804783736223025 0.04928313420394555
4.983313888888889 8.90862542266598 0.046374827858983295 1.9989026247424526 0.021138157684967133 0.041219100023230495
4.999938888888889 8.924042403754129 0.039770692476305144 1.9977914389799636 0.015752755395017134 0.0350754839307215
5.016580555555556 8.939342950202217 0.03294009138340897 1.996971766848816 0.01083472260813189 0.028791330925257017
5.033297222222222 8.962299635701275 0.021739526411657557 1.9966939890710382 0.004959016393442622 0.018711293260473588
5.049980555555556 8.97285519125683 0.01646174863387978 1.9966939890710382 0.0024590163934426227 0.013989071038251364
5.066594444444444 8.97285519125683 0.01646174863387978 1.9966939890710382 0.0024590163934426227 0.013989071038251364
5.083236111111111 8.981598360655738 0.011816939890710382 1.9969672131147542 0.000819672131147541 0.00989071038251366
5.099955555555556 8.98870218579235 0.007718579234972677 1.9975136612021858 0 0.00633879781420765
5.116655555555556 8.998022598870056 0.0014124293785310734 1.9994350282485875 0 0.0011299435028248588
5.1333 8.996666666666666 0.0011111111111111111 2.0005555555555556 0.0016666666666666668 0.0011111111111111111
5.149966666666667 8.996610169491525 0.0011299435028248588 2.0005649717514125 0.0016949152542372883 0.0011299435028248588
5.1665777777777775 8.98688524590164 0.004371584699453553 2.0021857923497266 0.006557377049180328 0.004371584699453553
5.183305555555555 8.98 0.006666666666666667 2.003333333333333 0.010000000000000002 0.006666666666666667
5.199988888888889 8.98 0.006666666666666667 2.003333333333333 0.010000000000000002 0.006666666666666667
5.216586111111111 8.97 0.010000000000000002 2.005 0.015000000000000003 0.010000000000000002
5.233225 8.958333333333332 0.013888888888888892 2.006944444444444 0.020833333333333332 0.013888888888888892
5.249958333333334 8.932786885245902 0.022404371584699455 2.0112021857923494 0.03360655737704918 0.022404371584699455
5.266566666666667 8.930508474576271 0.023163841807909605 2.0115819209039545 0.03474576271186441 0.023163841807909605
5.283247222222222 8.915 0.028333333333333332 2.0141666666666667 0.042499999999999996 0.028333333333333332
5.2999833333333335 8.879717514124291 0.04009416195856874 2.020047080979284 0.060141242937853105 0.04009416195856874
5.316663888888889 8.858406038714456 0.04719798709518076 2.02359899354759 0.07079698064277114 0.04719798709518076
5.333311111083333 8.83673937204779 0.05442020931740298 2.0272101046587014 0.08163031397610448 0.05442020931740298
5.3499638888888885 8.812149208113365 0.0626169306288784 2.031308465314439 0.09392539594331759 0.0626169306288784
5.366622222222222 8.808965296386472 0.06367823453784244 2.031839117268921 0.09551735180676366 0.06367823453784244
5.3833166666666665 8.781846652318674 0.0727177825604413 2.0363588912802206 0.10907667384066196 0.0727177825604413
5.399972222222222 8.733300689171399 0.08889977027619998 2.0444498851381 0.13334965541429994 0.08889977027619998
5.416622222222222 8.724260034567036 0.09191332181098642 2.0459566609054933 0.1378699827164796 0.09191332181098642
5.433275 8.672144812538999 0.10928506248699926 2.0546425312434997 0.16392759373049887 0.10928506248699926
5.449941666666667 8.666680559414651 0.11110648019511592 2.055553240097558 0.16665972029267387 0.11110648019511592
5.466633333333333 8.596680559414649 0.13443981352844928 2.0672199067642243 0.20165972029267387 0.13443981352844928
5.483313888888889 8.566205548900193 0.14459815036660154 2.0722990751833006 0.2168972255499023 0.14459815036660154
5.4999416666666665 8.55150065225274 0.14949978258241853 2.074749891291209 0.2242496738736278 0.14949978258241853
5.516633333333333 8.479992590534405 0.17333580315519742 2.0866679015775986 0.2600037047327961 0.17333580315519742
5.533261111111111 8.479992590534405 0.17333580315519742 2.0866679015775986 0.2600037047327961 0.17333580315519742
5.549902777777778 8.43665925720107 0.18778024759964188 2.093890123799821 0.28167037139946277 0.18778024759964188
5.566666666666666 8.346659257201072 0.2177802475996419 2.108890123799821 0.32667037139946287 0.2177802475996419
5.5833305555555555 8.299118273594514 0.23362724213516103 2.1168136210675805 0.35044086320274154 0.23362724213516103
5.599972222222222 8.287238922299506 0.23758702590016376 2.118793512950082 0.3563805388502457 0.23758702590016376
5.616666666666666 8.199118273594515 0.26696057546849433 2.133480287734247 0.4004408632027416 0.26696057546849433
5.633244444444444 8.199118273594515 0.26696057546849433 2.133480287734247 0.4004408632027416 0.26696057546849433
5.649997222222222 8.091686579605444 0.302771140131518 2.151385570065759 0.4541567101972771 0.302771140131518
5.666574999972222 8.091686579605444 0.302771140131518 2.151385570065759 0.4541567101972771 0.302771140131518
5.683283333333334 8.035754376215614 0.32141520792812817 2.160707603964064 0.48212281189219236 0.32141520792812817
5.699994444444444 7.919087709548947 0.3603040968170171 2.180152048408509 0.5404561452255258 0.3603040968170171
5.716625 7.859087709548946 0.3803040968170171 2.1901520484085086 0.5704561452255257 0.3803040968170171
5.733330555555556 7.796792627581734 0.4010691241394214 2.200534562069711 0.6016036862091323 0.4010691241394214
5.749958333333334 7.796792627581734 0.4010691241394214 2.200534562069711 0.6016036862091323 0.4010691241394214
5.766658333333333 7.666792627581734 0.4444024574727548 2.222201228736378 0.6666036862091324 0.4444024574727548
5.783322222222222 7.644195892456001 0.4519347025146659 2.225967351257333 0.677902053771999 0.4519347025146659
5.799963888888889 7.598459294248401 0.4671802352505326 2.2335901176252664 0.7007703528757989 0.4671802352505326
5.816613888888889 7.484230592286564 0.505256469237812 2.2526282346189057 0.757884703856718 0.505256469237812
5.833291666666667 7.458967768824674 0.5136774103917755 2.2568387051958876 0.7705161155876633 0.5136774103917755
5.849936111111111 7.339968297204598 0.5533439009318011 2.2766719504658997 0.8300158513977017 0.5533439009318011
5.866641666666666 7.237301102158008 0.5875662992806645 2.293783149640332 0.8813494489209968 0.5875662992806645
5.883325 7.207424849652212 0.5975250501159299 2.2987625250579646 0.896287575173895 0.5975250501159299
5.899952777777778 7.112099444745582 0.6293001850848067 2.314650092542403 0.94395027762721 0.6293001850848067
5.916652777777778 7.048102815753907 0.6506323947486985 2.3253161973743492 0.9759485921230476 0.6506323947486985
5.933216666666667 6.998967768824675 0.667010743725109 2.3335053718625547 1.0005161155876636 0.667010743725109
5.949997222222223 6.832310363990001 0.7225632120033344 2.361281606001668 1.0838448180050018 0.7225632120033344
5.966577777777778 6.832310363990001 0.7225632120033344 2.361281606001668 1.0838448180050018 0.7225632120033344
5.983263888888889 6.697354456383608 0.7675485145387989 2.3837742572694003 1.1513227718081982 0.7675485145387989
5.9999666666666664 6.619298675244069 0.7935671082519785 2.39678355412599 1.1903506623779678 0.7935671082519785
6.016588888888889 6.569146522182092 0.8102844926059709 2.4051422463029866 1.2154267389089564 0.8102844926059709
6.033327777777778 6.385676576826899 0.8714411410577013 2.435720570528851 1.307161711586552 0.8714411410577013
6.049919444444445 6.2923432434935656 0.9025522521688124 2.451276126084407 1.3538283782532186 0.9025522521688124
6.066605555555555 6.2923432434935656 0.9025522521688124 2.451276126084407 1.3538283782532186 0.9025522521688124
6.083327777777778 6.144349978819256 0.9519729220472597 2.4747748691576446 1.4270120570832519 0.9519729220472597
6.0999888888888885 5.997033589577355 1.0011724707480474 2.4982433391991608 1.5002400358124173 1.0011724707480474
6.11665 5.997033589577355 1.0011724707480474 2.4982433391991608 1.5002400358124173 1.0011724707480474
6.133330555555555 5.796236686116517 1.0719557130066995 2.5252424284523474 1.594998687907135 1.0705804853199965
6.149986111111111 5.749859250520411 1.0895882584263694 2.5295316549679097 1.6150753017307482 1.0874293405727458
6.166591666666666 5.649854479351611 1.1231336231187887 2.5457869653058047 1.664738871280943 1.12090152160911
6.183319444444445 5.514579126917973 1.1727480627334752 2.5611349603284865 1.7258821123151493 1.168886496248958
6.199916666666667 5.514579126917973 1.1727480627334752 2.5611349603284865 1.7258821123151493 1.168886496248958
6.216561111111111 5.427403985675034 1.2041604921120062 2.571897672192893 1.7660798524281438 1.1994514680003703
6.233322222222222 5.312747089735007 1.246715238142957 2.584106999971152 1.8171823685085564 1.2404440668856103
6.249975 5.185737319008365 1.291660492112006 2.60106433885956 1.8769131857614771 1.2844514680003705
6.266586111111111 5.185737319008365 1.291660492112006 2.60106433885956 1.8769131857614771 1.2844514680003705
6.283325 5.041525964002346 1.3443618597758635 2.617690099101603 1.9423503442314223 1.3354857059059617
6.299966666666666 4.993077251527811 1.360932964743816 2.625052078182421 1.9659495026082259 1.3519063675879837
6.316611111111111 4.972853647618166 1.3696066808681422 2.6253690068228837 1.973296671915038 1.359883069371122
6.3333305555555555 4.846632166342503 1.4163493717390632 2.638935738322374 2.029684248711062 1.4049449692815907
6.349905555555556 4.846632166342503 1.4163493717390632 2.638935738322374 2.029684248711062 1.4049449692815907
6.366613888888889 4.790666774721373 1.4373193170942544 2.6445595998888587 2.054333611188293 1.4250815813034488
6.383330555555555 4.686674307678059 1.476613102404989 2.654484270322003 2.099663178043284 1.4627086999475167
6.399941666666667 4.686674307678059 1.476613102404989 2.654484270322003 2.099663178043284 1.4627086999475167
6.4166638888888885 4.595579867864529 1.511607545305795 2.662259269550183 2.1385437312833817 1.4960364761816556
6.433291666666666 4.553132069014776 1.5264935488985487 2.6681167712939717 2.158688540288184 1.5106585633485765
6.449991666666667 4.556854514839429 1.5283571483882137 2.662604746005645 2.1523927411530526 1.511401998430044
6.466647222222222 4.482246534531198 1.556329767528017 2.6700370473279613 2.185210397950048 1.538258698403878
6.483258333333334 4.482246534531198 1.556329767528017 2.6700370473279613 2.185210397950048 1.538258698403878
6.499983333333334 4.414141954058174 1.5822796822092764 2.676152038466429 2.214566820978207 1.5630405024622347
6.516663888888889 4.399461810379426 1.5909083541724554 2.6726606156031 2.216546262850793 1.570323160754531
6.5333194444444445 4.41306912818831 1.5876712110376743 2.668352016422291 2.207890169855926 1.5666172449238331
6.549902777777778 4.379953613658116 1.599687953443858 2.6722689944737734 2.223021672686859 1.578283087894786
6.566608333333333 4.3498352165725045 1.6143191009848414 2.6699420363681265 2.2314688493717396 1.5912612299712887
6.583319444444444 4.36814392886913 1.6094395528812648 2.6649703089959718 2.2205704529339516 1.5859400076220327
6.599944444444445 4.338487311290172 1.620416550893767 2.668129650211478 2.233809468679572 1.5965253465468807
6.616666666666666 4.327376200179061 1.6287498842271002 2.662574094655923 2.2326983575684602 1.6031920132135475
6.633330555555555 4.351840067899856 1.62166744860822 2.656818378511335 2.218940066837024 1.595722324203597
6.649986111111111 4.352932964074719 1.623580016914231 2.6529932418993134 2.215114930225002 1.5968152203784605
6.666652777777778 4.3349568552993105 1.6331294958476121 2.6502602574789296 2.218962674817079 1.6050852860362452
6.683291666666666 4.3349568552993105 1.6331294958476121 2.6502602574789296 2.218962674817079 1.6050852860362452
6.699966666666667 4.325695853995851 1.6399344293691123 2.645816713054317 2.2182211631291175 1.610553072652008
6.716633333333333 4.37248981198481 1.627602188879627 2.6328308789478556 2.1901396992991873 1.5970438547744747
6.733302777777777 4.37248981198481 1.627602188879627 2.6328308789478556 2.1901396992991873 1.5970438547744747
6.7499722222222225 4.392562671729801 1.6232260504461113 2.625781698619987 2.1767699360933586 1.5918343830076258
6.766588888888889 4.405430965600929 1.6227722546909609 2.617461614415806 2.1647942852926816 1.5900010674653824
6.783325 4.480196912621449 1.5993749022573058 2.6026366613676837 2.1252516257551806 1.5660522731724207
6.799980555555556 4.467144121954781 1.6068707095348207 2.5997048772179334 2.127213617090748 1.5724184998029898
6.816630555555555 4.50217237054235 1.5975486756365154 2.590100357443922 2.1063096622884885 1.5622490082775664
6.833258333333333 4.543247275477755 1.584533975487018 2.5822097959309676 2.084815612361458 1.5489893025840513
6.849911111111111 4.625469497699978 1.56175619770924 2.561098684819856 2.0370378345836806 1.5245448581396068
6.866636111111111 4.670414852891235 1.5490512796764535 2.549964805038435 2.011286468463462 1.5110202679756726
6.883291666666667 4.670414852891235 1.5490512796764535 2.549964805038435 2.011286468463462 1.5110202679756726
6.899991666666667 4.77262194745454 1.5196131641505355 2.5255208236855906 1.9535144021487445 1.4799150226914886
6.916641666666667 4.77262194745454 1.5196131641505355 2.5255208236855906 1.9535144021487445 1.4799150226914886
6.933330555555556 4.8899533049303825 1.4850943935043686 2.4986189064863695 1.8882367015528998 1.4437432465808402
6.949969444444444 4.8899533049303825 1.4850943935043686 2.4986189064863695 1.8882367015528998 1.4437432465808402
6.966627777777778 4.953004306751875 1.4663922077120188 2.4844067024790837 1.8533778673088197 1.424207727455157
6.9832666666388885 5.041473306301342 1.441246312927477 2.462673482747091 1.8028701475456925 1.397499383852702
7 5.1631171467382915 1.403261091043809 2.4383375011577297 1.738376092124355 1.3585902719891327
7.016588888888889 5.1631171467382915 1.403261091043809 2.4383375011577297 1.738376092124355 1.3585902719891327
7.0333 5.288395304099349 1.364094914039571 2.4133457684815305 1.672020385140377 1.3184892737357221
7.04997777775 5.399028159695277 1.3317268206685768 2.3876546246882118 1.610192648766845 1.2844990173941466
7.066588888888889 5.44713152319754 1.3159349228319046 2.379286401045063 1.5858092777631896 1.268618533071033
7.083263888888889 5.485417048584164 1.3053671715457695 2.36949672995137 1.5639060990592426 1.257262175288883
7.099955555555556 5.670499429773103 1.2483378620574432 2.335004264311364 1.465827774833378 1.1984146839823755
7.116561111111111 5.670499429773103 1.2483378620574432 2.335004264311364 1.465827774833378 1.1984146839823755
7.133313888888889 5.821024287043551 1.1959937317278082 2.314340723943747 1.3939836036612459 1.146816794019163
7.1499333333055555 5.870227150844005 1.1795881627757305 2.3061917578673996 1.3694024560719937 1.1304112815697556
7.166652777777778 5.9707735989314354 1.1437958130489545 2.2930770037690382 1.3224079205528683 1.095438603974127
7.1832972222222224 6.120560722077166 1.09143077033227 2.2720557100476095 1.2510363033870975 1.0439488627985474
7.199983333333333 6.265726517952151 1.0384944947815344 2.25509206968241 1.1849879582176515 0.9926514100004925
7.216577777777778 6.265726517952151 1.0384944947815344 2.25509206968241 1.1849879582176515 0.9926514100004925
7.233333333333333 6.453504295729931 0.9712722725593121 2.231203180793521 1.0977657359954296 0.9270958544449369
7.249994444444445 6.545726517952152 0.9382167170037565 2.219536514126854 1.0549879582176516 0.8948736322227145
7.266602777777778 6.63612199817814 0.9057308412975419 2.208237079098606 1.0131800486131317 0.8632352141436184
7.2833 6.674874096568662 0.8908827947188936 2.204823356490432 0.9965705396194738 0.8490838171904443
7.299997222222222 6.810559341884725 0.8429541440668299 2.1865736540731358 0.9326298957929038 0.8021256466711723
7.316661111111111 6.895870076348001 0.8121631836148525 2.1761216766720053 0.8933643590697399 0.7721821438463136
7.333280555555556 6.979758965236892 0.7818854058370748 2.165843898894228 0.8547532479586287 0.7427376994018692
7.349894444444445 6.979758965236892 0.7818854058370748 2.165843898894228 0.8547532479586287 0.7427376994018692
7.366586111111111 7.092112643402406 0.7403790877085982 2.1535623049232844 0.8044021018172305 0.7026928190838057
7.3833166666666665 7.187890473122263 0.7072845935066298 2.139558767237068 0.7582236419918259 0.6700157395047258
7.399991666666667 7.247303900233008 0.6840949347031337 2.1349830699506067 0.7333638504511103 0.6480480103406364
7.416652777777778 7.369203409681336 0.640496516948186 2.1194550100053395 0.6766976924030732 0.605515477179647
7.433261111111111 7.395937780014429 0.6299965740473961 2.1174967311527926 0.6656042876095802 0.5955889939471938
7.449988888888889 7.51364785412578 0.5877187391704083 2.1027883433386725 0.6111421368475176 0.5544043660685359
7.466647222222222 7.5842034096813356 0.561885405837075 2.094732787783117 0.5791976924030732 0.5294043660685361
7.4833083333333335 7.652564991602239 0.5367441628992219 2.0871056691390493 0.5484067319510958 0.5051105807578016
7.4999666666666664 7.674654090100564 0.5279450782615297 2.0856777073498844 0.5394164576568156 0.4968300794339032
7.5166305555555555 7.763060443437305 0.4966889792195478 2.073892770875869 0.49781475565648164 0.4662141499231881
7.533236111111111 7.763060443437305 0.4966889792195478 2.073892770875869 0.49781475565648164 0.4662141499231881
7.5498972222222225 7.806742378725513 0.4812277095000431 2.0681006451052157 0.4772852757511808 0.4510753887997609
7.566583333333333 7.849550724551106 0.46598609036846483 2.0625702470661262 0.45729612854213714 0.4361819745681778
7.583311111083333 7.936936274991813 0.4348485751250329 2.05132342246863 0.4165281586510714 0.4057639519841691
7.5999 7.936936274991813 0.4348485751250329 2.05132342246863 0.4165281586510714 0.4057639519841691
7.616661111111111 8.022606826249364 0.4040881439976757 2.0406815390397735 0.3769002904240679 0.37579278036093017
7.633302777777778 8.022606826249364 0.4040881439976757 2.0406815390397735 0.3769002904240679 0.37579278036093017
7.649988888888889 8.108074960654944 0.37326699974643274 2.030287179593567 0.33756090397761007 0.3458067263174395
7.6666638888888885 8.150903126534708 0.3577323397413614 2.025226256518772 0.31797878872382884 0.3307228608437882
7.6833277777777775 8.192377801202833 0.3425494300370169 2.0205525619959794 0.2992173734815964 0.3160264405012714
7.69995 8.192377801202833 0.3425494300370169 2.0205525619959794 0.2992173734815964 0.3160264405012714
7.716644444444444 8.274322955863946 0.31244515046412397 2.0114980610880067 0.26230463760138056 0.2869211826502617
7.733263888888889 8.274322955863946 0.31244515046412397 2.0114980610880067 0.26230463760138056 0.2869211826502617
7.749905555555555 8.313619831716062 0.297860624749576 2.0074001928507896 0.24481850653474396 0.272868744591934
7.766561111111111 8.352441013161604 0.28336863863289985 2.003490567506733 0.22766632519847896 0.25893249447175476
7.7832333333333334 8.390754066491034 0.2689755016321324 1.9997820197985525 0.21087086289238377 0.24512035419459766
7.799997222222222 8.429959555646946 0.2542623890128262 1.995964521974577 0.19366275104962186 0.2309961992597408
7.816577777777778 8.46718081490838 0.24007816017979836 1.9926938359898447 0.17763884829683507 0.217448489718306
7.833275 8.503778720963055 0.22601502587524058 1.9896701084123611 0.16205280394635138 0.20405292442688255
7.849983333333333 8.577476775029536 0.19743459985174866 1.9840121652540206 0.13104696483248907 0.1769103393547568
7.866577777777778 8.577476775029536 0.19743459985174866 1.9840121652540206 0.13104696483248907 0.1769103393547568
7.883330555555555 8.648267293617002 0.16938727626886818 1.979558372274728 0.10212959328682136 0.15045704994760573
7.899963888888889 8.648267293617002 0.16938727626886818 1.979558372274728 0.10212959328682136 0.15045704994760573
7.916611111111111 8.68312353446884 0.15542216873353162 1.97762442906378 0.08811771040453363 0.13733222301081335
7.933233333333333 8.715022302120332 0.14224375450687066 1.9765089365608406 0.07587345451132982 0.1250655246206461
7.9499305555555555 8.748106371758393 0.12858747149092034 1.9753358628531312 0.06315806431132555 0.11235047978065549
7.966641666666667 8.777846968882384 0.1158173948694331 1.9750935152628222 0.05244568242176975 0.10060352462249353
7.983255555555556 8.806321353326625 0.10329085512576955 1.975356854281452 0.042626276664116725 0.08916405143361313
7.999930555555555 8.83340698838017 0.09103142034488039 1.976174817322789 0.0337862640833893 0.07806181653362214
