# SectorTime LastMileTripTimeOStation
0.006111111111111111 27.994764397905758
0.007222222222222222 27.994764397905758
0.010277777777777778 27.979166666666668
0.01138888888888889 27.979166666666668
0.013055555555555556 27.979166666666668
0.013888888888888888 27.979166666666668
0.014166666666666666 27.979166666666668
0.014444444444444444 27.979166666666668
0.014722222222222222 27.979166666666668
0.015277777777777777 28.041450777202073
0.017222222222222222 28.087628865979383
0.018055555555555554 28.087628865979383
0.01888888888888889 28.087628865979383
0.02 28.087628865979383
0.021111111111111112 28.04102564102564
0.021111111111111112 28.04102564102564
0.021666666666666667 28.04591836734694
0.02388888888888889 28.101522842639593
0.026111111111111113 28.075757575757574
0.02638888888888889 28.075757575757574
0.02666666666666667 28.075757575757574
0.029444444444444443 28.08
0.03666666666666667 28.11822660098522
0.03722222222222222 28.11822660098522
0.03888888888888889 28.11822660098522
0.04 28.11822660098522
0.043333333333333335 28.16176470588235
0.04583333333333333 28.102439024390243
0.0475 28.102439024390243
0.04888888888888889 28.102439024390243
0.050277777777777775 28.102439024390243
0.05527777777777778 28.11111111111111
0.060833333333333336 28.11111111111111
0.0625 28.096153846153847
0.06277777777777778 28.096153846153847
0.06305555555555556 28.096153846153847
0.06416666666666666 28.096153846153847
0.06555555555555556 28.24401913875598
0.07333333333333333 28.29245283018868
0.07611111111111112 28.24413145539906
0.0763888888888889 28.24413145539906
0.08027777777777778 28.22325581395349
0.0825 28.253456221198157
0.08527777777777777 28.515981735159816
0.08638888888888889 28.515981735159816
0.09194444444444444 28.527272727272727
0.09638888888888889 28.43946188340807
0.09666666666666666 28.43946188340807
0.09722222222222222 28.43946188340807
0.0975 28.43946188340807
0.09972222222222223 28.43946188340807
0.10166666666666667 28.441964285714285
0.10222222222222223 28.441964285714285
0.10805555555555556 28.48230088495575
0.11166666666666666 28.48230088495575
0.1125 28.48230088495575
0.11388888888888889 28.48230088495575
0.12 28.45414847161572
0.12166666666666667 28.55217391304348
0.12416666666666666 28.55217391304348
0.125 28.55217391304348
0.12916666666666668 28.534188034188034
0.1322222222222222 28.51914893617021
0.13777777777777778 28.616033755274263
0.1388888888888889 28.616033755274263
0.14055555555555554 28.613445378151262
0.14305555555555555 28.615062761506277
0.14472222222222222 28.615062761506277
0.14527777777777778 28.615062761506277
0.14888888888888888 28.643153526970956
0.14944444444444444 28.643153526970956
0.15361111111111111 28.6900826446281
0.15833333333333333 28.722448979591835
0.16055555555555556 28.723577235772357
0.16083333333333333 28.723577235772357
0.1675 28.66532258064516
0.1686111111111111 28.616
0.1686111111111111 28.616
0.16916666666666666 28.616
0.1711111111111111 28.616
0.17277777777777778 28.641434262948206
0.18305555555555555 28.731225296442688
0.18805555555555556 28.811764705882354
0.19083333333333333 28.782101167315176
0.1913888888888889 28.782101167315176
0.195 28.84942084942085
0.19777777777777777 28.804597701149426
0.20222222222222222 28.87786259541985
0.20277777777777778 28.87786259541985
0.21083333333333334 28.86466165413534
0.21388888888888888 28.87313432835821
0.21416666666666667 28.87313432835821
0.21472222222222223 28.87313432835821
0.21944444444444444 28.888475836431226
0.22027777777777777 28.888475836431226
0.2225 28.85239852398524
0.225 28.794117647058822
0.2311111111111111 28.90909090909091
0.23416666666666666 28.956521739130434
0.24 28.989208633093526
0.24444444444444444 28.953405017921146
0.24472222222222223 28.953405017921146
0.25027777777777777 28.98932384341637
0.25722222222222224 29.094405594405593
0.2594444444444444 29.083623693379792
0.2625 29.083623693379792
0.26361111111111113 29.083623693379792
0.2702777777777778 29.20689655172414
0.27361111111111114 29.185567010309278
0.27416666666666667 29.185567010309278
0.2758333333333333 29.255102040816325
0.2775 29.255102040816325
0.28055555555555556 29.255102040816325
0.2872222222222222 29.210169491525424
0.28805555555555556 29.219594594594593
0.28833333333333333 29.219594594594593
0.2925 29.19732441471572
0.2975 29.229235880398672
0.29888888888888887 29.264900662251655
0.30527777777777776 29.263157894736842
0.30694444444444446 29.248366013071895
0.3088888888888889 29.248366013071895
0.31222222222222223 29.27361563517915
0.3138888888888889 29.27361563517915
0.32083333333333336 29.27508090614887
0.3244444444444444 29.291666666666668
0.32861111111111113 29.291666666666668
0.33194444444444443 29.218354430379748
0.3358333333333333 29.218354430379748
0.3375 29.271293375394322
0.33805555555555555 29.270440251572328
0.3386111111111111 29.270440251572328
0.3411111111111111 29.266457680250785
0.34305555555555556 29.271875
0.3502777777777778 29.30745341614907
0.3525 29.30745341614907
0.35305555555555557 29.416666666666668
0.35444444444444445 29.416666666666668
0.3625 29.50609756097561
0.3630555555555556 29.50609756097561
0.3647222222222222 29.50609756097561
0.36527777777777776 29.50609756097561
0.3672222222222222 29.50609756097561
0.36972222222222223 29.506060606060608
0.37527777777777777 29.594594594594593
0.3775 29.594594594594593
0.38027777777777777 29.594594594594593
0.38305555555555554 29.61377245508982
0.3894444444444444 29.655786350148368
0.39111111111111113 29.655786350148368
0.39222222222222225 29.662721893491124
0.3952777777777778 29.662721893491124
0.39694444444444443 29.66176470588235
0.39694444444444443 29.66176470588235
0.4025 29.75801749271137
0.4036111111111111 29.75801749271137
0.40694444444444444 29.747826086956522
0.4127777777777778 29.777456647398843
0.4127777777777778 29.777456647398843
0.41638888888888886 29.80979827089337
0.4175 29.80979827089337
0.42 29.893982808022923
0.42388888888888887 30.016901408450703
0.42583333333333334 30.016901408450703
0.4266666666666667 30.002808988764045
0.42833333333333334 30.002808988764045
0.43472222222222223 30.053072625698324
0.4375 30.030640668523677
0.43972222222222224 30.052777777777777
0.44416666666666665 30.088154269972453
0.4483333333333333 30.07967032967033
0.45111111111111113 30.12568306010929
0.45361111111111113 30.152173913043477
0.45611111111111113 30.15718157181572
0.4563888888888889 30.164864864864864
0.46055555555555555 30.175202156334233
0.46555555555555556 30.195710455764075
0.4663888888888889 30.195710455764075
0.4716666666666667 30.26790450928382
0.47305555555555556 30.26790450928382
0.47555555555555556 30.26790450928382
0.4816666666666667 30.304461942257216
0.48277777777777775 30.304461942257216
0.4836111111111111 30.345549738219894
0.4911111111111111 30.39378238341969
0.4922222222222222 30.39378238341969
0.4922222222222222 30.39378238341969
0.49333333333333335 30.39378238341969
0.49444444444444446 30.385012919896642
0.49833333333333335 30.491002570694086
0.49944444444444447 30.491002570694086
0.5077777777777778 30.593350383631712
0.515 30.70909090909091
0.5172222222222222 30.722077922077922
0.5205555555555555 30.708333333333332
0.5213888888888889 30.804177545691907
0.5238888888888888 30.801047120418847
0.5258333333333334 30.811023622047244
0.5286111111111111 30.67195767195767
0.5291666666666667 30.67195767195767
0.5302777777777777 30.689655172413794
0.5308333333333334 30.71693121693122
0.5336111111111111 30.696569920844325
0.5425 30.79787234042553
0.5447222222222222 30.797333333333334
0.5516666666666666 30.81401617250674
0.5533333333333333 30.81401617250674
0.5625 30.848238482384822
0.5652777777777778 30.832876712328765
0.5672222222222222 30.835164835164836
0.5683333333333334 30.835164835164836
0.5719444444444445 30.835164835164836
0.5738888888888889 30.85123966942149
0.5772222222222222 30.897506925207757
0.5797222222222222 30.897506925207757
0.5805555555555556 30.930555555555557
0.5811111111111111 30.930555555555557
0.5847222222222223 30.958217270194986
0.5847222222222223 30.958217270194986
0.5886111111111111 30.969187675070028
0.5925 30.9438202247191
0.595 30.9438202247191
0.5963888888888889 30.9438202247191
0.6002777777777778 30.866096866096868
0.605 30.856733524355302
0.6063888888888889 30.856733524355302
0.6163888888888889 30.92753623188406
0.6186111111111111 30.92753623188406
0.6197222222222222 30.92753623188406
0.6202777777777778 30.915697674418606
0.6252777777777778 30.944444444444443
0.6275 30.944444444444443
0.6286111111111111 30.944444444444443
0.6291666666666667 30.944444444444443
0.6302777777777778 30.923753665689148
0.6325 30.938235294117646
0.6352777777777778 30.938235294117646
0.6394444444444445 31.011834319526628
0.6427777777777778 31.023738872403563
0.6475 31.050898203592816
0.6483333333333333 31.050898203592816
0.6525 31.039156626506024
0.6577777777777778 31.042296072507554
0.6580555555555555 31.042296072507554
0.6583333333333333 31.042296072507554
0.6605555555555556 31.078787878787878
0.6641666666666667 31.091463414634145
0.6663888888888889 31.091463414634145
0.6677777777777778 31.110091743119266
0.6686111111111112 31.110091743119266
0.6725 31.21981424148607
0.6736111111111112 31.273291925465838
0.6761111111111111 31.273291925465838
0.6841666666666667 31.27102803738318
0.6861111111111111 31.27102803738318
0.6883333333333334 31.29375
0.6888888888888889 31.29375
0.6919444444444445 31.267295597484278
0.6930555555555555 31.267295597484278
0.6952777777777778 31.242902208201894
0.6958333333333333 31.242902208201894
0.6983333333333334 31.27848101265823
0.7047222222222222 31.305732484076433
0.7066666666666667 31.206349206349206
0.7086111111111111 31.206349206349206
0.7091666666666666 31.206349206349206
0.7119444444444445 31.222929936305732
0.7133333333333334 31.222929936305732
0.7158333333333333 31.228295819935692
0.7213888888888889 31.27831715210356
0.7222222222222222 31.27831715210356
0.7236111111111111 31.334415584415584
0.7258333333333333 31.34527687296417
0.7263888888888889 31.34527687296417
0.7263888888888889 31.34527687296417
0.7313888888888889 31.352941176470587
0.7386111111111111 31.41311475409836
0.7397222222222222 31.41311475409836
0.7427777777777778 31.43421052631579
0.7472222222222222 31.443708609271525
0.7494444444444445 31.443708609271525
0.7511111111111111 31.491694352159467
0.7516666666666667 31.491694352159467
0.7530555555555556 31.491694352159467
0.755 31.491694352159467
0.7552777777777778 31.491694352159467
0.7588888888888888 31.473333333333333
0.7677777777777778 31.316498316498315
0.7694444444444445 31.316498316498315
0.7702777777777777 31.316498316498315
0.7711111111111111 31.35135135135135
0.7747222222222222 31.329931972789115
0.7752777777777777 31.329931972789115
0.7755555555555556 31.329931972789115
0.7830555555555555 31.36082474226804
0.7875 31.379310344827587
0.7916666666666666 31.32179930795848
0.7916666666666666 31.32179930795848
0.7922222222222223 31.32179930795848
0.7927777777777778 31.375
0.7936111111111112 31.375
0.7980555555555555 31.386759581881535
0.8008333333333333 31.367132867132867
0.8027777777777778 31.367132867132867
0.8063888888888889 31.396491228070175
0.8069444444444445 31.396491228070175
0.8091666666666667 31.452296819787986
0.8166666666666667 31.466192170818506
0.8202777777777778 31.466192170818506
0.8211111111111111 31.507142857142856
0.8216666666666667 31.507142857142856
0.8225 31.507142857142856
0.8311111111111111 31.503597122302157
0.8311111111111111 31.503597122302157
0.8311111111111111 31.503597122302157
0.8313888888888888 31.503597122302157
0.8372222222222222 31.554347826086957
0.8380555555555556 31.58909090909091
0.8402777777777778 31.655677655677657
0.8413888888888889 31.683823529411764
0.8436111111111111 31.715867158671585
0.8466666666666667 31.715867158671585
0.8530555555555556 31.75092936802974
0.8530555555555556 31.75092936802974
0.8552777777777778 31.730337078651687
0.8588888888888889 31.730337078651687
0.8591666666666666 31.730337078651687
0.8625 31.730337078651687
0.8675 31.80534351145038
0.8691666666666666 31.80534351145038
0.8725 31.671755725190838
0.875 31.671755725190838
0.875 31.671755725190838
0.8816666666666667 31.764478764478763
0.8844444444444445 31.84108527131783
0.8858333333333334 31.84108527131783
0.8880555555555556 31.84108527131783
0.8922222222222222 31.8828125
0.8963888888888889 31.893700787401574
0.8969444444444444 31.893700787401574
0.8972222222222223 31.88095238095238
0.8980555555555556 31.88095238095238
0.8997222222222222 31.88095238095238
0.9041666666666667 31.84
0.9058333333333334 31.84
0.9086111111111111 31.839357429718877
0.9130555555555555 31.93522267206478
0.9183333333333333 31.96734693877551
0.9183333333333333 31.96734693877551
0.9202777777777778 31.959016393442624
0.9205555555555556 31.959016393442624
0.9219444444444445 31.959016393442624
0.9225 31.959016393442624
0.9225 31.959016393442624
0.9236111111111112 31.959016393442624
0.9266666666666666 31.884297520661157
0.9286111111111112 31.9625
0.9297222222222222 31.9625
0.9363888888888889 31.97071129707113
0.9397222222222222 32.016806722689076
0.9405555555555556 32.0253164556962
0.9422222222222222 32.0253164556962
0.9430555555555555 32.0253164556962
0.945 32.07203389830509
0.9494444444444444 32.13191489361702
0.9502777777777778 32.13191489361702
0.9522222222222222 32.14529914529915
0.9536111111111111 32.14529914529915
0.955 32.128755364806864
0.9563888888888888 32.00858369098712
0.9597222222222223 32.025862068965516
0.9608333333333333 32.077922077922075
0.9633333333333334 32.077922077922075
0.9669444444444445 32.10480349344978
0.9680555555555556 32.10480349344978
0.9711111111111111 32.10480349344978
0.9713888888888889 32.10480349344978
0.9758333333333333 32.18141592920354
0.9772222222222222 32.18141592920354
0.9808333333333333 32.18141592920354
0.9816666666666667 32.18141592920354
0.9836111111111111 32.223214285714285
0.9866666666666667 32.224215246636774
0.9875 32.224215246636774
0.9877777777777778 32.224215246636774
0.9880555555555556 32.224215246636774
0.9941666666666666 32.26027397260274
0.9952777777777778 32.321100917431195
0.9972222222222222 32.321100917431195
1.0022222222222221 32.33796296296296
1.0025 32.33796296296296
1.0030555555555556 32.33796296296296
1.0075 32.33796296296296
1.0102777777777778 32.372093023255815
1.0161111111111112 32.33644859813084
1.018888888888889 32.31455399061033
1.0194444444444444 32.31455399061033
1.0202777777777778 32.31455399061033
1.0208333333333333 32.37735849056604
1.0308333333333333 32.47572815533981
1.031388888888889 32.453658536585365
1.0391666666666666 32.31219512195122
1.1225 32.20670391061452
1.2058333333333333 32.25170068027211
1.2891666666666666 32.02608695652174
1.3725 31.646341463414632
1.4558333333333333 27.363636363636363
1.5391666666666666 5.076923076923077
1.6225 0
1.7058333333333333 0
1.7891666666666666 0
1.8725 0
1.9558333333333333 0
2.0391666666666666 0
2.1225 0
2.2058333333333335 0
2.2891666666666666 0
2.3725 0
2.4558333333333335 0
2.5391666666666666 0
2.6225 22.945945945945947
2.7058333333333335 25.926470588235293
2.7891666666666666 27.96078431372549
2.8725 29.444444444444443
2.9558333333333335 30.123529411764707
3.0391666666666666 30.730392156862745
3.05 31.057692307692307
3.0516666666666667 30.97142857142857
3.0522222222222224 30.97142857142857
3.056388888888889 31.037735849056602
3.056388888888889 31.037735849056602
3.06 31.079812206572768
3.0630555555555556 31.093457943925234
3.066388888888889 31.186046511627907
3.0675 31.194444444444443
3.0705555555555555 31.31336405529954
3.071111111111111 31.3302752293578
3.0727777777777776 31.3302752293578
3.0791666666666666 31.3302752293578
3.0794444444444444 31.3302752293578
3.082777777777778 31.347031963470318
3.0855555555555556 31.285067873303166
3.088888888888889 31.30493273542601
3.0925 31.402654867256636
3.1044444444444443 31.441048034934497
3.1044444444444443 31.441048034934497
3.1058333333333334 31.441048034934497
3.1102777777777777 31.33191489361702
3.1102777777777777 31.33191489361702
3.1152777777777776 31.33191489361702
3.1166666666666667 31.264705882352942
3.125 31.418410041841003
3.129722222222222 31.418410041841003
3.1308333333333334 31.398340248962654
3.131666666666667 31.398340248962654
3.1358333333333333 31.37295081967213
3.1394444444444445 31.34552845528455
3.141111111111111 31.34552845528455
3.1433333333333335 31.34552845528455
3.1461111111111113 31.336032388663966
3.1475 31.375
3.1494444444444443 31.375
3.1519444444444447 31.384
3.155 31.384
3.1591666666666667 31.47808764940239
3.1644444444444444 31.75
3.165277777777778 31.735408560311285
3.1658333333333335 31.735408560311285
3.1666666666666665 31.67829457364341
3.168888888888889 31.67829457364341
3.1727777777777777 31.714285714285715
3.176388888888889 31.68199233716475
3.1777777777777776 31.68199233716475
3.1825 31.68199233716475
3.1858333333333335 31.614503816793892
3.187222222222222 31.61596958174905
3.1875 31.61596958174905
3.187777777777778 31.61596958174905
3.193888888888889 31.752808988764045
3.1983333333333333 31.814126394052046
3.1994444444444445 31.814126394052046
3.2005555555555554 31.814126394052046
3.202777777777778 31.814126394052046
3.207222222222222 32.011070110701105
3.2080555555555557 32.0514705882353
3.2130555555555556 32.00727272727273
3.214722222222222 32.02173913043478
3.2158333333333333 32.02173913043478
3.2175 32.02173913043478
3.2197222222222224 32.014440433213
3.2216666666666667 32.014440433213
3.222777777777778 32
3.2247222222222223 31.92831541218638
3.2311111111111113 31.87900355871886
3.2325 31.911347517730498
3.234166666666667 31.911347517730498
3.235 31.911347517730498
3.2455555555555557 32.01038062283737
3.2472222222222222 32.01038062283737
3.2480555555555557 32.01038062283737
3.2494444444444444 32.01038062283737
3.251388888888889 32.12068965517241
3.2516666666666665 32.12068965517241
3.252222222222222 32.16438356164384
3.2552777777777777 32.16438356164384
3.2552777777777777 32.16438356164384
3.256111111111111 32.218430034129696
3.2605555555555554 32.2027027027027
3.266111111111111 32.24496644295302
3.2683333333333335 32.2876254180602
3.270277777777778 32.2876254180602
3.2780555555555555 32.18421052631579
3.28 32.170491803278686
3.2808333333333333 32.170491803278686
3.283611111111111 32.170491803278686
3.2841666666666667 32.170491803278686
3.2866666666666666 32.09415584415584
3.2891666666666666 32.09415584415584
3.2913888888888887 32.19869706840391
3.298611111111111 32.193548387096776
3.2994444444444446 32.144694533762056
3.3 32.144694533762056
3.3002777777777776 32.144694533762056
3.303611111111111 32.17515923566879
3.3097222222222222 32.144654088050316
3.3130555555555556 32.203125
3.3141666666666665 32.203125
3.314722222222222 32.203125
3.319722222222222 32.24223602484472
3.3202777777777777 32.24223602484472
3.321111111111111 32.21362229102167
3.3216666666666668 32.21362229102167
3.3272222222222223 32.18827160493827
3.3319444444444444 32.1840490797546
3.332777777777778 32.1840490797546
3.3344444444444443 32.217125382263
3.3383333333333334 32.170212765957444
3.3402777777777777 32.21450151057402
3.3430555555555554 32.21450151057402
3.345 32.23795180722892
3.3469444444444445 32.213213213213216
3.348888888888889 32.213213213213216
3.3533333333333335 32.213213213213216
3.3536111111111113 32.213213213213216
3.356388888888889 32.26865671641791
3.3575 32.26865671641791
3.3630555555555555 32.28613569321534
3.363611111111111 32.28613569321534
3.3644444444444446 32.28613569321534
3.3655555555555554 32.28613569321534
3.3672222222222223 32.25513196480939
3.370277777777778 32.25730994152047
3.3758333333333335 32.32748538011696
3.379166666666667 32.31686046511628
3.379722222222222 32.31686046511628
3.383611111111111 32.2927536231884
3.383888888888889 32.2927536231884
3.3866666666666667 32.3132183908046
3.388333333333333 32.42285714285714
3.3897222222222223 32.45170454545455
3.390277777777778 32.45170454545455
3.391388888888889 32.45170454545455
3.3955555555555557 32.409604519774014
3.3963888888888887 32.409604519774014
3.397777777777778 32.409604519774014
3.408611111111111 32.39495798319328
3.4097222222222223 32.39495798319328
3.411111111111111 32.399441340782126
3.411388888888889 32.399441340782126
3.4116666666666666 32.399441340782126
3.4144444444444444 32.4066852367688
3.417777777777778 32.45983379501385
3.419722222222222 32.472375690607734
3.4225 32.46831955922865
3.423888888888889 32.48626373626374
3.4252777777777776 32.50410958904109
3.426388888888889 32.532786885245905
3.4269444444444446 32.532786885245905
3.433333333333333 32.55978260869565
3.435277777777778 32.56216216216216
3.4366666666666665 32.56216216216216
3.4408333333333334 32.525469168900806
3.446111111111111 32.525469168900806
3.4491666666666667 32.57754010695187
3.4491666666666667 32.57754010695187
3.45 32.57754010695187
3.4522222222222223 32.536
3.4544444444444444 32.536
3.4588888888888887 32.642857142857146
3.461388888888889 32.67368421052632
3.461388888888889 32.67368421052632
3.4655555555555555 32.67015706806283
3.4675 32.67015706806283
3.4683333333333333 32.67015706806283
3.47 32.69190600522193
3.4730555555555553 32.666666666666664
3.473333333333333 32.666666666666664
3.4791666666666665 32.674418604651166
3.4791666666666665 32.674418604651166
3.4825 32.63239074550128
3.4875 32.63775510204081
3.4880555555555555 32.63775510204081
3.4894444444444446 32.57106598984772
3.492777777777778 32.58585858585859
3.495277777777778 32.576826196473554
3.4975 32.576826196473554
3.4980555555555557 32.576826196473554
3.499722222222222 32.576826196473554
3.5025 32.58793969849246
3.504722222222222 32.5625
3.5080555555555555 32.57462686567164
3.5094444444444446 32.57462686567164
3.5105555555555554 32.57462686567164
3.5125 32.67741935483871
3.5166666666666666 32.65432098765432
3.5172222222222222 32.65432098765432
3.522222222222222 32.66748768472906
3.5255555555555556 32.740196078431374
3.526388888888889 32.740196078431374
3.5297222222222224 32.740196078431374
3.5330555555555554 32.72127139364303
3.533888888888889 32.72127139364303
3.5344444444444445 32.702439024390245
3.5441666666666665 33.14182692307692
3.545 33.14182692307692
3.545 33.14182692307692
3.546388888888889 33.14182692307692
3.549166666666667 33.14182692307692
3.5505555555555555 33.18509615384615
3.5516666666666667 33.18509615384615
3.5544444444444445 33.23317307692308
3.555833333333333 33.23317307692308
3.558611111111111 33.24759615384615
3.5616666666666665 33.22836538461539
3.5658333333333334 33.34928229665072
3.5675 33.30935251798561
3.5702777777777777 33.248803827751196
3.571111111111111 33.33253588516747
3.581111111111111 33.17224880382775
3.584722222222222 33.196172248803826
3.584722222222222 33.196172248803826
3.586388888888889 33.247002398081534
3.5880555555555556 33.260765550239235
3.591111111111111 33.31654676258993
3.591666666666667 33.31654676258993
3.5922222222222224 33.31654676258993
3.5955555555555554 33.28365384615385
3.5991666666666666 33.3732057416268
3.6036111111111113 33.43571428571428
3.608888888888889 33.50717703349282
3.609166666666667 33.50717703349282
3.6094444444444442 33.50717703349282
3.609722222222222 33.50717703349282
3.61 33.50717703349282
3.6102777777777777 33.50717703349282
3.616388888888889 33.59855769230769
3.6166666666666667 33.59855769230769
3.6166666666666667 33.59855769230769
3.6233333333333335 33.62740384615385
3.6244444444444444 33.6378896882494
3.6305555555555555 33.67625899280576
3.6305555555555555 33.67625899280576
3.632222222222222 33.72289156626506
3.632222222222222 33.72289156626506
3.6358333333333333 33.88277511961722
3.638888888888889 33.89448441247002
3.6391666666666667 33.89448441247002
3.6444444444444444 33.93719806763285
3.6466666666666665 33.94188861985472
3.6508333333333334 33.948905109489054
3.651388888888889 33.948905109489054
3.656111111111111 34.02933985330073
3.661111111111111 34.041666666666664
3.661111111111111 34.041666666666664
3.6622222222222223 34.041666666666664
3.6625 34.041666666666664
3.6633333333333336 34.041666666666664
3.665 34.058968058968055
3.6661111111111113 34.11358024691358
3.6727777777777777 34.116625310173696
3.6730555555555555 34.12935323383085
3.676388888888889 34.12935323383085
3.6838888888888888 34.12531328320802
3.686111111111111 34.118090452261306
3.6886111111111113 34.18481012658228
3.688888888888889 34.18481012658228
3.691388888888889 34.18481012658228
3.691666666666667 34.18481012658228
3.696111111111111 34.18781725888325
3.6977777777777776 34.18781725888325
3.703888888888889 34.243589743589745
3.7063888888888887 34.243589743589745
3.7066666666666666 34.243589743589745
3.7080555555555557 34.231362467866326
3.7105555555555556 34.2139175257732
3.7125 34.2139175257732
3.7125 34.2139175257732
3.714722222222222 34.19896640826873
3.7177777777777776 34.114285714285714
3.7222222222222223 34.117493472584854
3.7244444444444444 34.154450261780106
3.727222222222222 34.0997375328084
3.7305555555555556 34.0997375328084
3.7325 34.15
3.7358333333333333 34.183023872679044
3.736388888888889 34.183023872679044
3.7394444444444446 34.183023872679044
3.74 34.183023872679044
3.74 34.183023872679044
3.7416666666666667 34.183023872679044
3.7455555555555557 34.183023872679044
3.75 34.24396782841823
3.7519444444444443 34.25606469002695
3.752222222222222 34.25606469002695
3.7555555555555555 34.25
3.756666666666667 34.264305177111716
3.7575 34.264305177111716
3.7583333333333333 34.264305177111716
3.7644444444444445 34.278688524590166
3.7644444444444445 34.278688524590166
3.7672222222222222 34.30684931506849
3.7719444444444443 34.319559228650135
3.7730555555555556 34.319559228650135
3.773888888888889 34.319559228650135
3.777222222222222 34.319559228650135
3.777222222222222 34.319559228650135
3.778888888888889 34.34254143646409
3.785277777777778 34.44134078212291
3.7855555555555553 34.44134078212291
3.7855555555555553 34.44134078212291
3.7930555555555556 34.459154929577466
3.793888888888889 34.459154929577466
3.7983333333333333 34.459154929577466
3.798888888888889 34.48022598870057
3.8027777777777776 34.41193181818182
3.8030555555555554 34.41193181818182
3.8033333333333332 34.41193181818182
3.8044444444444445 34.42450142450142
3.8080555555555557 34.42450142450142
3.8094444444444444 34.42450142450142
3.8097222222222222 34.42450142450142
3.810277777777778 34.462857142857146
3.812777777777778 34.462857142857146
3.8155555555555556 34.35446685878963
3.818888888888889 34.35446685878963
3.8208333333333333 34.31594202898551
3.8247222222222224 34.352769679300295
3.830277777777778 34.35964912280702
3.8313888888888887 34.35964912280702
3.8330555555555557 34.37352941176471
3.8361111111111112 34.40117994100295
3.8369444444444443 34.40117994100295
3.84 34.37869822485207
3.84 34.37869822485207
3.845 34.410714285714285
3.846388888888889 34.45373134328358
3.855277777777778 34.45619335347432
3.856388888888889 34.45619335347432
3.8577777777777778 34.53191489361702
3.8580555555555556 34.53191489361702
3.859722222222222 34.53191489361702
3.861111111111111 34.53191489361702
3.8658333333333332 34.60923076923077
3.866388888888889 34.60923076923077
3.8675 34.45679012345679
3.8730555555555557 34.4984520123839
3.8780555555555556 34.49689440993789
3.879166666666667 34.49689440993789
3.8833333333333333 34.521875
3.8847222222222224 34.37931034482759
3.885 34.37931034482759
3.8866666666666667 34.37931034482759
3.8872222222222224 34.34591194968554
3.8875 34.34591194968554
3.888611111111111 34.40378548895899
3.8891666666666667 34.40378548895899
3.8922222222222222 34.48726114649681
3.895277777777778 34.48726114649681
3.8991666666666664 34.463022508038584
3.9027777777777777 34.463022508038584
3.9072222222222224 34.463022508038584
3.9105555555555553 34.51456310679612
3.9125 34.54248366013072
3.9163888888888887 34.53770491803279
3.9169444444444443 34.53770491803279
3.9183333333333334 34.608552631578945
3.921388888888889 34.600660066006604
3.9233333333333333 34.59602649006622
3.9244444444444446 34.588039867109636
3.926111111111111 34.61666666666667
3.9272222222222224 34.59060402684564
3.9283333333333332 34.59060402684564
3.9338888888888888 34.5993265993266
3.9344444444444444 34.5993265993266
3.9383333333333335 34.69152542372881
3.9383333333333335 34.69152542372881
3.94 34.69152542372881
3.948888888888889 34.665529010238906
3.951111111111111 34.734482758620686
3.955277777777778 34.71180555555556
3.9563888888888887 34.71180555555556
3.957777777777778 34.71180555555556
3.9586111111111113 34.71180555555556
3.9591666666666665 34.75261324041812
3.9608333333333334 34.75261324041812
3.9630555555555556 34.810526315789474
3.9633333333333334 34.810526315789474
3.9697222222222224 34.69257950530035
3.970833333333333 34.751773049645394
3.975 34.660714285714285
3.9766666666666666 34.660714285714285
3.9783333333333335 34.660714285714285
3.9811111111111113 34.76258992805755
3.982222222222222 34.76258992805755
3.983611111111111 34.79783393501805
3.987222222222222 34.79783393501805
3.9875 34.79783393501805
3.988611111111111 34.85818181818182
3.988888888888889 34.85818181818182
3.9916666666666667 34.894160583941606
3.992777777777778 34.894160583941606
3.993888888888889 34.84981684981685
4.0008333333333335 34.75836431226766
4.002777777777778 34.776119402985074
4.003055555555555 34.776119402985074
4.005833333333333 34.78277153558052
4.008055555555556 34.78277153558052
4.012222222222222 34.803030303030305
4.012777777777778 34.82889733840304
4.014722222222222 34.82889733840304
4.021944444444444 34.88122605363985
4.023055555555556 34.85
4.023055555555556 34.85
4.032222222222222 34.824902723735406
4.0344444444444445 34.858823529411765
4.035 34.838582677165356
4.035555555555556 34.838582677165356
4.036388888888889 34.838582677165356
4.036666666666667 34.838582677165356
4.039722222222222 34.838582677165356
4.0408333333333335 34.838582677165356
4.042777777777777 34.838582677165356
4.049722222222222 34.7710843373494
4.053055555555556 34.733870967741936
4.054444444444444 34.733870967741936
4.057777777777778 34.707317073170735
4.058055555555556 34.707317073170735
4.059722222222222 34.68571428571428
4.0633333333333335 34.68852459016394
4.063888888888889 34.68852459016394
4.064722222222223 34.68852459016394
4.067777777777778 34.62809917355372
4.069444444444445 34.62809917355372
4.071111111111111 34.53526970954357
4.074166666666667 34.53333333333333
4.076388888888889 34.53333333333333
4.0777777777777775 34.53333333333333
4.078888888888889 34.53333333333333
4.081388888888889 34.53138075313807
4.088055555555556 34.66101694915254
4.096666666666667 34.51948051948052
4.0969444444444445 34.51948051948052
4.099722222222222 34.56956521739131
4.102777777777778 34.56956521739131
4.106388888888889 34.5764192139738
4.111944444444444 34.775784753363226
4.120833333333334 34.89545454545455
4.124444444444444 34.84474885844749
4.125555555555556 34.903669724770644
4.128055555555555 34.903669724770644
4.1325 35.02336448598131
4.133333333333334 35.02336448598131
4.134444444444444 34.86046511627907
4.217777777777778 34.505494505494504
4.301111111111111 34.83673469387755
4.384444444444444 35.19469026548673
4.467777777777778 34.71052631578947
4.551111111111111 31.5609756097561
4.634444444444444 4.6923076923076925
4.717777777777778 0
4.801111111111111 0
4.884444444444444 0
4.967777777777778 0
5.051111111111111 0
5.134444444444444 0
5.217777777777778 0
5.301111111111111 0
5.384444444444444 0
5.467777777777778 0
5.551111111111111 0
5.634444444444444 19.96
5.717777777777778 26.75
5.801111111111111 29.893333333333334
5.884444444444444 29.76991150442478
5.967777777777778 30.67808219178082
6.051111111111111 30.662983425414364
6.114722222222222 30.876847290640395
6.118055555555555 30.852941176470587
6.119722222222222 30.834146341463416
6.119722222222222 30.834146341463416
6.121388888888889 30.834146341463416
6.122777777777777 30.85576923076923
6.124722222222222 30.85576923076923
6.126388888888889 30.85576923076923
6.126944444444445 30.85576923076923
6.128611111111111 30.90909090909091
6.1305555555555555 30.90909090909091
6.130833333333333 30.90909090909091
6.131944444444445 30.90909090909091
6.149166666666667 31.279816513761467
6.1525 31.168949771689498
6.153611111111111 31.118181818181817
6.154166666666667 31.118181818181817
6.161944444444444 31.193693693693692
6.165 31.191964285714285
6.1725 31.088105726872246
6.175833333333333 31.186147186147185
6.179444444444444 31.17241379310345
6.189166666666667 31.161016949152543
6.1925 31.264705882352942
6.193888888888889 31.264705882352942
6.194166666666667 31.264705882352942
6.1963888888888885 31.264705882352942
6.198888888888889 31.264705882352942
6.200833333333334 31.305439330543933
6.201388888888889 31.305439330543933
6.206111111111111 31.285123966942148
6.206388888888889 31.285123966942148
6.214444444444444 31.36326530612245
6.219444444444444 31.55060728744939
6.2225 31.674698795180724
6.222777777777778 31.674698795180724
6.226111111111111 31.704
6.226388888888889 31.704
6.227777777777778 31.704
6.2316666666666665 31.72222222222222
6.233611111111111 31.679841897233203
6.234166666666667 31.679841897233203
6.239722222222222 31.67450980392157
6.2427777777777775 31.53281853281853
6.245555555555556 31.546153846153846
6.248611111111111 31.513409961685824
6.2525 31.513409961685824
6.253333333333333 31.513409961685824
6.255 31.52851711026616
6.256944444444445 31.52851711026616
6.261666666666667 31.577358490566038
6.2636111111111115 31.577358490566038
6.266388888888889 31.571428571428573
6.269722222222223 31.50187265917603
6.269722222222223 31.50187265917603
6.278888888888889 31.761904761904763
6.279166666666667 31.761904761904763
6.280277777777778 31.748175182481752
6.281944444444444 31.748175182481752
6.281944444444444 31.748175182481752
6.283611111111111 31.763636363636362
6.289444444444444 31.862815884476536
6.2908333333333335 31.862815884476536
6.291666666666667 31.862815884476536
6.2941666666666665 31.924460431654676
6.301388888888889 32.10357142857143
6.301944444444445 32.10357142857143
6.303333333333334 32.10357142857143
6.3036111111111115 32.163701067615655
6.304444444444444 32.223404255319146
6.309166666666667 32.24561403508772
6.312777777777778 32.35540069686411
6.313611111111111 32.35540069686411
6.314444444444445 32.35540069686411
6.319444444444445 32.377162629757784
6.320833333333334 32.377162629757784
6.3244444444444445 32.333333333333336
6.324722222222222 32.333333333333336
6.3277777777777775 32.333333333333336
6.328055555555555 32.333333333333336
6.331944444444445 32.30169491525424
6.3341666666666665 32.30169491525424
6.334722222222222 32.30169491525424
6.337777777777778 32.2804054054054
6.341666666666667 32.323232323232325
6.342777777777778 32.323232323232325
6.345 32.30434782608695
6.3475 32.29333333333334
6.347777777777778 32.29333333333334
6.351944444444444 32.29333333333334
6.356388888888889 32.29333333333334
6.358611111111111 32.28239202657807
6.36 32.358552631578945
6.361666666666666 32.37049180327869
6.3625 32.37049180327869
6.364166666666667 32.38562091503268
6.367222222222222 32.45454545454545
6.368611111111111 32.50161812297735
6.372222222222222 32.50161812297735
6.376388888888889 32.512903225806454
6.376388888888889 32.512903225806454
6.3822222222222225 32.57006369426752
6.383333333333334 32.54746835443038
6.383611111111111 32.54746835443038
6.385833333333333 32.67088607594937
6.386388888888889 32.67088607594937
6.388055555555556 32.67088607594937
6.395277777777777 32.55485893416928
6.3975 32.55485893416928
6.398611111111111 32.55485893416928
6.400555555555556 32.55485893416928
6.402222222222222 32.58074534161491
6.407222222222222 32.547400611620795
6.410277777777778 32.547400611620795
6.411944444444444 32.4969512195122
6.415555555555556 32.4969512195122
6.4175 32.46504559270517
6.418888888888889 32.46363636363636
6.42 32.46363636363636
6.424444444444444 32.37125748502994
6.426666666666667 32.3353115727003
6.428888888888889 32.3353115727003
6.429444444444444 32.30473372781065
6.432777777777778 32.30473372781065
6.437777777777778 32.313782991202345
6.440555555555555 32.313782991202345
6.441944444444444 32.280701754385966
6.4430555555555555 32.349854227405245
6.444166666666667 32.349854227405245
6.445 32.325581395348834
6.45 32.335260115606935
6.451666666666667 32.335260115606935
6.4575 32.46418338108882
6.458055555555555 32.48285714285714
6.46 32.48285714285714
6.460277777777778 32.48285714285714
6.464166666666666 32.47578347578347
6.467777777777778 32.49577464788732
6.470555555555555 32.58757062146893
6.473333333333334 32.585915492957746
6.474166666666667 32.596638655462186
6.475 32.61173184357542
6.486666666666666 32.59668508287293
6.486666666666666 32.59668508287293
6.486944444444444 32.59668508287293
6.4880555555555555 32.59668508287293
6.490555555555556 32.62637362637363
6.490555555555556 32.62637362637363
6.493055555555555 32.59289617486339
6.495277777777778 32.59289617486339
6.496388888888889 32.59289617486339
6.498611111111111 32.59782608695652
6.498611111111111 32.59782608695652
6.504166666666666 32.72043010752688
6.504722222222222 32.72043010752688
6.509444444444444 32.734584450402146
6.510833333333333 32.734584450402146
6.511111111111111 32.734584450402146
6.515555555555555 32.776
6.5175 32.787234042553195
6.521944444444444 32.801587301587304
6.526111111111111 32.8421052631579
6.526666666666666 32.84293193717277
6.526666666666666 32.84293193717277
6.53 32.84293193717277
6.530555555555556 32.84293193717277
6.5344444444444445 32.95064935064935
6.536944444444444 32.95064935064935
6.538611111111111 33.00259067357513
6.543611111111111 33.023136246786635
6.546111111111111 33.02820512820513
6.5475 33.05882352941177
6.549166666666666 33.05882352941177
6.55 33.05882352941177
6.555833333333333 33.1381074168798
6.558333333333334 33.25445292620865
6.5616666666666665 33.224747474747474
6.564722222222223 33.224747474747474
6.569166666666667 33.20654911838791
6.5697222222222225 33.2035175879397
6.572222222222222 33.28428927680798
6.575277777777778 33.28428927680798
6.581388888888889 33.22828784119107
6.5825 33.22828784119107
6.585 33.24691358024691
6.586944444444445 33.24691358024691
6.5905555555555555 33.24691358024691
6.5905555555555555 33.24691358024691
6.590833333333333 33.24691358024691
6.595833333333333 33.21867321867322
6.595833333333333 33.21867321867322
6.596388888888889 33.21867321867322
6.598888888888889 33.21867321867322
6.6002777777777775 33.220588235294116
6.6066666666666665 33.21463414634146
6.608888888888889 33.25242718446602
6.612777777777778 33.232445520581116
6.615833333333334 33.280871670702176
6.618888888888889 33.271844660194176
6.621666666666667 33.25916870415648
6.622222222222222 33.25916870415648
6.622777777777777 33.25853658536585
6.6275 33.108374384236456
6.6322222222222225 33.11166253101737
6.633333333333334 33.11166253101737
6.633333333333334 33.11166253101737
6.633611111111111 33.11166253101737
6.634166666666666 33.11166253101737
6.635833333333333 33.11166253101737
6.6386111111111115 33.11166253101737
6.640833333333333 33.11166253101737
6.642777777777778 33.11166253101737
6.648333333333333 33.11166253101737
6.651944444444444 33.101990049751244
6.653611111111111 33.114713216957604
6.654444444444445 33.090225563909776
6.655 33.090225563909776
6.662222222222222 33.12311557788945
6.6625 33.12311557788945
6.666388888888889 33.10831234256927
6.667222222222223 33.10831234256927
6.671944444444445 33.10831234256927
6.674166666666666 33.11363636363637
6.674722222222222 33.11363636363637
6.675 33.11363636363637
6.675833333333333 33.11363636363637
6.676666666666667 33.13417721518987
6.680833333333333 33.14720812182741
6.6825 33.14720812182741
6.685833333333333 33.14720812182741
6.686111111111111 33.14720812182741
6.691111111111111 33.150127226463106
6.6925 33.150127226463106
6.700277777777778 33.06443298969072
6.702222222222222 33.038860103626945
6.704444444444444 33.038860103626945
6.705 33.038860103626945
6.708333333333333 33.067708333333336
6.7122222222222225 32.981818181818184
6.714444444444444 32.981818181818184
6.714722222222222 32.984375
6.716388888888889 32.984375
6.717777777777778 32.984375
6.719722222222222 32.98433420365535
6.7225 32.98433420365535
6.723333333333334 32.98687664041995
6.728611111111111 33.0026455026455
6.7316666666666665 33.0026455026455
6.7325 32.97347480106101
6.735 32.898666666666664
6.738611111111111 32.898666666666664
6.740555555555556 32.92780748663102
6.741388888888889 32.92780748663102
6.7425 32.92780748663102
6.7425 32.92780748663102
6.745555555555556 32.96782841823056
6.748055555555555 32.943548387096776
6.753611111111111 32.97831978319783
6.754166666666666 32.97831978319783
6.759166666666666 32.98365122615804
6.759166666666666 32.98365122615804
6.766388888888889 32.93150684931507
6.768888888888889 32.967032967032964
6.770277777777777 32.969613259668506
6.771111111111111 32.969613259668506
6.771944444444444 32.969613259668506
6.772777777777778 32.969613259668506
6.776666666666666 32.969613259668506
6.7775 32.969613259668506
6.779444444444445 32.90277777777778
6.783333333333333 32.983193277310924
6.785555555555556 33.02808988764045
6.7877777777777775 33.02808988764045
6.793611111111111 32.91784702549575
6.795555555555556 32.86402266288952
6.796666666666667 32.86402266288952
6.800277777777778 32.86402266288952
6.8036111111111115 32.82
6.803888888888889 32.853868194842406
6.805 32.839080459770116
6.808888888888889 32.839080459770116
6.809166666666667 32.839080459770116
6.811111111111111 32.829971181556196
6.8125 32.829971181556196
6.8175 32.895348837209305
6.818888888888889 32.895348837209305
6.821666666666666 32.87719298245614
6.824166666666667 32.87719298245614
6.830277777777778 32.90828402366864
6.831111111111111 32.90828402366864
6.831666666666667 32.90828402366864
6.831666666666667 32.90828402366864
6.8375 33.02985074626866
6.8405555555555555 32.98203592814371
6.844444444444444 33.045180722891565
6.845 33.045180722891565
6.846666666666667 33.06344410876133
6.856944444444444 33.13455657492355
6.859166666666667 33.171779141104295
6.859444444444445 33.171779141104295
6.859444444444445 33.171779141104295
6.8613888888888885 33.12615384615385
6.863611111111111 33.1764705882353
6.866666666666666 33.183229813664596
6.867222222222222 33.183229813664596
6.868611111111111 33.22429906542056
6.876111111111111 33.294670846394986
6.878333333333333 33.185534591194966
6.878333333333333 33.185534591194966
6.878888888888889 33.185534591194966
6.8822222222222225 33.185534591194966
6.8825 33.24290220820189
6.882777777777778 33.24290220820189
6.8838888888888885 33.266666666666666
6.888333333333334 33.14423076923077
6.889722222222222 33.14423076923077
6.894444444444445 33.14423076923077
6.900833333333333 33.142857142857146
6.900833333333333 33.142857142857146
6.901388888888889 33.142857142857146
6.905277777777778 33.100977198697066
6.905277777777778 33.100977198697066
6.905277777777778 33.100977198697066
6.906666666666666 33.100977198697066
6.906944444444444 33.100977198697066
6.911111111111111 33.10819672131147
6.916944444444445 33.17161716171617
6.918611111111111 33.17218543046358
6.920277777777778 33.11
6.9225 33.11
6.923333333333333 33.11
6.923611111111111 33.11
6.925833333333333 33.11705685618729
6.926388888888889 33.11705685618729
6.926388888888889 33.11705685618729
6.929166666666666 33.13131313131313
6.934166666666667 33.11864406779661
6.935277777777777 33.11864406779661
6.937777777777778 33.11864406779661
6.940833333333333 33.13993174061434
6.942777777777778 33.12328767123287
6.944444444444445 33.10689655172414
6.946944444444444 33.16608996539792
6.947777777777778 33.16608996539792
6.953333333333333 33.170731707317074
6.955277777777778 33.170731707317074
6.956666666666667 33.170731707317074
6.958055555555555 33.15034965034965
6.961111111111111 33.23321554770318
6.965277777777778 33.13780918727915
6.965277777777778 33.13780918727915
6.967222222222222 33.13780918727915
6.9675 33.13780918727915
6.971388888888889 33.20284697508897
6.973888888888889 33.15714285714286
6.973888888888889 33.15714285714286
6.975 33.21146953405018
6.9775 33.276978417266186
6.979722222222223 33.276978417266186
6.9816666666666665 33.276978417266186
6.983888888888889 33.276978417266186
6.989166666666667 33.237226277372265
6.990277777777778 33.237226277372265
6.9925 33.3014705882353
6.993055555555555 33.3014705882353
6.9975 33.27509293680298
6.997777777777777 33.27509293680298
6.998888888888889 33.31086142322097
7.001944444444445 33.31086142322097
7.003333333333333 33.31086142322097
7.004166666666666 33.31086142322097
7.007777777777778 33.35849056603774
7.0119444444444445 33.4236641221374
7.012777777777778 33.4236641221374
7.016388888888889 33.47126436781609
7.018611111111111 33.488461538461536
7.0216666666666665 33.488461538461536
7.023888888888889 33.513513513513516
7.025833333333333 33.513513513513516
7.026388888888889 33.52713178294574
7.026388888888889 33.52713178294574
7.032222222222222 33.574803149606296
7.033333333333333 33.574803149606296
7.033611111111111 33.574803149606296
7.038611111111111 33.56349206349206
7.0425 33.633466135458164
7.043055555555555 33.633466135458164
7.043055555555555 33.633466135458164
7.043888888888889 33.696
7.046666666666667 33.528
7.054444444444444 33.5748987854251
7.056111111111111 33.5609756097561
7.057777777777778 33.5609756097561
7.060277777777777 33.60408163265306
7.060833333333333 33.60408163265306
7.061388888888889 33.60408163265306
7.065277777777778 33.62139917695473
7.0697222222222225 33.599173553719005
7.070833333333334 33.62240663900415
7.0713888888888885 33.62240663900415
7.072222222222222 33.62240663900415
7.075555555555556 33.62761506276151
7.075833333333334 33.62761506276151
7.082777777777777 33.620253164556964
7.084444444444444 33.620253164556964
7.095 33.68103448275862
7.095833333333333 33.68103448275862
7.099444444444444 33.6359649122807
7.1025 33.66079295154185
7.106111111111111 33.66079295154185
7.107777777777778 33.743362831858406
7.108055555555556 33.743362831858406
7.1113888888888885 33.742222222222225
7.113333333333333 33.816964285714285
7.122777777777777 33.91818181818182
7.128333333333333 33.71232876712329
7.211666666666667 33.6972972972973
7.295 33.12
7.378333333333333 31.89830508474576
7.461666666666667 31.74025974025974
7.545 25.31578947368421
7.628333333333333 3.8333333333333335
7.711666666666667 0
7.795 0
7.878333333333333 0
7.961666666666667 0
8 0
