# SectorTime BundleTurnoverTimeAvg
0.2571111111111111 978.3680120481931
0.2599138888888889 983.8026946107788
0.2627055555555556 989.2324404761907
0.2654944444444444 994.6862721893493
0.268275 1000.1358823529414
0.2710638888888889 1005.5804678362575
0.27521944444444446 1011.0201744186048
0.27802777777777776 1016.4550289017343
0.28081944444444445 1021.8848850574715
0.28360833333333335 1027.3429714285714
0.2864 1032.7960795454546
0.2891861111111111 1038.244350282486
0.29335555555555554 1043.6878089887641
0.29615555555555556 1049.1265363128493
0.2989472222222222 1054.5606111111113
0.3017361111111111 1060.0195580110499
0.30452222222222225 1065.4738461538464
0.3073111111111111 1070.9233879781423
0.31145833333333334 1076.3682608695653
0.31435 1081.8084864864866
0.3171333333333333 1087.2440322580646
0.319925 1089.7743315508023
0.3227111111111111 1092.331117021277
0.3255 1094.9140211640215
0.3295166666666667 1097.522368421053
0.3323888888888889 1100.1560209424085
0.33518055555555554 1102.8145312500003
0.33796944444444443 1105.521502590674
0.34075 1108.2526804123713
0.34353055555555556 1111.0073333333337
0.3476138888888889 1113.7849489795922
0.3504388888888889 1116.585329949239
0.35323055555555555 1119.4081818181821
0.35601944444444444 1122.2804020100507
0.35880833333333334 1125.1741000000004
0.3616 1128.0888059701497
0.3657138888888889 1131.024356435644
0.36850277775 1133.9804926108377
0.3712944444444444 1136.9568627450983
0.3740833333333333 1139.9788780487809
0.3768638888888889 1143.0215048543694
0.3796555555555556 1146.0832367149762
0.38386944444444443 1149.1638461538464
0.3866722222222222 1152.2629186602874
0.3894611111111111 1155.3801428571433
0.39224166666666666 1158.5381516587681
0.39503333330555557 1161.7153301886797
0.39782222222222224 1164.9098122065732
0.4018083333333333 1168.1211682242995
0.4046638888888889 1171.3493488372098
0.4074527777777778 1174.5941666666672
0.4102416666388889 1177.8780645161296
0.41302222222222224 1181.177844036698
0.41581111111111113 1184.4933333333338
0.41994444444444445 1187.8243181818186
0.42280555555555555 1191.1705882352946
0.42559722222222224 1194.5319819819827
0.42838611111111113 1197.9290134529156
0.43116666666666664 1201.341964285715
0.43394444444444447 1204.7691555555564
0.43785833333333335 1208.2104424778768
0.44072777775 1211.665682819384
0.44351666666666667 1215.1346491228078
0.4463083333333333 1218.6386462882103
0.4490972222222222 1222.1560000000009
0.4518888888888889 1225.6864069264077
0.45613888888888887 1229.2296551724144
0.45898333333333335 1232.7856223175972
0.46176388888888886 1236.3541025641032
0.46454722219444444 1239.9580425531924
0.4673361111111111 1239.9580425531924
0.47012777777777776 1243.5750847457637
0.47415 1250.84424369748
0.4769749999722222 1254.4962343096242
0.47975833333333334 1258.1596666666674
0.48254444444444444 1261.8516597510381
0.48533055555555554 1265.5551652892568
0.48811944444444444 1269.2695061728402
0.49251666666666666 1272.994590163935
0.4953472222222222 1276.73024489796
0.4981361111111111 1280.476382113822
0.500925 1284.252591093118
0.5037166666666667 1288.0397983870976
0.5065055555555555 1291.836787148595
0.5107083333333333 1295.6435200000008
0.5135222222222222 1299.4599601593634
0.5163138888888889 1303.2859523809532
0.5191027777777778 1307.1402766798426
0.5218805555555556 1311.0046850393708
0.5246638888888889 1314.8781568627458
0.5289138888888889 1318.7606250000006
0.5317194444444444 1322.6519455252924
0.5345083333333334 1326.5520542635666
0.5372972222222222 1330.483204633205
0.5400888888888888 1334.4227307692313
0.5428777777777778 1338.3705747126442
0.5468416666666667 1342.3266030534355
0.5496805555555555 1346.290684410647
0.5524694444444445 1350.2627651515156
0.5552527777777778 1354.2599622641515
0.5580416666666667 1358.265263157895
0.5608305555555556 1362.2782022471913
0.5649555555555555 1366.2986567164182
0.5678027777777778 1370.326579925651
0.5705944444444444 1374.3618518518522
0.5733833333333334 1380.4403690036904
0.576175 1386.5111397058827
0.5789638888888888 1392.5738827838832
0.5830638888888889 1398.6290510948909
0.5858555555555556 1404.6766545454548
0.5886388888888889 1410.7168478260874
0.5914277777777778 1414.792960288809
0.5942166666666666 1418.875863309353
0.597 1422.9654838709682
0.6014611111111111 1427.061785714286
0.6042694444444444 1431.164519572954
0.6070583333333334 1435.2737943262414
0.6098472222222222 1439.3956537102476
0.6126305555277778 1443.5241197183102
0.6154194444444444 1447.669719298246
0.6196055555555555 1451.8106293706296
0.6224083333333333 1455.9577003484324
0.6251972222222222 1460.110763888889
0.6279888888888889 1464.06044982699
0.6307777777777778 1468.0176206896556
0.6335694444444444 1472.204639175258
0.637875 1476.1755821917811
0.6406638888888889 1480.1535494880548
0.6434444444444445 1484.138605442177
0.6462361111111111 1487.9240338983054
0.6490249999722222 1491.718006756757
0.6518111111111111 1495.7401683501687
0.6560972222222222 1499.5498657718124
0.6589361111111111 1503.3676588628766
0.661725 1507.1935000000003
0.6645111110833334 1513.3022923588044
0.6672944444444444 1519.4044701986757
0.6700861111111112 1525.4995379537957
0.6743 1531.5875328947373
0.6770916666666666 1537.6685573770494
0.6798722222222222 1543.7426470588239
0.6826611111111112 1547.398794788274
0.6854527777777778 1551.0648701298705
0.6882361111111112 1554.9483495145635
0.6924138888888889 1558.6310645161295
0.6952361111111112 1562.3224115755631
0.698025 1566.022275641026
0.7008138888888888 1569.5348242811506
0.7036055555555556 1573.0571337579622
0.7063944444444444 1576.7975873015876
0.7105861111111111 1583.8881388012621
0.7134055555555555 1587.4473270440255
0.7161944444444445 1587.4473270440255
0.718975 1590.8284639498438
0.7217638888888889 1594.2198750000005
0.7245444444444444 1597.823208722742
0.7285777777777778 1601.234223602485
0.7313833333333334 1604.6552012383906
0.734175 1608.0860802469142
0.7369638888888889 1611.3368615384622
0.7397472222222222 1614.5988036809822
0.7425361111111111 1618.0736391437315
0.7466916666666666 1621.3562804878056
0.7494694444444444 1624.6494832826752
0.7522611111111112 1627.9531818181822
0.75505 1631.0848036253783
0.7578388888611111 1638.9130211480372
0.7606305555555556 1646.938821752267
0.764775 1654.7668882175237
0.7676083333333333 1662.5949848942607
0.7703972222222222 1670.423172205439
0.7731888888888889 1681.305075528702
0.7759777777777778 1692.1732024169194
0.7787555555555555 1703.041087613294
0.7831416666666666 1720.120391566266
0.7859333333333334 1730.985783132531
0.7887222222222222 1735.644773413898
0.7915111111111112 1743.091661631421
0.79430277775 1750.5241993957716
0.7970916666666666 1758.152024169185
0.8013333333333333 1768.411686746989
0.8041333333333334 1775.85201807229
0.8069222222222222 1780.4494561933545
0.8097111111111112 1787.7304531722066
0.8124944444444444 1794.9966767371614
0.8152777777777778 1802.4285498489432
0.8192722222222222 1812.418554216868
0.8220611111111111 1819.6921084337357
0.82485277775 1824.2241691842905
0.8276305555277778 1831.3513595166169
0.8304222222222222 1838.466344410877
0.8332111111111111 1845.5804229607254
0.8372861111111111 1855.3348192771089
0.8400944444444445 1862.292349397591
0.8428833333333333 1866.7569184290035
0.8456638888888889 1873.5480664652573
0.8484555555555555 1880.325256797584
0.8512444444444445 1887.2720543806654
0.8555416666666666 1896.7630120481933
0.8583305555277778 1903.7191566265067
0.8611111111111112 1908.11244712991
0.8639 1914.7063746223573
0.8666916666666666 1921.286072507554
0.8694805555555556 1928.0630211480373
0.8737333333333334 1937.288373493977
0.8765916666666667 1943.8784638554225
0.8793805555555556 1948.196737160122
0.8821722222222222 1959.0747432024175
0.8849555555555556 1969.9380664652572
0.8877361111111111 1980.801268882176
0.8918583333333333 1998.2126204819283
0.8947416666666667 2009.073463855422
0.8975305555555556 2013.3910876132936
0.9003083333333334 2021.029033232629
0.9031 2028.6546525679764
0.9058888888888889 2036.47746223565
0.9100472222222222 2047.4590963855426
0.9128333333333334 2055.091325301205
0.9156222221944444 2059.352326283988
0.9184111111111111 2065.3497583081576
0.9212 2071.3325981873113
0.9239916666666667 2077.5120543806647
0.9280666666666667 2085.684668674699
0.9309444444444445 2091.6789759036146
0.9337305555555555 2095.853172205438
0.9365194444166667 2101.6529909365563
0.9393111111111111 2107.4406344410877
0.9421 2113.424833836858
0.9462555555555555 2121.294246987952
0.9490583333333333 2127.0937650602414
0.9518472222222222 2131.179909365559
0.9546361111111111 2136.783262839879
0.9574277777777778 2142.3707250755288
0.9602166666666667 2148.155105740181
0.9645138888888889 2155.719457831325
0.967375 2165.3111480362536
0.9701527777777778 2169.2960909090907
0.9729444444444444 2170.717764350453
0.9757333333333333 2176.110936555891
0.978525 2181.6992749244714
0.982475 2188.9666867469878
0.9852972222222223 2194.3733734939756
0.9880861111111111 2198.2687311178247
0.9908777777777777 2203.4805135951665
0.9936666666666667 2208.674924471299
0.9964583333333333 2214.0655589123867
1.0006027777777777 2221.0405421686746
1.0034583333333333 2226.2490662650603
1.006238888888889 2230.0407552870092
1.009025 2235.051178247734
1.0118166666666666 2240.0462537764347
1.0146055555555555 2245.2383383685797
1.0187222222222223 2251.9206024096384
1.021575 2256.930632530121
1.0243638888888889 2260.61746223565
1.0271555555555556 2265.426978851964
1.0299444444444446 2270.220634441088
1.032736111111111 2275.213413897281
1.037136111111111 2281.6053012048196
1.039925 2286.4146084337353
1.0427166666666667 2291.0411746987957
1.0455055555555555 2295.6677409638555
1.0482916666666666 2300.478945783133
1.0510805555555556 2305.2895783132535
1.055136111111111 2310.1002108433736
1.0579555555555555 2314.7135843373494
1.0607472222222223 2318.1816918429004
1.063536111111111 2322.6001812688824
1.0663277777777778 2327.00416918429
1.0691166666666667 2331.6024471299093
1.0732833333333334 2337.429096385542
1.0760722222222223 2341.849457831325
1.0788638888888888 2346.0878012048192
1.0816527777777778 2350.326234939759
1.0844416666666667 2354.7459939759037
1.0872305555555555 2359.1657530120488
1.091325 2363.585572289157
1.0941138888888888 2367.809879518073
1.0969055555555556 2371.8509638554224
1.0996944444444445 2375.8923795180735
1.1024722222222223 2380.1134337349404
1.1052638888888888 2384.334277108435
1.1093916666666668 2388.555120481929
1.1122055555555554 2392.578253012049
1.1149972222222222 2396.4177710843387
1.1177861111111111 2400.2572590361456
1.1205777777777777 2404.2797590361456
1.123361111111111 2408.3020481927724
1.127336111111111 2412.3243373493992
1.1301333333333334 2416.1484939759052
1.1329166666666666 2419.78888554217
1.1357083333333333 2422.752990936557
1.138486111111111 2426.358489425983
1.141275 2430.161238670696
1.145275 2434.8950000000013
1.1480805555555555 2438.5200000000013
1.1508694444444445 2441.3725981873126
1.153661111111111 2444.7942296072524
1.15645 2448.20069486405
1.1592416666666667 2451.803504531724
1.1633666666666667 2456.2712349397607
1.1662055555555555 2459.697018072291
1.1689972222222222 2462.9394277108454
1.1717861111111112 2465.636737160123
1.174575 2468.8441389728114
1.1773666666666667 2472.2485196374637
1.1813444444444445 2476.456114457833
1.184225 2479.6842469879534
1.1870027777777779 2482.265015105742
1.1897944444444444 2485.321903323265
1.1925833333333333 2488.364410876134
1.195375 2491.573262839881
1.1994 2495.529457831327
1.2022 2498.592710843375
1.2049888888888889 2501.0331722054398
1.2077805555555556 2503.89151057402
1.2105694444444444 2504.3534337349415
1.2133611111111111 2507.417500000002
1.21755277775 2513.346475903616
1.2203416666388889 2516.2117771084354
1.2231333333333334 2518.5079758308175
1.2259222222222221 2521.170604229609
1.228711111111111 2523.8198791540804
1.2315027777777778 2526.66401812689
1.2355222222222222 2529.984728915664
1.2383388888888889 2532.656084337351
1.2411194444444444 2534.806374622358
1.2439083333333334 2537.273353474322
1.2466972222222221 2539.7263141993976
1.2494888888888889 2542.376827794564
1.2536805555555555 2545.4576204819296
1.2564694444444444 2547.933554216869
1.2592611111111112 2549.933474320244
1.26205 2552.2030211480383
1.2648416666666666 2554.4587311178266
1.2676305555555556 2556.9111178247754
1.2715944444444445 2559.7500903614477
1.2744833333333334 2562.0287048192786
1.2772722222222221 2563.873957703929
1.280063888861111 2565.9425679758324
1.2828527777777778 2566.2138253012063
1.285638888888889 2568.4881024096403
1.2896388888888888 2572.8376506024115
1.2924916666666666 2574.912951807231
1.2952833333333333 2576.5978247734156
1.2980722222222223 2578.4652265861046
1.3008638888888888 2578.6972891566284
1.3036527777777778 2580.769066265062
1.3078444444444444 2584.716987951809
1.3106333333333333 2586.593222891568
1.313425 2588.1152265861047
1.3162138888888888 2589.7843504531743
1.3190055555555555 2589.9818373493995
1.3217944444444445 2593.5065662650622
1.3258444444444444 2600.3595481927728
1.328738888888889 2603.6879518072305
1.3315277777777779 2606.718580060425
1.3343194444444444 2609.843474320244
1.3371083333333333 2609.98012048193
1.3399 2613.30825301205
1.3438611111111112 2619.7684939759056
1.3466583333333333 2622.9009337349416
1.34945 2625.793504531724
1.352238888888889 2628.723655589126
1.3550305555555555 2628.804096385544
1.3578194444444445 2631.9353915662664
1.361936111111111 2638.001897590363
1.3647416666666667 2640.937138554218
1.3675305555555555 2643.6858308157116
1.3703222222222222 2646.4201812688834
1.3731111111111112 2646.4499698795194
1.3759 2649.3849096385557
1.3798277777777779 2655.059006024098
1.3826916666388889 2657.7988855421704
1.3854833333333334 2660.39987915408
1.3882722222222221 2662.936283987917
1.3910638888888889 2662.917409638556
1.3938527777777778 2665.6572289156643
1.3978805555555556 2670.940120481929
1.4007333333333334 2673.4843373493986
1.4035222222222221 2675.9354078549864
1.406313888861111 2678.2732326284004
1.4091027777777778 2678.207409638556
1.4118944444444443 2680.7511144578325
1.4159805555555556 2685.6421084337367
1.4187694444444445 2687.9893674698815
1.421561111111111 2690.28737160121
1.42435 2692.4308761329326
1.4271416666666668 2692.3243975903633
1.4299305555555555 2694.6734638554235
1.4340972222222221 2699.174457831327
1.4368888888888889 2701.327349397592
1.4396777777777778 2703.4686706948655
1.4424694444444444 2705.415649546829
1.4452583333333333 2705.2708132530133
1.4480416666666667 2707.4231626506034
1.4521333333333333 2711.532560240965
1.4549222222222222 2713.4897590361456
1.4577111111111112 2715.4707854984904
1.4605027777777777 2717.218519637463
1.4632916666666667 2717.0361746987965
1.4660833333333334 2718.9902409638566
1.470275 2722.7002710843385
1.4730583333333334 2724.4569578313262
1.475838888888889 2726.272024169185
1.4786277777777779 2727.8220543806656
1.4814083333333334 2727.608192771085
1.4841972222222222 2729.36623493976
1.4884388888888889 2732.686566265061
1.4912416666666666 2734.249126506025
1.4940222221944444 2735.8987311178257
1.4968138888888889 2737.2515407854994
1.4996027777777778 2737.007138554218
1.5023944444444444 2738.5681927710853
1.50645 2741.4922289156634
1.5092388888888888 2742.8559939759043
1.5120277777777777 2744.334199395771
1.5148194444444445 2745.489848942599
1.5176083333333332 2745.221325301206
1.5203999999722222 2746.5850903614464
1.5244583333333332 2749.1159337349404
1.5272472222222222 2750.2836746987955
1.530038888888889 2751.5871601208464
1.5328277777777777 2752.545921450151
1.5356194444166666 2752.255963855422
1.5384083333333334 2753.4199397590364
1.5425472222222223 2754.3791891891897
1.545336111111111 2755.375135135135
1.548125 2756.521295180723
1.550913888888889 2757.308072289157
1.5537027777777779 2758.0948795180725
1.5564944444444444 2759.0645783132527
1.5607944444444444 2760.806626506024
1.5635833333333333 2761.5792771084334
1.5663722221944445 2762.521178247734
1.5691638888888888 2763.08416918429
1.5719527777777778 2762.762921686747
1.5747444444444445 2761.8894277108434
1.5787805555555556 2760.7923423423426
1.5815805555277778 2759.7561861861864
1.5843694444166667 2758.8768674698795
1.587161111111111 2757.625813253012
1.58995 2756.3756024096383
1.5927416666666667 2756.952289156626
1.5968694444166667 2757.3165465465463
1.5996833333333333 2757.7278678678676
1.6024722222222223 2758.293524096385
1.6052638888888888 2758.494939759036
1.6080527777777778 2758.6963554216863
1.6108416666666667 2759.0886144578308
1.6149638888888889 2759.2628828828824
1.6177555555555556 2759.479099099099
1.6205444444444443 2759.863162650602
1.62332777775 2759.879608433734
1.6261166666666667 2759.896234939759
1.6289083333333334 2760.2897891566263
1.632886111111111 2760.463993993994
1.6357638888888888 2760.885753012048
1.6385527777777777 2761.2457703927494
1.6413416666666667 2761.232296072508
1.6441333333333332 2760.9196385542173
1.6469222222222222 2761.315963855422
1.6508944444444444 2761.7159036144585
1.6537861111111112 2761.9164457831334
1.656575 2762.281540785499
1.6593583333055555 2762.270422960725
1.66215 2761.9548192771085
1.6649333333333334 2760.107018072289
1.668911111111111 2758.0465465465463
1.6717999999722222 2754.17078313253
1.674588888888889 2752.2610271903322
1.6773805555555557 2749.997069486405
1.6801694444444444 2749.7170481927715
1.6829611111111111 2749.916174698795
1.6872222222222222 2749.92186746988
1.6900777777777778 2749.923734939759
1.6928666666666667 2750.054501510574
1.6956583333333333 2749.843383685801
1.6984472222222222 2749.5638253012053
1.701238888888889 2749.764246987952
1.7054333333333334 2749.7713554216875
1.7082916666666668 2749.77608433735
1.7110833333333333 2749.5980120481936
1.7138722221944445 2749.420240963856
1.7166583333333334 2749.3678978978983
1.7194472222222221 2749.596126126127
1.7235194444444444 2749.624608433736
1.7263222222222223 2749.6267168674703
1.7291138888888888 2749.7578851963754
1.7319027777777778 2749.5467673716016
1.7346944444444445 2749.267349397591
1.7374833333055555 2749.4711445783137
1.741675 2749.48186746988
1.7445166666666667 2749.488313253013
1.7473055555555554 2749.313674698796
1.7500944444444444 2749.1390060240974
1.7528861111111111 2749.086696696698
1.755675 2749.3186786786796
1.7597166666388888 2749.3539156626516
1.7625916666666666 2749.36108433735
1.7653805555555555 2749.496012084593
1.7681722222222223 2749.292235649548
1.7709611111111112 2749.015361445784
1.773738888888889 2745.993343373495
1.7777166666666666 2739.751807228917
1.7805055555555556 2736.5333734939773
1.7832972222222223 2733.392719033234
1.786086111111111 2729.9511178247744
1.7888777777777778 2729.7314156626517
1.7916666666666667 2729.93731927711
1.7955833333333333 2729.9568674698808
1.7984 2729.965963855423
1.8011916666666667 2730.043746223566
1.8039805555555555 2729.8379456193366
1.8067694444444444 2729.6161144578323
1.8095611111111112 2729.7901204819286
1.8136833333333333 2729.774036144579
1.8164722222222223 2729.750120481928
1.8192638888888888 2729.7967069486413
1.8220527777777777 2729.561359516617
1.8248444444166667 2729.3417168674705
1.8276333333055557 2729.470512048193
1.8316194444444445 2729.530572289157
1.834475 2729.4630120481934
1.8372638888888888 2729.4635649546835
1.8400555555555556 2729.3486706948647
1.8428444444444445 2729.1289156626513
1.845636111111111 2729.397590361446
1.8498388888888888 2729.568945783133
1.8526277777777778 2729.471596385543
1.8554083333333333 2729.443172205439
1.8581972222222223 2729.132326283989
1.8609888888888888 2728.9123192771094
1.8637777777777778 2729.18045180723
1.8679944444444445 2729.3234638554222
1.8707944444444444 2729.198554216868
1.8735833333333334 2728.8924096385545
1.876375 2728.7829819277113
1.8791638888888889 2728.78957957958
1.8819555555555556 2724.632912912913
1.8860027777777777 2715.9876204819275
1.8888472222222221 2711.5919879518074
1.891636111111111 2707.199063444109
1.8944222222222222 2702.5781873111787
1.897213888888889 2702.4385843373498
1.9 2701.392762762763
1.9040222221944445 2698.547439759037
1.9069027777777778 2697.185602409639
1.9096916666666666 2695.6413855421692
1.9124833333333333 2694.098162650603
1.9152722222222223 2694.20936936937
1.9180638888888888 2694.5133933933935
1.9222666666666666 2694.530180722892
1.9250944444444444 2694.4127409638554
1.9278861111111112 2694.112289156627
1.930675 2694.008644578314
1.9334666666666667 2694.121291291292
1.9362555555555556 2694.4269969969973
1.940288888888889 2694.4426506024106
1.94315 2694.3239156626514
1.9459388888888889 2694.0212048192775
1.9487305555555556 2693.9153915662655
1.9515194444444444 2694.0251351351353
1.954311111111111 2694.328978978979
1.9582305555555555 2694.3444879518074
1.961111111111111 2694.2245783132535
1.9639 2693.921566265061
1.966688888888889 2693.8161445783144
1.9694805555555555 2693.923333333334
1.9722694444444444 2694.222672672674
1.9763472222222223 2694.2356325301216
1.9791361111111112 2694.115120481929
1.9819222222222221 2693.8115662650616
1.9847138888888889 2693.7030722891573
1.9875027777777778 2693.8106306306313
1.9902861111111112 2694.1091591591603
1.994288888888889 2694.117048192772
1.9970805555555555 2693.992801204821
1.9998722222222223 2693.837311178249
2.0026611111111112 2693.699244712992
2.0054527777777778 2693.5817469879526
2.0082416666666667 2693.8531325301215
2.012322222222222 2694.0030421686756
2.0151555555555554 2693.881656626507
2.0179388888888887 2693.7267069486415
2.0207277777777777 2693.5913897280975
2.0235194444444446 2693.4756927710855
2.026308333333333 2693.7502710843382
2.030361111111111 2693.906415662652
2.03315 2693.788012048194
2.0359416666666665 2693.6341691842913
2.0387305555555555 2693.5033232628407
2.0415194444444444 2693.389126506025
2.044311111111111 2693.6659337349406
2.048463888888889 2693.8280722891573
2.0512527777777776 2693.7134939759044
2.0540333333333334 2693.562054380665
2.056825 2693.4323564954684
2.059613888888889 2693.3180722891566
2.0624055555555554 2693.592951807229
2.066597222222222 2693.752409638554
2.069436111111111 2693.636957831325
2.0722277777777776 2693.3402710843375
2.0750166666666665 2693.237921686747
2.0778083333333335 2693.34951951952
2.0805972222222224 2693.653543543544
2.084563888888889 2693.6711445783135
2.0874333333333333 2693.5550000000003
2.090225 2693.25608433735
2.093008333333333 2693.267643504532
2.095797222222222 2693.1534638554217
2.098586111111111 2693.43078313253
2.1027666666666667 2693.590451807229
2.1055555555555556 2693.473042168675
2.108347222222222 2693.3187311178253
2.111136111111111 2693.1865256797582
2.113925 2693.0727710843375
2.116713888888889 2693.352560240964
2.1209055555555554 2693.516987951807
2.1237055555555555 2693.401656626506
2.1264944444444445 2693.1046084337354
2.129286111111111 2693.005662650603
2.1320722222222224 2693.1178978978983
2.1348611111111113 2693.427807807808
2.138897222222222 2693.453042168675
2.141711111111111 2693.3402409638556
2.1445 2693.045572289157
2.147291666666667 2692.9475602409643
2.1500805555555558 2693.05963963964
2.1528694444444443 2693.37021021021
2.156975 2693.397018072289
2.159763888888889 2693.2851807228913
2.162552777777778 2693.136253776435
2.1653444444444445 2693.008066465257
2.1681333333333335 2692.893975903615
2.170925 2693.1774397590357
2.1749583333333335 2693.348554216867
2.1777527777777776 2693.2373192771083
2.1805444444444446 2693.0891238670697
2.183333333333333 2692.9609063444104
2.186125 2692.846054216867
2.188913888888889 2693.0947590361443
2.1929444444444446 2693.228825301204
2.195786111111111 2693.114819277108
2.198577777777778 2692.964441087613
2.2013666666666665 2692.8050755287004
2.2041583333333334 2692.691777108433
2.2069472222222224 2692.9415662650595
2.2110055555555554 2693.1669669669664
2.2138194444444443 2693.053333333333
2.2166111111111113 2692.902138554216
2.2194 2692.7752108433733
2.222191666666667 2692.64891566265
2.2249805555555557 2692.898584337349
2.2291416666666666 2693.0077409638548
2.2320277777777777 2692.867379518072
2.2348083333333335 2692.7400301204816
2.2376 2692.7248036253773
2.240388888888889 2692.613765060241
2.2431805555555555 2692.863765060241
2.247275 2693.0917117117115
2.250063888888889 2692.98024024024
2.252847222222222 2692.829006024096
2.255636111111111 2692.7021987951803
2.258427777777778 2692.5759939759037
2.261216666666667 2692.828644578313
2.2654083333333332 2692.939668674698
2.268211111111111 2692.798945783132
2.271 2692.671807228915
2.2737861111111113 2692.5454819277106
2.276575 2692.6598198198194
2.2793666666666668 2692.944234234234
2.283402777777778 2692.9163253012052
2.2861972222222224 2692.7771686746987
2.288986111111111 2692.797250755287
2.291777777777778 2692.645740181269
2.294566666666667 2692.5356024096386
2.2973583333333334 2692.7943072289154
2.3014249999722223 2692.91936746988
2.3042166666666666 2692.785963855422
2.3070055555555555 2692.807552870091
2.3097944444444445 2692.6553474320244
2.312586111111111 2692.5438855421694
2.3153694444444444 2692.802590361446
2.319513888888889 2692.9262650602413
2.322338888888889 2692.7912349397598
2.32512777775 2692.6705120481934
2.3279194444444444 2692.661873111783
2.330702777777778 2692.5508433734944
2.3334916666666667 2692.808975903615
2.3375916666666665 2692.9330722891577
2.3403694444444443 2692.7997590361456
2.3431611110833335 2692.822296072509
2.34595 2692.6722960725087
2.348738888861111 2692.5611746987965
2.3515166666388887 2692.8192469879527
2.355566666666667 2692.94280120482
2.3583583333333333 2692.8083132530132
2.3611472221944445 2692.830332326285
2.3639305555555556 2692.678731117826
2.3667083333333334 2692.5665662650613
2.3695 2692.8213554216877
2.3735833333333334 2693.053243243244
2.3763722222222223 2692.947237237238
2.379163888888889 2692.802740963856
2.381952777777778 2692.678373493977
2.384733333333333 2692.5541566265065
2.387525 2692.806144578314
2.391638888888889 2692.919036144579
2.3944277777777776 2692.7804819277117
2.3972194444444446 2692.6536445783145
2.4 2692.6536445783145
2.402788888888889 2692.5277108433743
2.4055805555555554 2692.780722891567
2.409563888888889 2693.0090390390396
2.4124444444444446 2692.89936936937
2.415236111111111 2692.7521987951814
2.4180166666666665 2692.6317469879527
2.4208055555555554 2692.511265060242
2.4235972222222224 2692.765783132531
2.4277888888888888 2693.001021021021
2.4305777777777777 2692.895345345346
2.4333583333333335 2692.7474397590368
2.4361472221944442 2692.6289156626513
2.4389333333333334 2692.5104216867476
2.441724999972222 2692.768975903615
2.445761111111111 2693.0118618618626
2.4485527777777776 2692.90963963964
2.4513416666666665 2692.7612650602414
2.4541305555555555 2692.6431927710846
2.456922222222222 2692.5253915662656
2.459711111083333 2692.7876204819286
2.4636472221944445 2693.0353153153164
2.466502777777778 2692.9348648648656
2.469291666666667 2692.7868373493984
2.4720805555555554 2692.668795180724
2.4748638888888888 2692.551716867471
2.4776527777777777 2692.813042168676
2.4817444444444443 2693.0594894894907
2.4845361111111113 2692.95906906907
2.487325 2692.812409638555
2.4901166666666668 2692.696204819278
2.492905555527778 2692.5801807228922
2.4956972222222222 2692.843313253013
2.500027777777778 2692.9772289156635
2.5028055555555557 2692.8480421686754
2.5055972222222223 2692.868006042297
2.5083777777777776 2692.7230815709977
2.5111666666666665 2692.6196084337357
2.5139583333333335 2692.8835542168686
2.5180666666666665 2693.0184036144587
2.5208583333333334 2692.88981927711
2.5236472221944446 2692.909305135953
2.526438888888889 2692.765498489427
2.529227777777778 2692.6634939759047
2.5320194444444444 2692.9269578313265
2.5360555555555555 2693.0634939759047
2.538866666666667 2692.9366265060253
2.5416583333333334 2692.956344410877
2.5444444444444443 2710.6755589123877
2.5472333333333332 2728.328825301206
2.550025 2746.405090361447
2.5541222222222224 2782.360903614459
2.556911111083333 2800.0422891566277
2.5597 2800.3861027190346
2.562491666666667 2800.2431117824785
2.5652805555555553 2799.8180722891575
2.5680666666666667 2800.0837951807243
2.572147222222222 2800.0151351351365
2.574938888888889 2799.917897897899
2.5777194444444445 2800.0932831325313
2.580502777777778 2799.9820481927723
2.5832916666666668 2799.870843373495
2.5860833333333333 2800.136686746989
2.590158333333333 2800.4016867469895
2.5930194444444443 2800.4550755287023
2.5958083333333333 2800.494471299095
2.598599999972222 2800.3534743202435
2.6013888888888888 2799.9314156626524
2.6041805555555557 2800.1971385542183
2.6083694444166667 2800.6696978851983
2.611213888888889 2800.513534743204
2.6140055555555555 2800.5540785498506
2.6167944444166666 2800.41238670695
2.6195833333333334 2799.9906927710863
2.622375 2800.2552409638574
2.6264555555555558 2800.519668674701
2.6292472222222223 2800.3940963855443
2.6320361111111112 2800.2685542168697
2.63482777775 2800.1565662650623
2.6376138888888887 2800.044548192773
2.6404027777777777 2800.310331325303
2.644477777777778 2800.575873493978
2.6472694444444445 2800.4499698795203
2.6500583333055556 2800.324066265063
2.65285 2800.2119578313277
2.655638888888889 2800.0998795180744
2.6584305555555554 2800.3644277108456
2.6626194444444446 2800.50231927711
2.6654333333333335 2800.375813253014
2.668225 2800.7164652567994
2.671013888888889 2800.572749244715
2.673802777777778 2800.150451807231
2.6765944444444445 2800.4175903614478
2.6805916666388887 2800.891178247736
2.6834055555555554 2800.7344410876153
2.6861944444444443 2800.7747432024184
2.6889861111111113 2800.638549848945
2.691775 2800.2214759036165
2.6945638888888888 2800.4930421686768
2.698638888888889 2800.971812688824
2.701463888888889 2800.8214803625397
2.7042555555555556 2800.867280966769
2.7070444444444446 2800.7318429003044
2.7098333333333335 2800.3155120481947
2.712625 2800.588463855424
2.7167194444444442 2801.069184290032
2.7195666666666667 2800.9199697885215
2.722358333333333 2800.9678549848954
2.725147222222222 2800.8329305135967
2.727936111111111 2800.4163554216884
2.7307277777777776 2800.690783132532
2.7347333333333332 2800.964156626508
2.7376222222222224 2801.021812688824
2.740413888888889 2801.069577039277
2.7431972222222223 2800.737643504534
2.7459861111111112 2800.1245180722917
2.7487777777777778 2800.2008132530145
2.7528888888888887 2800.484138972812
2.755733333333333 2800.1380966767397
2.758522222222222 2799.9878851963767
2.761313888888889 2799.655135951664
2.7641027777777776 2799.0450903614483
2.7668916666666665 2799.1195180722916
2.770811111111111 2799.193855421689
2.7736666666666667 2798.8776204819305
2.7764555555555557 2798.5614156626534
2.779247222222222 2798.8490361445806
2.782036111111111 2799.136867469882
2.78482777775 2799.80542168675
2.7890555555555556 2800.680151057405
2.791847222222222 2800.9247129909395
2.794636111111111 2801.365981873115
2.797425 2801.234803625381
2.8002083333333334 2800.821837349401
2.8029972222222224 2801.1019277108467
2.8070472222222222 2801.591842900306
2.809922222222222 2801.4477039274957
2.812711111111111 2801.5020241691877
2.8155027777777777 2801.177885196378
2.8182916666666666 2800.5700602409675
2.8210805555555556 2800.6546385542206
2.8250694444444444 2800.7388253012086
2.827958333333333 2800.6096978852006
2.83075 2800.467069486409
2.833538888888889 2800.5364350453215
2.8363277777777776 2800.3238554216905
2.8391194444444445 2800.8012349397627
2.843286111111111 2801.489214501515
2.846075 2801.5449546827836
2.848866666666667 2801.7975830815753
2.8516555555277776 2801.669425981877
2.8544472222222224 2801.256204819281
2.8572361111111113 2801.53930722892
2.861336111111111 2802.035770392753
2.8641277777777776 2801.8949848942634
2.8669194444444446 2801.9509063444148
2.8696972222222223 2801.6300000000037
2.8724861111111113 2801.0227108433774
2.875277777777778 2801.109668674703
2.879277777777778 2801.4087613293086
2.8820833333333336 2801.073746223569
2.884863888888889 2800.93471299094
2.8876555555555554 2800.6121752265894
2.8904444444444444 2800.006445783136
2.8932277777777777 2800.0931024096417
2.897197222222222 2800.179698795184
2.9000694444444446 2800.0512688821786
2.9028583333333335 2799.9103323262875
2.90565 2800.2240909090942
2.9084388888611112 2799.589637462239
2.911227777777778 2799.4524773413928
2.915711111111111 2799.371148036257
2.9185 2799.0371601208494
2.921288888888889 2798.8990936555924
2.9240805555555553 2799.3669184290065
2.9268694444444443 2799.3669184290065
2.9296611111111113 2800.019003021151
2.9341083333333335 2801.516737160124
2.9369 2801.970151057405
2.9396888888611112 2802.6223867069516
2.9424805555555555 2802.3076435045346
2.9452694444444445 2801.7035542168705
2.948061111111111 2801.8004518072316
2.952252777777778 2802.113172205441
2.9550694444444443 2801.784984894263
2.9578583333333333 2801.6549244713024
2.96065 2801.3431419939607
2.963438888861111 2800.7424397590394
2.9662277777777777 2800.8407831325335
2.9702722222222224 2801.1541993957735
2.97315 2800.8292145015134
2.975938888861111 2800.7003323262866
2.9787305555555554 2800.389456193356
2.9815194444444444 2799.7921987951836
2.984311111111111 2799.892801204822
2.988513888888889 2800.2063141993985
2.991313888888889 2799.882054380667
2.9941055555555556 2799.7556495468307
2.9968944444444445 2799.4490634441117
2.999686111111111 2798.8568373494004
3.002475 2798.955361445786
3.006658333333333 2799.263232628401
3.009447222222222 2798.940211480365
3.0122388888888887 2798.8137764350486
3.0150277777777776 2798.506072507556
3.0178194444444446 2797.9171686747018
3.020608333333333 2798.0176204819304
3.0248 2798.3246223564984
3.0275833333333333 2798.002386706951
3.0303722222222222 2797.874984894262
3.0331638888888888 2797.565347432026
3.0359527777777777 2796.9793975903635
3.0387444444444442 2797.0777710843395
3.042725 2797.3787311178266
3.045513888888889 2797.05567975831
3.0483055555555554 2796.927280966769
3.0510916666666668 2797.23384848485
3.0538833333333333 2796.61821752266
3.0566722222222222 2796.4915407854996
3.0609611110833335 2796.4338368580075
3.063788888888889 2796.110483383687
3.0665805555555554 2795.9836858006056
3.069358333333333 2797.248066465258
3.0721444444444446 2798.232891566266
3.074936111111111 2799.900753012049
3.0791805555555554 2801.783625377644
3.0819722222222223 2803.0340483383693
3.0847611111111113 2804.480271903324
3.087552777777778 2804.171873111783
3.0903416666666668 2804.0477341389737
3.0931305555555557 2804.1191540785508
3.097322222222222 2803.9932930513605
3.100113888888889 2803.671057401814
3.1029 2803.5461631419953
3.105688888888889 2803.2413293051372
3.108477777777778 2803.720272727274
3.111266666666667 2803.567484848486
3.1153194444444443 2803.0686404833846
3.118177777777778 2802.748972809669
3.1209694444444445 2802.6269788519653
3.1237583333333334 2802.323051359518
3.1265472222222224 2802.2016012084605
3.129338888888889 2802.275891238672
3.133477777777778 2802.153746223566
3.1362666666666668 2801.835861027191
3.139047222222222 2801.7143806646536
3.141838888888889 2801.4055589123877
3.144625 2801.27903323263
3.1474166666666665 2801.352990936557
3.1514527777777777 2801.230574018128
3.154247222222222 2800.9076737160135
3.157027777777778 2800.781148036255
3.1598083333333333 2800.4685498489434
3.1625972222222223 2799.8712048192783
3.165388888888889 2799.9718975903625
3.1695083333333334 2800.282024169185
3.172361111111111 2799.9544410876147
3.175152777777778 2799.8246827794574
3.1779305555555557 2799.5110271903336
3.1807194444444447 2799.3809063444123
3.183511111111111 2799.4480966767383
3.1880555555555556 2799.3189425981886
3.190847222222222 2798.9921450151064
3.193636111111111 2798.8617220543815
3.1964249999722223 2798.5494864048346
3.1992083333333334 2798.4188217522665
3.202 2798.4844108761336
3.206075 2798.3546525679762
3.2088888888888887 2798.0282477341398
3.2116777777777776 2797.8971601208464
3.2144694444444446 2799.1619637462245
3.2172583333055558 2800.608519637463
3.22005 2802.251419939578
3.2240611111111113 2803.69824773414
3.2269277777777776 2804.947945619336
3.2297194444444446 2806.3936555891246
3.2325083333333335 2806.0768882175234
3.2353 2805.942598187312
3.2380833333333334 2806.0044712990943
3.2422833333333334 2805.871117824774
3.2451 2805.5405740181272
3.2478805555555557 2805.4052870090636
3.2506583333333334 2805.088519637463
3.2534472222222224 2804.954471299094
3.2562361111111113 2805.017039274925
3.26025 2804.883141993958
3.2630944444444445 2804.5520241691847
3.2658833333333335 2804.4173716012087
3.268675 2804.102567975831
3.271463888888889 2803.9712990936555
3.2742555555555555 2804.034229607251
3.2786583333333335 2803.901359516616
3.2814666666666668 2803.5733836858003
3.2842583333333333 2803.4412386706945
3.287036111111111 2803.1277341389728
3.2898222222222224 2802.9955891238674
3.2926083333333334 2803.0621752265865
3.2968722222222224 2802.931963746224
3.29975 2802.6029909365566
3.302538888888889 2802.4709063444116
3.305327777777778 2802.157160120846
3.3081194444444444 2802.0275830815713
3.3109083333333333 2802.0947432024177
3.315002777777778 2801.964018126889
3.3178722222222223 2801.6355287009073
3.3206611110833335 2801.5049244713
3.323452777777778 2801.1919637462242
3.3262416666666668 2801.06238670695
3.3290277777777777 2801.128942598188
3.333222222222222 2800.999758308158
3.3360527777777778 2800.6732930513604
3.3388444444444443 2800.54244712991
3.3416333333055555 2800.2311480362546
3.344425 2800.102809667675
3.3472138888888887 2800.170876132932
3.3512694444444446 2800.041842900303
3.35415 2799.7162839879165
3.3569388888888887 2799.5878549848953
3.3597305555555557 2799.276978851965
3.3625194444444446 2799.1492447129926
3.365311111111111 2799.218126888219
3.3695055555555555 2799.0896072507567
3.372297222222222 2798.7645921450166
3.375086111111111 2798.6368580060443
3.377877777777778 2798.328912386709
3.3806666666666665 2798.203655589126
3.3834555555555554 2798.273776435047
3.387538888888889 2798.1481570996993
3.3903222222222222 2797.826978851965
3.393111111111111 2797.701631419941
3.3959 2797.395498489428
3.398688888888889 2797.272870090636
3.4014805555555556 2797.346404833838
3.4057138888888887 2797.396696969698
3.408558333333333 2797.2422424242436
3.411347222222222 2797.0876363636376
3.414138888888889 2796.4678549848954
3.4169277777777776 2796.33407854985
3.4197194444444445 2796.401238670696
3.4240583333333334 2796.272658610273
3.426913888888889 2796.2739696969707
3.429702777777778 2796.109060606061
3.4324944444444445 2795.4946525679766
3.4352833333333335 2795.3589123867073
3.438075 2795.419395770393
3.442275 2795.2837764350456
3.4450777777777777 2794.9518126888224
3.4478694444444447 2794.815981873112
3.450658333333333 2794.4975226586107
3.453447222222222 2794.3599395770393
3.4562388888611113 2794.4182779456196
3.460375 2794.280392749245
3.4631777777777777 2793.9463141993956
3.4659583333333335 2793.8083685800607
3.4687472222222224 2796.249728096677
3.4715305555555553 2798.8754380664654
3.474311111111111 2801.6977341389725
3.4784805555555556 2804.3221148036255
3.4813388888888888 2806.7488217522655
3.4841305555555557 2809.3734441087613
3.4869194444444442 2809.05667673716
3.4897111110833334 2808.920725075529
3.4925 2808.980362537765
3.4966583333333334 2808.8437160120848
3.499477777777778 2808.5112084592147
3.5022555555555557 2808.374894259819
3.505047222222222 2808.0549244712993
3.507827777777778 2807.9171903323268
3.5106166666666665 2807.97915407855
3.5149222222222223 2807.843564954683
3.5177 2807.508157099698
3.5204916666666666 2807.3701812688823
3.523275 2807.046102719033
3.526063888888889 2806.9032930513595
3.5288555555277776 2806.959395770393
3.532963888888889 2806.819848942598
3.5357861111111113 2806.4814803625377
3.53857777775 2806.338670694864
3.5413666666666668 2806.0134441087616
3.5441583333333333 2788.0072809667677
3.5469472222222223 2770.1982175226585
3.5511666666666666 2734.295666666667
3.5539583333333336 2716.0051212121216
3.556747222222222 2697.9139696969705
3.559527777777778 2697.592114803626
3.5623194444444444 2697.448549848943
3.5651083333333333 2697.5023262839886
3.5693111111111113 2697.3589728096686
3.572102777777778 2697.017975830817
3.574891666666667 2696.874138972811
3.5776833333333333 2696.546132930515
3.5804638888888887 2696.398972809669
3.58325277775 2696.4486102719043
3.5873805555555554 2696.302145015107
3.5902555555555558 2695.9588519637477
3.5930444444166665 2695.8116918429014
3.5958361111111112 2695.482809667675
3.598625 2695.334320241693
3.6014166666666667 2695.3831419939593
3.6056083333333335 2695.236344410878
3.608488888888889 2694.905969696971
3.6112777777777776 2694.7264848484865
3.6140694444444446 2694.4140785498507
3.6168583333333335 2694.266646525681
3.619647222222222 2694.314441087615
3.623702777777778 2694.1663141993968
3.626513888888889 2693.8221450151073
3.6293027777777778 2693.673897280968
3.6320833333333336 2693.345287009064
3.634875 2693.1987915407867
3.637663888888889 2693.2506344410886
3.641663888888889 2693.106223564955
3.6444444444444444 2692.7633232628405
3.6472333333333333 2692.6168580060425
3.650025 2692.283927492447
3.652813888861111 2692.13413897281
3.6556027777777778 2692.1839274924473
3.659686111111111 2692.0378851963756
3.6625194444444444 2691.6922960725083
3.665311111111111 2691.5426586102726
3.6681 2691.208610271904
3.670891666638889 2691.0578247734147
3.673677777777778 2691.103867069487
3.6777277777777777 2690.952809667675
3.680544444416667 2690.604320241693
3.683333333333333 2690.4529607250765
3.686122222222222 2690.11906344411
3.688913888888889 2689.961691842901
3.69170277775 2690.001087613294
3.6958555555555557 2689.844773413898
3.698663888888889 2689.491722054381
3.7014555555555555 2689.3343202416927
3.704241666666667 2688.992779456194
3.7070333333333334 2688.8333534743206
3.7098222222222224 2688.8712688821756
3.7138805555555554 2688.713987915408
3.716666666666667 2688.359063444109
3.71945 2688.199335347432
3.7222333333333335 2687.856102719033
3.725016666666667 2687.6962537764352
3.7278055555555554 2687.7327190332326
3.7319166666666668 2687.5730513595167
3.7347555555555556 2687.216223564955
3.7375444444444446 2687.0555287009065
3.7403333333333335 2689.674531722054
3.743122222222222 2692.6732024169182
3.745913888888889 2695.8691238670694
3.7501555555555557 2698.8688519637462
3.752997222222222 2701.6711782477337
3.755788888888889 2704.669848942598
3.75857777775 2704.71749244713
3.7613694444444445 2704.947915407855
3.7641583333333335 2705.376102719033
3.7683138888888887 2705.6084290030212
3.7711055555555557 2705.6424169184293
3.773886111111111 2705.8722658610272
3.776675 2705.9206646525677
3.7794583333333334 2705.559818731117
3.78225 2705.3954984894253
3.7866416666666667 2705.0324471299086
3.78945 2704.472839879154
3.792238888888889 2704.1119637462234
3.7950305555555555 2703.5675226586104
3.7978194444444444 2703.5960725075524
3.8006083333333334 2703.821299093656
3.8048777777777776 2703.850302114804
3.8076666666666665 2703.6816918429004
3.8104472222222223 2703.7093051359516
3.8132361111111113 2703.5527190332323
3.816027777777778 2703.7751963746223
3.8188166666666667 2704.19416918429
3.8229777777777776 2704.381475903614
3.8258305555555556 2704.436536144578
3.828613888888889 2704.662870090634
3.8314055555555555 2704.700936555891
3.8341944444444445 2704.527069486405
3.836975 2704.5501812688826
3.841241666666667 2704.3409337349394
3.8441083333333332 2704.001957831325
3.846888888888889 2703.83250755287
3.849677777777778 2703.473383685801
3.8524666666666665 2703.4954682779457
3.8552583333333335 2703.7148338368584
3.8593555555555557 2703.699457831325
3.8621444444444446 2703.553313253012
3.864936111111111 2703.5803323262844
3.867725 2703.4192447129913
3.8705166666666666 2703.6351359516625
3.8732972222222224 2704.046978851964
3.8774972222222224 2704.2244578313257
3.880288888888889 2704.2744277108436
3.883077777777778 2704.4983987915407
3.8858694444444444 2704.533051359517
3.8886583333333333 2704.751722054381
3.8914472222222223 2705.165468277946
3.8957333333333333 2705.341355421687
3.8985222222222222 2705.3927710843377
3.9013055555555556 2705.6216616314205
3.9040944444444445 2705.6571903323265
3.906877777777778 2705.872749244713
3.9096583333333332 2706.284229607251
3.9136333333333333 2706.4556024096382
3.9165027777777777 2706.5051204819274
3.9192833333333335 2706.7344712990935
3.922063888888889 2706.766918429003
3.9248555555555558 2706.193474320242
3.9276333333333335 2705.8153474320243
3.931897222222222 2705.1997590361448
3.9347305555555554 2704.4619277108436
3.9375222222222224 2703.8964048338376
3.9403111111111113 2703.1396676737168
3.9430944444444442 2703.350543806647
3.945883333333333 2703.7583685800605
3.9499194444444443 2703.9319578313252
3.9527111111111113 2703.9759337349396
3.9555 2704.193746223565
3.958283333333333 2704.2238066465256
3.961075 2704.4355891238674
3.963863888888889 2704.842930513595
3.968191666666667 2705.0148493975903
3.9709861111111113 2705.060451807229
3.973775 2705.2812386706946
3.976566666666667 2705.3126586102717
3.979347222222222 2705.5270392749244
3.982136111111111 2705.9374622356495
3.9862611111111113 2706.1109638554212
3.98905 2706.157831325301
3.9918305555555555 2706.3811782477337
3.994611111111111 2706.4116012084587
3.9973972222222223 2706.622205438066
4.000188888888889 2707.0309063444106
4.004466666666667 2707.2003614457826
4.00725 2707.2459337349396
4.010030555555556 2707.470574018126
4.012808333333333 2707.4992447129907
4.0156 2707.7093051359516
4.018388888888889 2708.116314199395
4.022352777777778 2708.2783734939753
4.025222222222222 2708.321024096385
4.028011111111111 2708.5482779456192
4.0308 2708.574350453172
4.033591666666666 2708.782658610272
4.036375 2709.1901812688825
4.040516666666667 2709.3485542168673
4.043308333333333 2709.3900903614453
4.0460972222222225 2709.6203927492447
4.048886111111111 2709.6460725075526
4.051677777777778 2709.8524169184293
4.054466666666666 2710.256767371601
4.058686111111111 2710.4090060240965
4.061475 2710.4494879518074
4.064266666666667 2710.6816314199395
4.067055555555555 2710.70416918429
4.069844444444445 2709.3360422960727
4.072636111111111 2708.165498489426
4.076588888888889 2706.752228915663
4.079430555555556 2705.222590361446
4.082219444444444 2703.86583081571
4.085011111111111 2702.312930513595
4.0878 2702.514652567975
4.090591666666667 2702.914108761329
4.0948166666666665 2703.0791867469875
4.0976083333333335 2703.1137951807223
4.1003944444444445 2703.322296072507
4.103183333333333 2703.3409365558905
4.105972222222222 2703.539546827794
4.108755555555556 2703.9334743202407
4.112933333333333 2704.0911445783127
4.115713888888889 2704.1237048192766
4.1184972222222225 2704.3321148036243
4.121286111111111 2704.34755287009
4.124077777777778 2704.5452870090626
4.1268666666666665 2704.9401510574007
4.131311111111111 2705.095421686746
4.134138888888889 2705.1275903614446
4.136927777777778 2705.3388217522647
4.139719444444444 2705.35256797583
4.1424972222222225 2705.5536253776427
4.145286111111111 2705.953051359516
4.149288888888889 2706.103313253011
4.152147222222222 2706.134277108433
4.154938888888889 2706.353897280966
4.157727777777778 2706.373987915407
4.160519444444445 2706.5804229607243
4.163308333333333 2706.9817824773404
4.167308333333334 2707.132409638554
4.170152777777778 2707.168343373494
4.1729416666666665 2707.3945921450145
4.1757333333333335 2707.415317220543
4.178522222222222 2707.6199999999994
4.181313888888889 2708.022749244712
4.185408333333333 2708.1711144578303
4.188202777777778 2708.2081626506015
4.190994444444445 2708.439154078549
4.193775 2708.461570996978
4.196563888888889 2708.6667975830806
4.199355555555556 2709.067341389727
4.2033861111111115 2709.212138554216
4.206252777777777 2709.2506626506015
4.209041666666667 2709.484380664652
4.211833333333334 2709.5059214501503
4.214622222222222 2708.1323564954673
4.217413888888889 2706.9575830815697
4.2214527777777775 2705.5371385542157
4.224294444444444 2704.001596385541
4.227086111111111 2702.6417824773403
4.229875 2701.087250755286
4.232666666666667 2701.2952265861013
4.235452777777778 2701.6990332326272
4.2394388888888885 2701.868975903613
4.242227777777778 2701.9093373493965
4.245019444444444 2702.123141993957
4.247808333333333 2702.147492447129
4.2506 2702.3534441087604
4.253388888888889 2702.75673716012
4.257458333333333 2702.9221987951796
4.2602722222222225 2702.960421686746
4.263061111111111 2703.176193353473
4.26585 2703.2006344410865
4.2686416666666664 2703.405226586102
4.271430555555556 2703.8053776435036
4.275622222222222 2703.967740963855
4.278463888888889 2704.007560240963
4.281252777777778 2704.2247734138964
4.2840444444444445 2704.247673716011
4.286833333333333 2704.452084592144
4.289625 2704.8530211480356
4.293702777777778 2705.0097891566256
4.296544444444445 2705.045421686746
4.299333333333333 2705.264833836857
4.302125 2705.2846827794556
4.304913888888889 2705.4867975830807
4.307705555555556 2705.886495468277
4.311702777777778 2706.0380421686737
4.314541666666667 2706.072650602409
4.317333333333333 2706.294894259818
4.320122222222222 2706.315317220543
4.322911111111111 2706.1744578313246
4.325702777777778 2706.602168674698
4.3297638888888885 2707.0649096385537
4.3325611111111115 2707.10063253012
4.335352777777778 2707.325649546827
4.338136111111111 2707.344803625377
4.340925 2707.1998192771075
4.3437166666666664 2707.626716867469
4.347755555555556 2708.0860240963843
4.3505722222222225 2708.119216867469
4.353361111111111 2708.3451057401803
4.35615 2708.361842900301
4.358930555555555 2708.213253012047
4.361722222222222 2708.6384939759023
4.3657972222222226 2709.096626506023
4.3686 2709.129518072288
4.371380555555556 2709.3587915407843
4.374172222222223 2709.373867069485
4.376961111111111 2709.219969879517
4.379752777777778 2709.644789156626
4.383819444444445 2710.099608433734
4.3866555555555555 2710.129578313252
4.389444444444444 2710.3601208459204
4.392236111111111 2710.374350453171
4.395025 2710.218493975902
4.397813888888889 2710.638524096384
4.401833333333333 2711.0868072289145
4.40465 2711.115090361445
4.407430555555556 2711.3475528700897
4.4102194444444445 2711.3605438066456
4.413011111111111 2711.2020481927702
4.415794444444445 2711.628644578312
4.419838888888889 2712.1547129909354
4.422630555555555 2712.1547432024154
4.425419444444445 2712.355800604228
4.4282111111111115 2712.3751963746213
4.430988888888889 2712.213885542167
4.433780555555556 2712.638855421685
4.437913888888889 2713.1694864048322
4.440761111111111 2713.1295481927696
4.443552777777778 2713.371480362536
4.446341666666667 2713.3909365558898
4.449125 2713.2289759036125
4.451913888888889 2713.6565963855405
4.456094444444444 2714.1941087613272
4.4588833333333335 2714.200241691841
4.461675 2714.4025679758292
4.464463888888889 2714.422235649545
4.4672527777777775 2714.256777108432
4.4700444444444445 2711.930933734938
4.4743305555555555 2706.8865662650587
4.477211111111111 2704.1680421686738
4.480002777777778 2701.622265861026
4.4827916666666665 2698.881510574017
4.4855833333333335 2698.764427710842
4.488372222222222 2699.190060240963
4.492563888888889 2699.6517168674686
4.495352777777778 2699.687861445782
4.498144444444445 2699.888096676736
4.500933333333333 2699.90673716012
4.503725 2699.7855421686736
4.506513888888889 2700.2131325301198
4.510680555555555 2700.673493975903
4.513483333333333 2700.706445783132
4.516275 2700.9116314199387
4.519063888888889 2700.929909365558
4.521855555555556 2700.8037951807223
4.5246361111111115 2701.2354518072284
4.528852777777778 2701.7015662650597
4.531644444444445 2701.736746987951
4.534430555555556 2701.948217522658
4.537222222222222 2701.970694864047
4.540011111111111 2701.842018072288
4.542802777777778 2702.2725903614446
4.547047222222222 2702.741174698794
4.549836111111111 2702.779066265059
4.5526277777777775 2702.994078549848
4.555416666666667 2703.017975830815
4.558208333333333 2702.887108433734
4.560997222222222 2703.3179216867456
4.565044444444444 2703.7870783132516
4.567880555555556 2703.825451807227
4.5706694444444445 2704.043776435044
4.573455555555555 2704.069879154077
4.576244444444445 2703.9380421686733
4.579036111111111 2704.373373493974
4.583105555555556 2704.851295180721
4.585897222222222 2704.8944578313235
4.588677777777778 2705.1175528700883
4.591469444444445 2705.1461329305116
4.594258333333333 2705.011987951805
4.59705 2705.447198795179
4.60115 2705.9256626506003
4.603938888888889 2705.968885542167
4.606730555555556 2706.1949546827777
4.6095194444444445 2706.2246827794543
4.6123111111111115 2706.0890963855404
4.615091666666666 2706.525240963854
4.619283333305556 2707.0068674698778
4.622105555555556 2707.052289156625
4.624894444444444 2707.280755287007
4.627686111083333 2707.3093353474305
4.630475 2707.1697590361428
4.633263888888889 2707.6041867469867
4.637375 2708.0786144578296
4.6401666666666666 2708.119006024095
4.642955555555556 2708.3487009063433
4.645747222222222 2708.3767371601202
4.648536111111111 2708.23641566265
4.651325 2708.6765361445773
4.655444444444444 2709.161174698794
4.658261111111111 2709.2064457831316
4.661041666666667 2709.4430513595153
4.663830555555555 2709.474924471298
4.666619444444445 2709.330632530119
4.669411111111111 2709.7717168674685
4.673413888888889 2710.2606626506013
4.676211111111111 2710.3090963855416
4.679002777777778 2710.5507854984885
4.681791666666666 2710.583232628398
4.684580555555556 2710.434668674698
4.687372222222222 2710.876234939758
4.691405555555556 2711.3665361445774
4.694286111111111 2711.415391566264
4.697072222222222 2711.66093655589
4.699855555555556 2711.6928096676725
4.702647222222223 2711.5400903614445
4.705436111111111 2711.9828915662642
4.709638888888889 2712.473222891565
4.712497222222222 2712.5215662650594
4.715288888888889 2712.7716918428996
4.718066666666667 2712.802175226585
4.720858333333333 2712.6428313253004
4.7236472222222226 2713.0851807228905
4.727838888888889 2713.573433734939
4.730630555555556 2713.6199096385535
4.733419444444444 2713.87425981873
4.736211111111111 2713.903141993957
4.738991666666666 2713.7381927710835
4.741780555555556 2711.222891566264
4.7459444444444445 2705.7986445783126
4.748747222222222 2702.8896385542166
4.751536111111111 2700.1498791540785
4.754327777777778 2697.215770392749
4.757116666666667 2697.1006626506023
4.759894444444445 2697.3454819277104
4.7640416666666665 2697.440210843373
4.7668333333333335 2697.2903614457828
4.769622222222222 2697.3024169184287
4.772402777777778 2697.1362839879152
4.775194444444445 2697.019909638554
4.777983333333333 2697.262650602409
4.78215 2697.3540361445775
4.784955555555555 2697.203253012048
4.787744444444445 2697.2138972809666
4.790536111111111 2697.0463444108755
4.793325 2696.9296385542166
4.796108333333334 2697.173192771084
4.800119444444444 2697.264879518072
4.802963888861111 2697.1135240963854
4.805752777777778 2697.124864048338
4.808533333333333 2696.957069486405
4.811322222194445 2696.8394578313255
4.814113888888889 2697.0817469879516
4.818155555555555 2697.172831325301
4.820997222222222 2697.0221084337354
4.8237861111111116 2697.0347734138977
4.826577777777778 2696.8707250755288
4.829366666666667 2696.755512048193
4.832158333333333 2697.000572289157
4.83622777775 2697.0983734939764
4.8390749999722225 2696.9512951807233
4.841863888888889 2696.965287009064
4.844655555527778 2696.802326283989
4.847444444444444 2696.6877710843382
4.850233333333334 2696.936355421688
4.854325 2697.039427710845
4.8571277777777775 2696.894246987953
4.859916666666667 2696.9105438066476
4.862708333333333 2696.7495468277957
4.865497222222222 2696.6344879518083
4.868286111111111 2696.883433734941
4.872561111111111 2696.9887048192786
4.875352777777778 2696.8452108433744
4.878141666666667 2696.8612688821763
4.880933333333333 2696.700000000001
4.8837222222222225 2696.5841265060253
4.886513888888889 2696.830030120483
4.890669444444445 2696.9305722891577
4.893458333333333 2696.7856325301213
4.896241666666667 2696.800090634442
4.899033333333334 2696.637703927494
4.901822222222222 2696.5232831325316
4.9046111111111115 2696.7713253012057
4.9086388888888886 2696.8748493975913
4.911494444444444 2696.7306024096392
4.914275 2696.7458912386714
4.917066666666667 2696.5843504531726
4.919855555555555 2696.6059214501515
4.922647222222222 2696.822839879154
4.926775 2696.819066265061
4.929566666666667 2696.675421686747
4.932352777777778 2696.690996978852
4.935144444444444 2696.532296072508
4.9379333333333335 2696.5563444108766
4.940716666666667 2696.669849397591
4.945036111111111 2696.776325301206
4.947838888888889 2696.633343373495
4.950630555555556 2696.6486404833845
4.953419444444444 2696.488338368581
4.9562083333333335 2696.5094864048347
4.959 2696.728791540786
4.963041666666666 2696.729096385543
4.9658444444444445 2696.585331325302
4.9686361111111115 2696.5990332326296
4.971425 2696.4380664652576
4.974216666666667 2696.325060240965
4.9770055555555555 2696.5714759036155
4.981055555555556 2696.669548192772
4.983925 2696.5221686747
4.986713888861111 2696.533141993959
4.989502777777778 2696.3684894259827
4.992294444416666 2696.2551204819288
4.9950833333333335 2696.501024096386
4.9990805555555555 2696.598614457833
5.001869444444444 2696.4502409638567
5.004661111111111 2696.4620845921463
5.007441666666667 2696.2998791540795
5.010233333333334 2696.187590361447
5.013022222222222 2696.433825301206
5.017066666666667 2696.533674698797
5.019891666666667 2696.3874397590375
5.022683333333333 2696.398731117826
5.025472222222223 2696.235528700908
5.028263888888889 2696.122409638556
5.031041666666667 2696.36996987952
5.035236111111111 2696.4696385542184
5.038025 2696.3216265060255
5.040816666666666 2696.3348640483396
5.043605555555556 2696.172839879155
5.046397222222223 2696.0601506024104
5.0491777777777775 2696.3069277108443
5.053333333333334 2696.407620481929
5.056113888861111 2696.2615361445796
5.0589055555555555 2696.274743202418
5.061694444444444 2696.113202416919
5.064475 2696.0005120481937
5.067263888888889 2696.2491867469894
5.071544444444444 2696.3529216867482
5.074338888888889 2696.208524096387
5.077127777777778 2696.2229607250765
5.079916666666667 2696.0640181268896
5.082708333333334 2695.9524397590376
5.085497222222222 2696.2048493975913
5.089641666666667 2696.315542168676
5.092430555555556 2696.17388554217
5.0952222222222225 2696.191057401814
5.098011111111111 2696.034984894261
5.1008 2695.923584337351
5.1035916666666665 2696.1759036144595
5.107783333333333 2696.289006024098
5.110619444444445 2696.1498493975923
5.113408333333333 2696.166918429005
5.1161916666666665 2696.010030211482
5.118980555555556 2695.898554216869
5.121769444444444 2696.1526807228934
5.125825 2696.265843373496
5.128616666666667 2696.125271084339
5.131405555555555 2696.1420241691862
5.134197222222222 2695.9883987915427
5.136986111111111 2695.8793975903636
5.139777777777778 2696.135993975906
5.14395 2696.255180722894
5.146827777777777 2696.117771084339
5.149616666666667 2696.136283987917
5.152408333305556 2695.9846223564973
5.155197222222222 2695.8759939759057
5.157988888861111 2696.1312951807245
5.161955555555555 2696.2509638554234
5.164758333333333 2696.1154819277126
5.167547222194444 2696.132839879155
5.170338888888889 2695.980785498491
5.173125 2695.8728915662664
5.175916666666667 2696.1322590361465
5.179980555555556 2696.257048192773
5.182802777777778 2696.1225903614472
5.185594444444445 2696.1429909365575
5.188383333333333 2695.9911782477357
5.191175 2695.8803313253024
5.193963888888889 2696.1387951807246
5.198 2696.2606927710854
5.20085 2696.1251807228928
5.203641666666667 2696.144652567977
5.2064305555555555 2695.9918731117837
5.209222222222222 2695.8810542168685
5.212008333333333 2696.1371084337356
5.216086111111111 2696.2540060240976
5.218875 2696.115843373495
5.221666666666667 2696.1359818731125
5.224455555555555 2695.984441087614
5.227244444444445 2695.8745481927717
5.230033333333333 2696.130572289157
5.233997222222222 2696.2508433734943
5.236805555555556 2696.115090361446
5.239597222222222 2696.1343504531724
5.242386111111111 2695.983021148036
5.2451694444444446 2695.8739759036143
5.247958333333333 2696.1305421686748
5.252008333333333 2696.2514156626507
5.2548972222222226 2696.115873493976
5.257688888888889 2696.135951661631
5.260477777777778 2695.985105740181
5.263261111111111 2695.8755120481924
5.26605 2696.1310843373494
5.270097222222223 2696.251837349398
5.272913888888889 2696.117108433735
5.275705555555556 2696.136163141994
5.278494444444444 2695.9819033232634
5.281286111111111 2695.87093373494
5.284074999972222 2696.1261144578316
5.288266666638889 2696.2431626506022
5.291058333333333 2696.1053313253014
5.293847222222222 2696.1238368580066
5.2966388888888885 2695.968459214502
5.299427777777778 2695.8565963855426
5.302216666666666 2696.1125
5.3062 2696.2300000000005
5.308988888888889 2696.092319277109
5.311780555555556 2696.112658610272
5.3145694444444445 2695.958972809668
5.317361111111111 2695.8463855421687
5.320144444444445 2696.102138554217
5.324405555555556 2696.220210843374
5.327197222222222 2696.0831024096387
5.329986111111111 2696.1024169184293
5.332777777777777 2695.9467673716017
5.335566666666667 2695.8335843373497
5.338355555555555 2696.0882831325303
5.342416666666667 2696.2030120481927
5.345288888888889 2696.063765060241
5.348080555555556 2696.084078549849
5.350866666666667 2695.928066465257
5.353658333305556 2695.8136445783134
5.356447222222222 2696.068222891566
5.360536111111111 2696.183644578313
5.363391666666667 2696.0445783132523
5.366183333305556 2696.065377643504
5.368972222222222 2695.9096374622354
5.371763888888889 2695.795662650602
5.374552777777778 2696.050692771084
5.378577777777778 2696.165722891565
5.381366666638889 2696.0256927710834
5.384155555555555 2696.048670694863
5.386947222194444 2695.8955287009053
5.3897361111111115 2695.7808132530113
5.392522222222222 2696.036355421686
5.396691666666666 2696.1546987951797
5.399566666666667 2696.0174698795167
5.402355555555555 2696.0394561933526
5.405144444444445 2695.885709969788
5.407933333333333 2695.772289156626
5.410725 2696.026355421686
5.414630555527777 2696.143584337348
5.417491666666667 2696.0074397590347
5.4202805555277775 2696.029063444107
5.423072222222222 2695.875800604228
5.425861111111111 2695.7622289156616
5.428652777777778 2696.016475903614
5.432927777777778 2696.1335542168667
5.435741666638889 2695.996295180722
5.438525 2696.0176132930505
5.441313888888889 2695.8641993957694
5.444105555555556 2695.750843373493
5.446894444444444 2696.00298192771
5.451008333333333 2696.115572289156
5.453880555555555 2695.976114457831
5.456669444416667 2695.994894259818
5.4594611111111115 2695.839607250755
5.46225 2695.7274397590354
5.465038888888889 2695.9808734939757
5.469213888861111 2696.096295180722
5.472019444444444 2695.9584337349393
5.4748 2695.9775830815706
5.477591666666667 2695.8247734138968
5.480380555555556 2695.715301204819
5.483172222194445 2695.969397590361
5.487227777777778 2696.0869879518063
5.490083333333334 2695.9513554216865
5.492875 2695.9688821752256
5.495663888888889 2695.816132930513
5.498455555555555 2695.707259036144
5.501244444444445 2695.963975903614
5.505436111111111 2696.085512048192
5.508252777777778 2695.9504819277104
5.511041666666666 2695.9691540785493
5.513830555555556 2695.817190332326
5.516622222222222 2695.708945783132
5.519411111111111 2695.9677108433734
5.523488888888889 2696.0917771084337
5.526280555555555 2695.957469879518
5.529069444444445 2695.977915407855
5.531861111111111 2695.829667673716
5.53465 2695.722259036145
5.537430555555556 2695.982259036145
5.541416666666667 2696.1094879518073
5.544311111111111 2695.976686746988
5.5471 2695.9966163141994
5.5498916666666664 2695.8485196374622
5.552669444444445 2695.7422590361443
5.555458333333333 2696.0001506024096
5.559486111111111 2696.126385542168
5.562327777777778 2695.99469879518
5.565116666638889 2696.013806646525
5.5679083333333335 2695.8637462235642
5.570688888888889 2695.75704819277
5.573480555555555 2696.015421686747
5.577672222222223 2696.1392469879515
5.580491666666667 2696.00469879518
5.583283333333333 2696.0215105740176
5.5860722222222225 2695.869063444108
5.588863888888889 2695.7613855421682
5.591652777777778 2696.0166265060243
5.595727777777777 2696.135391566265
5.5985555555555555 2695.999036144578
5.601344444444444 2696.014924471299
5.604133333333333 2695.862175226586
5.606925 2695.755240963855
5.609713888888889 2696.0099698795175
5.613872222222223 2696.1265963855417
5.616766666666667 2695.9891265060232
5.619555555555555 2696.0032628398785
5.622347222222222 2695.852296072507
5.625136111111111 2695.748614457831
5.627925 2696.005391566265
5.632305555555556 2696.128102409639
5.635086111111111 2695.9940361445783
5.637877777777778 2696.0087915407858
5.640666666666666 2695.8558912386707
5.643447222222222 2695.750030120482
5.6462361111111115 2696.005481927711
5.650352777777778 2696.1219277108435
5.653155555555555 2695.983945783133
5.655947222222222 2695.996223564955
5.658736111111111 2695.8425377643507
5.661527777777778 2695.7381927710844
5.664305555555556 2695.992108433735
5.668497222222222 2696.1101807228915
5.671297222194444 2695.974518072289
5.674088888888889 2695.9874320241693
5.67687777775 2695.833716012084
5.679669444444444 2695.728524096385
5.682458333333333 2695.986054216867
5.686522222222222 2696.105903614457
5.689305555555555 2695.968463855421
5.692094444444445 2695.9822658610265
5.694886111111111 2695.8297583081567
5.697675 2695.725090361445
5.700466666666666 2695.98328313253
5.704525 2696.104999999999
5.707313888888889 2695.9692168674687
5.710105555555556 2695.983836858005
5.712883333333333 2695.8317522658604
5.715672222194445 2695.726686746987
5.718463888888889 2695.986957831324
5.722655555555556 2696.1119277108423
5.725475 2695.9767469879507
5.728258333333334 2695.9947129909356
5.731047222222222 2695.845679758307
5.733838888888889 2695.7409638554204
5.736627777777778 2696.0034638554207
5.740697222194444 2696.135361445782
5.7435 2696.004969879517
5.746291666666667 2696.0253776435034
5.749077777777778 2695.8803021148024
5.751869444444444 2695.77626506024
5.754658333333333 2696.0418975903603
5.758677777777778 2696.1916012084585
5.761472222222222 2696.0318429003014
5.764261111111111 2696.0693655589116
5.767052777777778 2695.924561933534
5.769841666666666 2695.821234939758
5.772630555555556 2696.086897590361
5.776605555555555 2696.2387915407853
5.779477777777778 2696.0810574018124
5.782266666666667 2696.12081570997
5.785047222194445 2695.9788821752263
5.7878388888888885 2695.8766867469876
5.79062777775 2696.1439759036143
5.7946277777777775 2696.298157099698
5.7974805555555555 2696.1417824773416
5.8002722222222225 2696.1832930513597
5.803061111111111 2696.0449244712995
5.805852777777778 2695.9445481927714
5.8086416666666665 2696.2149397590365
5.812844444444444 2696.3751661631427
5.815636111111111 2696.2236858006045
5.818425 2696.268429003022
5.8212166666666665 2696.1315105740186
5.824005555527778 2696.031054216868
5.826794444444444 2696.3009638554227
5.830844444444445 2696.459274924472
5.833669444444444 2696.306193353475
5.83645 2696.3490030211487
5.8392333333333335 2696.2105135951665
5.842022222222222 2696.110481927711
5.844813888888889 2696.3804216867475
5.848902777777778 2696.537160120846
5.851738888861111 2696.383867069486
5.854527777777778 2696.426827794561
5.857319444444444 2696.2866767371597
5.860108333333334 2696.1851807228913
5.8629 2696.4560843373483
5.86687777775 2696.6136555891226
5.869772222222222 2696.458580060422
5.872561111111111 2696.5010574018115
5.875352777777778 2696.1629003021135
5.878138888888889 2695.864096385541
5.8809305555555556 2695.9359638554206
5.885122222222222 2695.8951963746213
5.887911111111111 2695.5440181268873
5.890702777777777 2695.38924471299
5.893491666666667 2695.051389728096
5.896283333333334 2694.7552409638547
5.899066666666666 2694.8268674698784
5.9030861111111115 2694.7799999999993
5.905958333333333 2694.426555891238
5.908747222222222 2694.2696978851955
5.911536111111111 2693.9309969788505
5.914327777777777 2693.6388253012037
5.917116666666667 2693.7097590361436
5.921208333333333 2693.660755287008
5.923986111111111 2693.309577039274
5.926775 2693.153776435044
5.929566666666667 2693.6026283987903
5.932355555555556 2694.095692771083
5.935138888888889 2694.9519277108425
5.9392611111111115 2695.6917824773404
5.94205 2696.1242598187305
5.944838888861111 2696.7532930513585
5.9476305555555555 2696.412719033231
5.950419444416666 2696.1122590361433
5.953205555555556 2696.1830421686736
5.957344444444445 2696.137371601207
5.960177777777778 2695.7816012084586
5.9629666666666665 2695.6239577039264
5.9657583333333335 2695.285679758307
5.968547222222222 2694.990060240963
5.971338888888889 2695.060180722891
5.975463888861111 2695.012114803625
5.978352777777777 2694.6587009063437
5.981136111111111 2694.502447129909
5.983925 2694.1636555891237
5.986713888861111 2693.870813253012
5.989505555555556 2693.940813253012
5.993708333333333 2693.889274924471
5.996497222222223 2693.5358912386705
5.999288888888889 2693.379546827794
6.002077777777778 2693.040362537764
6.004866666666667 2692.750240963855
6.0076583333333335 2692.8186144578303
6.011697222222222 2692.761993957703
6.014572222222222 2692.4073716012076
6.017363888861111 2692.2494561933527
6.020152777777778 2691.9112688821747
6.022941666666667 2691.6270783132527
6.025733333333333 2691.698704819277
6.030005555555555 2691.6429003021144
6.032794444444445 2691.2915105740176
6.035586111111111 2691.1372205438065
6.038375 2691.9785498489423
6.041166666666666 2692.8682530120477
6.043955555555556 2694.1149096385534
6.048005555555555 2695.2448036253772
6.050841666666667 2696.0719939577034
6.053630555555555 2697.0951661631416
6.056413888888889 2696.7576737160116
6.059205555555556 2696.4579518072283
6.061994444444444 2696.5293975903605
6.066119444444444 2696.4882779456184
6.069011111111111 2696.1368277945608
6.0718 2695.981631419939
6.074591666666667 2695.645407854984
6.077372222222222 2695.349999999999
6.0801638888888885 2695.4217771084327
6.084208333333334 2695.3764350453166
6.0870138888888885 2695.024531722054
6.0898055555555555 2694.8692145015098
6.092583333333334 2694.5335347432015
6.095375 2694.243192771083
6.098163888888889 2694.3161144578303
6.102366666666667 2694.2687009063434
6.105183333333334 2693.9186404833827
6.107975 2693.7649244712984
6.1107555555555555 2693.429516616314
6.113544444416666 2693.142740963855
6.116336111111111 2693.218012048192
6.120666666666667 2693.1671601208454
6.123455555555555 2692.8155589123858
6.126247222222222 2692.6621752265855
6.129030555527778 2692.3267371601205
6.1318222222222225 2692.0437048192766
6.134608333333333 2692.1147590361443
6.138627777777778 2692.056525679758
6.141452777777777 2691.704350453172
6.144230555555556 2691.5491540785497
6.147022222222223 2691.211812688822
6.1498 2690.9324698795185
6.152591666666667 2691.003524096386
6.1567083333333334 2690.942054380665
6.159513888888889 2690.590574018127
6.162305555555555 2690.4352567975834
6.165094444444445 2690.100755287009
6.167886111111111 2689.8276807228917
6.170675 2689.9012650602413
6.174886111111111 2689.837885196375
6.177677777777777 2689.4881873111785
6.180458333333333 2689.335075528701
6.18325 2689.000211480363
6.186036111111111 2688.73171686747
6.188816666666667 2688.81
6.193058333305555 2688.7489425981876
6.1958722222222224 2688.401268882175
6.198661111111111 2688.252356495468
6.201447222222222 2687.9210574018125
6.204238888861111 2687.6554819277103
6.207027777777777 2687.7339156626504
6.2111527777777775 2687.6725679758306
6.213966666666667 2687.32755287009
6.216755555555555 2687.1783685800597
6.219536111111111 2686.846827794561
6.222325 2686.5843975903604
6.225116666638889 2686.6620481927703
6.229202777777778 2686.5947734138967
6.232075 2686.247975830815
6.234863888861111 2686.0977945619325
6.237652777777778 2685.7667069486397
6.240441666666666 2685.5090060240955
6.243233333333333 2685.586204819276
6.247519444444444 2685.51595166163
6.2503166666666665 2685.1711480362524
6.253105555555556 2685.021540785497
6.255897222222222 2684.686465256796
6.258686111111111 2684.5350755287
6.261475 2684.581691842899
6.265530555555555 2684.4323262839866
6.2684194444444445 2684.0848036253765
6.271208333333333 2683.933202416918
6.2739972222222224 2683.6011782477335
6.2767888888888885 2683.453474320241
6.279577777777778 2683.5010574018124
6.283697222222222 2683.3513897280964
6.286569444444445 2683.0055589123863
6.289358333333333 2682.8569788519635
6.29215 2682.524622356495
6.294927777777778 2682.375951661631
6.297719444444445 2682.424108761329
6.301983333333333 2682.275558912386
6.304775 2681.929335347431
6.307563888888889 2681.7798791540777
6.3103444444444445 2681.4485498489416
6.313133333333333 2681.2999395770385
6.315922222222222 2681.3471299093644
6.320166666666666 2681.1961329305122
6.322958333333333 2680.849335347431
6.3257361111111114 2680.7006042296057
6.328525 2680.3687311178237
6.331316666666667 2680.221027190331
6.334105555555555 2680.270604229606
6.338288888888889 2680.1234743202403
6.341080555555555 2679.778761329304
6.3438638888888885 2679.630845921449
6.346647222222222 2679.299577039273
6.349438888888889 2679.152145015104
6.352219444444445 2679.2029607250734
6.356386111111111 2679.05598187311
6.359177777777778 2678.7102416918406
6.3619666666666665 2678.562265861025
6.3647583333333335 2678.2335347432
6.367541666666667 2678.0882477341365
6.370330555555555 2678.137432024167
6.374513888888889 2677.9908761329284
6.377336111111111 2677.648700906342
6.380127777777778 2677.5022054380643
6.382916666666667 2677.175528700904
6.3857083333333335 2677.031631419937
6.388497222222222 2677.0843202416895
6.392588888888889 2676.938912386705
6.395416666666667 2676.59685800604
6.398202777777778 2676.452839879152
6.400988888888889 2676.127613293049
6.403777777777778 2675.9840181268855
6.406558333333333 2676.03685800604
6.410638888888889 2675.894682779454
6.413474999972222 2675.555045317218
6.416258333333333 2675.4104229607224
6.419047222222222 2675.0845921450127
6.421838888888889 2674.9409365558886
6.424627777777777 2674.995347432022
6.4287972221944445 2674.8535045317194
6.431583333333333 2674.5136858006017
6.434375 2674.370151057399
6.437163888888889 2674.0439577039247
6.439955555555556 2673.8996072507525
6.442744444444444 2673.9520241691816
6.446766666666667 2673.8081873111755
6.449563888888889 2673.467522658608
6.452352777777778 2673.3231722054356
6.455144444444445 2673.0001208459184
6.457933333333333 2672.8584592144985
6.460725 2672.913232628396
6.464938888888889 2672.7718731117793
6.467730555555556 2672.43359516616
6.470519444444444 2672.291329305133
6.4733111110833335 2671.965045317218
6.4761 2671.819848942596
6.478886111111111 2671.871963746221
6.482861111111111 2671.7291540785473
6.4856444444444445 2671.3879154078527
6.4884361111111115 2671.2417220543784
6.491225 2670.9147129909343
6.494016666666667 2670.7691238670673
6.4968055555555555 2670.820302114801
6.500788888888889 2670.674682779454
6.503591666666667 2670.3322054380646
6.506380555555555 2670.186525679756
6.509169444416667 2670.096636363635
6.511955555555556 2669.920787878786
6.514747222222222 2669.7439999999983
6.518966666666667 2669.6211178247718
6.521827777777777 2669.279063444107
6.524619444444444 2669.1329909365545
6.527408333305556 2668.8046827794547
6.5302 2668.657552870089
6.532988888861111 2668.70839879154
6.537147222222222 2668.561963746223
6.539938888888889 2668.217492447129
6.5427277777777775 2668.0703323262833
6.5455194444444444 2667.9725454545446
6.548308333333333 2667.7953939393933
6.551097222222222 2667.6177575757565
6.555127777777778 2667.503111782476
6.557922222222222 2667.1613293051346
6.560711111111111 2667.014561933533
6.563502777777778 2666.9123939393926
6.566291666666666 2666.7348787878773
6.569083333333333 2666.5569696969683
6.573305555555556 2666.440725075527
6.5760861111111115 2666.0956495468263
6.578877777777778 2665.948610271902
6.581666666666667 2665.8436363636347
6.584458333333333 2671.594303030301
6.5872472222222225 2677.3456666666652
6.591488888888889 2689.020211480361
6.594280555555556 2694.5877643504514
6.597066666666667 2700.3521148036234
6.599855555555555 2700.3523939393917
6.602647222222222 2700.174454545453
6.6054361111111115 2699.99621212121
6.609663888888889 2699.779909365557
6.612441666666666 2699.4357703927476
6.615230555555556 2699.288519637461
6.618022222222222 2699.284848484847
6.620802777777778 2699.104333333332
6.623591666666667 2698.924090909089
6.627688888888889 2698.709848942596
6.630527777777778 2698.3650453172186
6.6333166666666665 2698.215740181267
6.636105555555556 2698.2055454545434
6.638891666638889 2698.028151515149
6.641680555555555 2697.8503939393913
6.645755555555556 2697.6393353474296
6.648586111111111 2697.2946525679736
6.651375 2697.1479456193333
6.654166666666667 2697.1368484848463
6.656955555555555 2696.95621212121
6.659747222222222 2696.7759090909067
6.664116666666667 2696.568731117822
6.666919444444445 2696.2243806646497
6.669708333333333 2696.074984894257
6.672497222222222 2695.744229607248
6.675288888888889 2695.596465256795
6.678077777777777 2695.644229607248
6.682286111111111 2695.4936555891213
6.685161111111111 2695.1475528700876
6.687952777777777 2694.999939577036
6.690741666638889 2695.84864048338
6.693533333333333 2696.879788519634
6.6963222221944445 2698.107613293048
6.700511111111111 2699.1380966767338
6.7033 2699.9717220543776
6.706088888861111 2701.002688821749
6.708875 2700.8663444108734
6.711666666666667 2700.9132628398766
6.714455555555555 2701.1574622356466
6.718630555555555 2701.204471299091
6.721444444444445 2701.0540181268852
6.724236111111111 2701.100755287006
6.727025 2700.9658610271877
6.729813888888889 2701.0140483383657
6.732602777777778 2701.256193353471
6.736836111111111 2701.3017824773387
6.7396555555277775 2701.1525377643475
6.742447222222222 2701.1998489425955
6.745236111111111 2701.0656495468247
6.748025 2701.1128096676707
6.750813888888889 2701.3550453172174
6.754775 2701.3996072507525
6.757661111111111 2701.2490332326256
6.760441666666667 2701.2960120845896
6.763230555555555 2701.161782477339
6.766022222222222 2701.2102416918406
6.768805555555556 2701.4560120845895
6.77305 2701.5056495468248
6.7758416666666665 2701.35688821752
6.778622222222222 2701.4042296072475
6.781408333333333 2701.2677945619307
6.7842 2701.314138972807
6.786988888888889 2701.556495468276
6.791052777777778 2701.602779456191
6.7938527777777775 2701.4521148036233
6.796636111111111 2701.497643504529
6.799425 2701.363081570995
6.802213888888889 2701.408700906342
6.80500277775 2701.6499395770365
6.809077777777778 2701.6951963746196
6.811858333333333 2701.544954682777
6.814647222222222 2701.5906042296047
6.817438888888889 2701.4522658610254
6.820227777777777 2701.49601208459
6.823008333333333 2701.7373413897258
6.827127777777778 2701.781208459212
6.830019444444445 2701.6275226586076
6.832811111111111 2701.6713897280943
6.8356 2701.5325377643476
6.838383333333334 2701.5749546827765
6.841175 2701.8152265861004
6.845380555555556 2701.8590936555865
6.8481861111111115 2701.7052265861003
6.850974999972222 2701.747794561931
6.853766666666667 2701.607552870088
6.8565555555555555 2701.650392749242
6.8593416666666664 2701.890845921448
6.863497222222223 2701.933202416916
6.866344444444445 2701.7780060422942
6.869133333333333 2701.8209365558896
6.871925 2701.6812084592125
6.874713888888889 2701.9220241691824
6.877497222222222 2702.359184290028
6.881794444444444 2702.5998187311156
6.884580555555556 2702.643746223563
6.887369444444444 2702.8841993957685
6.890155555555555 2702.941450151055
6.892938888888889 2703.1819637462218
6.895730555555556 2703.6185196374604
6.90000277775 2703.8577643504514
6.902794444444444 2703.9006948640467
6.905572222222222 2704.1409063444094
6.908361111111111 2704.1948036253757
6.911152777777778 2704.4312688821733
6.913941666666667 2704.866586102717
6.918275 2705.1060120845905
6.9210666666666665 2705.146072507551
6.923855555555556 2705.3819637462216
6.926647222222222 2705.433081570995
6.929436111111111 2704.8803021148015
6.932224999972222 2704.52598187311
6.936308333333334 2703.972386706947
6.939102777777777 2703.220362537763
6.941891666666667 2702.6676132930493
6.944683333333334 2701.9311178247713
6.947472222222222 2702.1642900302095
6.950261111111111 2702.594682779454
6.954727777777777 2702.800783132528
6.957516666666667 2702.866626506022
6.960305555555555 2703.0964652567955
6.963086111111111 2703.1475830815693
6.965875 2703.3799093655566
6.968666666666667 2703.809577039273
6.972777777777778 2704.013283132528
6.975622222222222 2704.0796084337335
6.9784138888888885 2704.3116616314187
6.9812 2704.3606344410864
6.983991666666666 2704.592175226585
6.986780555555556 2705.021842900301
6.99105 2705.221174698794
6.9938416666666665 2705.2873795180712
6.996622222222222 2705.5236858006033
6.999411111111111 2705.5747432024164
7.002202777777778 2705.808972809667
7.004991666666666 2706.2387915407844
7.009230555555556 2706.511027190332
7.012022222222222 2706.745166163141
7.014805555555555 2706.956878787878
7.017597222222222 2706.794350453172
7.020375 2707.0247734138966
7.023166666666667 2707.452054380664
7.027402777777778 2707.641204819277
7.030194444444445 2707.7050602409636
7.032983333333333 2707.946767371601
7.035775 2707.992990936556
7.038563888888889 2707.0441691842902
7.041352777777778 2706.291148036254
7.045722222222222 2704.1974320241693
7.048511111111111 2703.248549848943
7.051302777777778 2702.2658787878795
7.054088888888889 2702.1179456193363
7.05687777775 2702.348187311179
7.059666666666667 2702.7742900302123
7.063725 2703.038519637463
7.066577777777778 2703.2687311178256
7.069366666666666 2703.4682424242437
7.072158333333333 2703.3154380664664
7.074947222222222 2703.5431419939587
7.077730555555555 2703.968489425983
7.081697222222222 2704.228489425983
7.0845666666666665 2704.456223564956
7.08735 2704.6583939393954
7.090138888888889 2704.4998791540797
7.092930555555555 2704.7242900302126
7.095719444444445 2705.1462537764364
7.1 2705.4004229607262
7.102791666666667 2705.6248640483395
7.105580555555555 2705.82887878788
7.108372222222222 2705.665287009065
7.1111611111111115 2705.887885196376
7.11395 2706.3080664652584
7.118166666666666 2706.5561933534755
7.120980555555556 2706.7789123867087
7.123769444444444 2706.986242424244
7.126561111111111 2706.8188217522675
7.12935 2707.041873111784
7.132141666666667 2707.4627492447144
7.136272222222222 2707.713625377645
7.139061111111111 2707.936223564956
7.14185277775 2708.1465757575775
7.144641666666667 2707.9742296072523
7.147430555555555 2708.1953474320258
7.150213888888889 2708.6139879154093
7.154241666666667 2708.861148036255
7.157080555555556 2709.081842900304
7.159872222222222 2709.2952727272746
7.162661111111111 2709.1188821752285
7.1654527777777774 2709.3355589123885
7.168241666638889 2709.750936555893
7.172338888861111 2709.9133433734955
7.175127777777778 2709.9635843373508
7.177919444416666 2710.2064652567988
7.1807083333333335 2710.240876132932
7.1835 2710.4570090634456
7.186288888888889 2710.8683685800625
7.1902888888888885 2711.022590361448
7.1931666666666665 2711.0708433734962
7.1959583333333335 2711.3158006042313
7.198747222222222 2711.34398791541
7.201536111111111 2711.5552265861043
7.204327777777777 2711.9667371601217
7.208341666666667 2712.112891566266
7.211183333305556 2712.156656626507
7.213972222222222 2712.405256797584
7.216761111111111 2712.433081570998
7.2195527777777775 2712.643776435046
7.222341666666667 2713.051148036255
7.22635 2713.189367469881
7.229197222222222 2713.232560240965
7.2319861111111114 2713.484471299095
7.234772222222222 2713.511148036255
7.2375638888888885 2713.7187613293063
7.240352777777778 2714.12407854985
7.244402777777778 2714.2562650602417
7.247191666666667 2714.297198795182
7.249983333333334 2714.550845921451
7.252766666666667 2714.5756193353486
7.2555555555555555 2714.7861933534755
7.258344444444444 2715.193504531723
7.262711111083333 2715.3228313253026
7.265538888888889 2715.3644879518088
7.2683277777777775 2715.623806646527
7.271108333333333 2715.6488821752278
7.273897222222222 2715.8554984894276
7.276688888888889 2716.2598187311187
7.280691666666667 2716.3833132530135
7.2835833333333335 2716.423855421688
7.286375 2716.6849546827802
7.289163888888889 2716.7090030211493
7.291955555555556 2716.9168882175236
7.2947444444444445 2717.3238972809672
7.298958333333333 2717.4451204819284
7.301775 2717.4856024096393
7.304563888888889 2717.75160120846
7.307355555555556 2717.7768277945625
7.310144444444444 2717.983957703929
7.312925 2718.387673716013
7.316963888888889 2718.5035843373507
7.3197833333333335 2718.5452409638565
7.322572222194444 2718.8143202416927
7.325363888888889 2718.8407250755295
7.3281527777777775 2719.0504531722063
7.3309444444444445 2719.454652567977
7.335122222222222 2719.5670481927723
7.3379111111111115 2719.608192771085
7.340702777777778 2719.8806344410887
7.343491666666667 2719.907341389729
7.346283333333333 2720.1174018126894
7.3490722222222225 2720.5255589123876
7.353213888888889 2720.6379216867476
7.3560027777777774 2720.6792771084347
7.358794444444444 2720.956042296073
7.361583333333333 2720.9819033232634
7.364372222222222 2721.188700906345
7.367163888888889 2721.5927190332336
7.371244444444445 2721.6989759036155
7.374025 2721.739728915664
7.376816666666667 2722.0178247734148
7.379605555555556 2722.0427794561942
7.382397222222222 2722.248338368581
7.385186111083334 2722.6506042296082
7.389191666666667 2722.7521686747
7.391991666638889 2722.7914457831334
7.394780555555555 2723.071057401813
7.397572222194444 2723.0952265861033
7.400361111111111 2723.301027190332
7.403152777777778 2723.702839879154
7.407133333333333 2723.80093373494
7.4099916666666665 2723.8396686746987
7.4127833333333335 2724.1218126888216
7.415561111111111 2724.145377643505
7.41835 2724.3502114803628
7.421141666666666 2724.7512990936557
7.425186111083334 2724.8445783132534
7.428047222222222 2724.8816265060245
7.430836111083333 2725.1660422960726
7.433627777777778 2725.188157099698
7.436416666666666 2725.3935951661633
7.439208333333333 2725.795166163142
7.4432416666388885 2725.886897590361
7.446038888888889 2725.9256927710844
7.448830555555555 2726.2138972809666
7.451619444444445 2726.2379154078544
7.454411111111111 2726.0340963855415
7.4571999999722225 2726.461837349397
7.461402777777778 2726.925602409637
7.464247222222222 2726.9616867469867
7.467036111111111 2727.249788519636
7.469827777777778 2727.270513595165
7.4726166666388885 2727.064156626505
7.475408333333333 2727.494518072288
7.4795444444444446 2727.9607228915647
7.4823361111111115 2727.997259036143
7.485125 2728.289879154077
7.487916666666667 2728.313595166162
7.490702777777778 2728.1051506024082
7.493486111111111 2728.5345180722875
7.497677777777778 2729.001596385541
7.500497222222222 2729.0394277108417
7.503288888888889 2729.334018126887
7.506077777777778 2729.5999393939373
7.508869444444445 2729.5999393939373
7.511658333333333 2730.0197264437675
7.515625 2730.5750458715584
7.5185055555555556 2730.708865030673
7.521286111111111 2731.013784615383
7.524074999972222 2731.289567901233
7.526863888888889 2731.289567901233
7.5296555555277775 2731.7227244582027
7.533602777777777 2732.2991277258548
7.536441666666667 2732.440531249998
7.5392222222222225 2732.756802507835
7.542011111111111 2733.043490566036
7.5448 2733.043490566036
7.5475916666666665 2733.4887066246038
7.5516861111111115 2734.084317460316
7.554494444444445 2734.2328662420364
7.557283333333333 2734.559265175717
7.560075 2734.8555769230748
7.562863888888889 2734.8555769230748
7.565655555555556 2735.316655948551
7.569736111111111 2735.9376051779914
7.572527777777778 2736.0962337662318
7.575316666666667 2736.4357654723103
7.578105555555555 2736.744771241828
7.580897222222222 2736.744771241828
7.583677777777778 2730.8070819672107
7.587705555555556 2718.49719471947
7.590536111111111 2712.123079470197
7.593325 2705.890365448503
7.596113888861111 2699.5826333333316
7.598905555555556 2699.5826333333316
7.601694444444444 2699.9441137123727
7.605725 2700.352828282826
7.608558333333334 2700.3979054054034
7.61135 2700.630847457625
7.614133333333333 2700.8312244897934
7.616922222194445 2700.8312244897934
7.619713888888889 2701.20327645051
7.623927777777777 2701.627285223366
7.626819444444444 2701.6773103448254
7.629611111111111 2701.918131487887
7.6324 2702.1257291666643
7.635191666666667 2702.1257291666643
7.637980555555556 2702.5094425087086
7.642002777777778 2702.9511228070155
7.644880555555556 2703.0068309859134
7.647672222222222 2703.257102473496
7.650461111111111 2703.473617021274
7.6532527777777775 2703.473617021274
7.656041666666667 2703.8721708185035
7.660233333333333 2704.3348028673813
7.663055555555555 2704.397122302156
7.665844444444445 2704.6590613718395
7.668633333333333 2704.8865217391285
7.671422222222223 2704.8865217391285
7.674213888888889 2705.29738181818
7.6782916666666665 2705.7806227106207
7.6810833333333335 2705.850551470586
7.683872222222222 2706.1227675276727
7.686663888888889 2706.3597777777754
7.6894527777777775 2706.3597777777754
7.692244444444444 2705.33539033457
7.69625 2702.904344569286
7.699102777777778 2701.4959398496217
7.701894444444444 2700.2849433962238
7.704675 2699.0267424242406
7.707461111111111 2699.0267424242406
7.71025 2699.189923954371
7.714291666666667 2699.152567049806
7.717127777777778 2698.94996153846
7.719916666666666 2698.9595366795347
7.722708333333333 2698.9302325581375
7.725494444444444 2698.9302325581375
7.728286111111111 2699.0955642023328
7.732388888888889 2699.057411764704
7.7351833333333335 2698.851850393699
7.737972222222222 2698.8598814229226
7.740763888888889 2698.828134920633
7.7435527777777775 2698.828134920633
7.7463444444444445 2698.995458167329
7.750536111111111 2698.953654618472
7.753355555555555 2698.741612903224
7.756147222222222 2698.7487044534396
7.758936111111111 2698.7150406504043
7.761727777777778 2698.7150406504043
7.764516666666666 2698.884938775508
7.768508333333333 2698.8336625514385
7.7714 2698.6099173553694
7.774191666666667 2698.6151037344375
7.776980555555555 2698.5784583333307
7.779761111111111 2698.5784583333307
7.782547222222222 2698.753974895395
7.786872222222223 2698.7041772151874
7.789672222222222 2698.4769915254215
7.792461111111111 2698.4825531914867
7.79525 2698.4452564102535
7.798041666666666 2698.4452564102535
7.800830555555556 2698.620386266092
7.804888888888889 2698.5636363636336
7.807686111111111 2698.3286521739105
7.810475 2698.3304803493425
7.813266666666666 2698.288421052629
7.816055555555556 2698.288421052629
7.818847222222222 2698.4700440528613
7.822983333333333 2698.412533333331
7.825788888888889 2698.170178571426
7.828577777777777 2698.1738565022397
7.831358333333333 2698.1323423423396
7.83415 2698.1323423423396
7.836938888888889 2698.318642533934
7.841238888888889 2698.2597716894948
7.844027777777778 2698.010642201832
7.846819444444445 2698.014654377878
7.849608333333333 2697.97222222222
7.8524 2697.97222222222
7.855188888888889 2698.1642325581374
7.859244444444444 2698.105164319247
7.86205 2697.849905660375
7.864841666666667 2697.854549763031
7.8676305555555555 2697.811428571427
7.870419444444445 2697.811428571427
7.873208333333333 2698.0091387559787
7.877411111111111 2697.9504347826073
7.880238888888889 2697.689514563106
7.883030555555556 2697.69463414634
7.8858194444444445 2697.650539215685
7.8886111111111115 2697.650539215685
7.8914 2697.8552709359587
7.8955166666666665 2697.797114427859
7.898341666666667 2697.529749999998
7.9011305555555555 2697.535879396983
7.9039222222222225 2697.491363636362
7.906711111111111 2697.491363636362
7.909502777777778 2697.708629441623
7.913569444444445 2697.654358974358
7.916363888888889 2697.379278350514
7.919152777777778 2697.391243523315
7.921944444444445 2697.3510416666654
7.924733333333333 2697.3510416666654
7.927525 2697.578010471203
7.931555555555556 2697.5295238095223
7.9343972222222225 2697.2501063829773
7.937186111111111 2697.2651871657745
7.939977777777778 2697.226451612902
7.9427666666666665 2697.226451612902
7.945555555555556 2697.4617297297286
7.949686111111111 2697.418196721311
7.952475 2697.1339010989
7.955266666666667 2697.151712707181
7.958055555555555 2697.1139444444434
7.960847222222222 2697.1139444444434
7.9636305555555555 2697.3561452513954
7.967691666666667 2697.3073446327676
7.970541666666667 2697.0113068181813
7.973333333333334 2697.0277714285708
7.9761138888888885 2696.98672413793
7.978902777777778 2696.98672413793
7.981694444444445 2697.2380346820805
7.985838888888889 2697.1898245614034
7.988636111111111 2696.883882352941
7.991425 2696.902840236686
7.994205555555555 2696.8623809523806
7.996986111111111 2696.8623809523806
7.999775 2697.1189820359277
