# SectorTime BundlesHandled
0 232.5382627829063
0.08333333333333333 242.31176661594213
0.16666666666666666 253.6070002976767
0.25 266.3180546102557
0.2571111111111111 267.0947485310988
0.2599138888888889 267.4751538129856
0.2627055555555556 267.85113577764116
0.2654944444444444 268.22277112998864
0.268275 268.59011352883897
0.2710638888888889 268.95325772884536
0.27521944444444446 269.3126383120414
0.27802777777777776 269.66780636838183
0.28081944444444445 270.0189889746492
0.28360833333333335 270.36665403129734
0.2864 270.710466405344
0.2891861111111111 271.0500677527398
0.29335555555555554 271.38624763337896
0.29615555555555556 271.71865724703906
0.2989472222222222 272.04745371272463
0.3017361111111111 272.37308818224744
0.30452222222222225 272.69521623903063
0.3073111111111111 273.01350574847555
0.31145833333333334 273.32833037654376
0.31435 273.6400048508958
0.3171333333333333 273.9483839153674
0.319925 274.25391874554543
0.3227111111111111 274.5562661091703
0.3255 274.85509944954407
0.3295166666666667 275.15079473905075
0.3323888888888889 275.44341925783533
0.33518055555555554 275.7330625376318
0.33796944444444443 276.02013397288823
0.34075 276.3042870340053
0.34353055555555556 276.585200630193
0.3476138888888889 276.86350886999264
0.3504388888888889 277.139093963638
0.35323055555555555 277.4119504919998
0.35601944444444444 277.6824760368455
0.35880833333333334 277.95034937046734
0.3616 278.21525553301484
0.3657138888888889 278.47758529382156
0.36850277775 278.7373536149464
0.3712944444444444 278.9946286176109
0.3740833333333333 279.2497887289855
0.3768638888888889 279.50250554391346
0.3796555555555556 279.75248312416574
0.38386944444444443 280.0005526401661
0.3866722222222222 280.24619713239605
0.3894611111111111 280.4895415508407
0.39224166666666666 280.73094593108124
0.39503333330555557 280.970119365213
0.39782222222222224 281.2067507151142
0.4018083333333333 281.4411473680849
0.4046638888888889 281.6734076439169
0.4074527777777778 281.9035564626958
0.4102416666388889 282.13195006344677
0.41302222222222224 282.35826940984583
0.41581111111111113 282.58223014910305
0.41994444444444445 282.8042615713352
0.42280555555555555 283.02442648294146
0.42559722222222224 283.2426430324981
0.42838611111111113 283.4592554876207
0.43116666666666664 283.67395566882846
0.43394444444444447 283.88644473383596
0.43785833333333335 284.0967194426743
0.44072777775 284.30528589093046
0.44351666666666667 284.5120543525637
0.4463083333333333 284.71736298802364
0.4490972222222222 284.92092474768555
0.4518888888888889 285.1224457004481
0.45613888888888887 285.3224826719214
0.45898333333333335 285.52090978763647
0.46176388888888886 285.7176577643493
0.46454722219444444 285.91305404346815
0.4673361111111111 285.91305404346815
0.47012777777777776 286.10651693262355
0.47415 286.4898153984731
0.4769749999722222 286.6783409082086
0.47975833333333334 286.86532492479824
0.48254444444444444 287.05108938594105
0.48533055555555554 287.2353398095188
0.48811944444444444 287.4178014607075
0.49251666666666666 287.59900093440694
0.4953472222222222 287.7787822201648
0.4981361111111111 287.95713638022005
0.500925 288.6364699775961
0.5037166666666667 288.8109842763803
0.5065055555555555 288.98382320853824
0.5107083333333333 289.15549005814137
0.5135222222222222 289.32583805907717
0.5163138888888889 289.4948536340233
0.5191027777777778 289.66283037038346
0.5218805555555556 289.82948189922394
0.5246638888888889 289.99455131364243
0.5289138888888889 290.1585931591543
0.5317194444444444 290.3213945529699
0.5345083333333334 290.4829448720388
0.5372972222222222 290.64353652654376
0.5400888888888888 290.8029104700912
0.5428777777777778 290.95937588775405
0.5468416666666667 291.11613521694267
0.5496805555555555 291.2717785020447
0.5524694444444445 291.4262559198426
0.5552527777777778 291.57957361741126
0.5580416666666667 291.73174796746935
0.5608305555555556 291.8825248390574
0.5649555555555555 292.0319733929338
0.5678027777777778 292.180394645571
0.5705944444444444 292.3277319595644
0.5733833333333334 292.47425711610697
0.576175 292.61971663514737
0.5789638888888888 292.76261939309103
0.5830638888888889 292.90605108569383
0.5858555555555556 293.43150462455355
0.5886388888888889 293.5720076594503
0.5914277777777778 293.7115035041328
0.5942166666666666 293.84999964652684
0.597 293.9859190431728
0.6014611111111111 294.1228174627888
0.6042694444444444 294.258771295327
0.6070583333333334 294.3937644475533
0.6098472222222222 294.52781027941313
0.6126305555277778 294.6609122555554
0.6154194444444444 294.79154083088827
0.6196055555555555 294.9228734612532
0.6224083333333333 295.0533132301072
0.6251972222222222 295.182859798313
0.6279888888888889 295.3115191931379
0.6307777777777778 295.4392941890853
0.6335694444444444 295.56484957341684
0.637875 295.6910222000078
0.6406638888888889 295.816238688969
0.6434444444444445 295.9405997099587
0.6462361111111111 296.0643673651827
0.6490249999722222 296.18730436500255
0.6518111111111111 296.30917348886004
0.6560972222222222 296.4305799975935
0.6589361111111111 296.55112117498726
0.661725 296.67086406643807
0.6645111110833334 296.79005508971073
0.6672944444444444 297.21290658968854
0.6700861111111112 297.3286225512577
0.6743 297.44490046611674
0.6770916666666666 297.56031209710477
0.6798722222222222 297.6749627802176
0.6826611111111112 297.78910023765735
0.6854527777777778 297.90249894132734
0.6882361111111112 298.0149272806255
0.6924138888888889 298.1265429800529
0.6952361111111112 298.2374074621092
0.698025 298.34756354491924
0.7008138888888888 298.45724518112536
0.7036055555555556 298.56623042599045
0.7063944444444444 298.6742972043268
0.7105861111111111 298.8885403375226
0.7134055555555555 298.99476050049856
0.7161944444444445 298.99476050049856
0.718975 299.10031099673563
0.7217638888888889 299.20520385748216
0.7245444444444444 299.30921199627926
0.7285777777777778 299.4125358619282
0.7313833333333334 299.5152247926651
0.734175 299.6172817915205
0.7369638888888889 299.7189317534192
0.7397472222222222 299.81995433685233
0.7425361111111111 299.92014033880344
0.7466916666666666 300.0196806080658
0.7494694444444444 300.1185528768017
0.7522611111111112 300.4634831656606
0.75505 300.5609347846288
0.7578388888611111 300.9019226371239
0.7606305555555556 301.2411522367883
0.764775 301.578957190167
0.7676083333333333 301.91638577663474
0.7703972222222222 302.252342809498
0.7731888888888889 302.58701911304667
0.7759777777777778 302.9202204283515
0.7787555555555555 303.2517139635767
0.7831416666666666 303.6703822159181
0.7859333333333334 303.99995622387354
0.7887222222222222 304.24183654805387
0.7915111111111112 304.56951922621687
0.79430277775 304.8957766541163
0.7970916666666666 305.22040081937155
0.8013333333333333 305.62657441770756
0.8041333333333334 305.94918276302684
0.8069222222222222 306.1897222121489
0.8097111111111112 306.51054353521914
0.8124944444444444 306.8299852015448
0.8152777777777778 307.1478378645625
0.8192722222222222 307.5409149463493
0.8220611111111111 307.85621591466145
0.82485277775 308.09537831861803
0.8276305555277778 308.4089607212786
0.8304222222222222 308.7212189373109
0.8332111111111111 309.031953442834
0.8372861111111111 309.4125453870549
0.8400944444444445 309.7210868984302
0.8428833333333333 309.95913726065095
0.8456638888888889 310.2660555651028
0.8484555555555555 310.57169947451183
0.8512444444444445 310.8758693860939
0.8555416666666666 311.24452052397015
0.8583305555277778 311.5468453509921
0.8611111111111112 311.7841153888591
0.8639 312.0848705423974
0.8666916666666666 312.3844079414686
0.8694805555555556 312.68251801122824
0.8737333333333334 313.03969801875
0.8765916666666667 313.33601253057674
0.8793805555555556 313.5726739181331
0.8821722222222222 313.86756458637734
0.8849555555555556 314.1612726591501
0.8877361111111111 314.4535821335288
0.8918583333333333 314.7997928153053
0.8947416666666667 315.0903036496812
0.8975305555555556 315.3264075916636
0.9003083333333334 315.61556988397683
0.9031 315.9035942213502
0.9058888888888889 316.1902766838698
0.9100472222222222 316.5258896270305
0.9128333333333334 316.81082081919243
0.9156222221944444 317.0464520888892
0.9184111111111111 317.3300284619787
0.9212 317.6125067828344
0.9239916666666667 317.893682982935
0.9280666666666667 318.2182767453923
0.9309444444444445 318.49759608033065
0.9337305555555555 318.7328883282235
0.9365194444166667 319.01097821459314
0.9393111111111111 319.2880129127782
0.9421 319.56378153575014
0.9462555555555555 319.8783742195068
0.9490583333333333 320.15256816879156
0.9518472222222222 320.3876348919506
0.9546361111111111 320.6606015476983
0.9574277777777778 320.93254544555015
0.9602166666666667 321.20325831131066
0.9645138888888889 321.5084639009871
0.967375 322.0141257901881
0.9701527777777778 322.25065596576087
0.9729444444444444 322.28359660776226
0.9757333333333333 322.5510761392048
0.978525 322.81735906774156
0.982475 323.11274627990474
0.9852972222222223 323.37728071342116
0.9880861111111111 323.6122236569683
0.9908777777777777 323.8756505814642
0.9936666666666667 324.1381274330291
0.9964583333333333 324.3994390258677
1.0006027777777777 324.68559234490147
1.0034583333333333 324.87811463021586
1.006238888888889 325.04533371774505
1.009025 325.23684471972547
1.0118166666666666 325.4275481369594
1.0146055555555555 325.6172357471015
1.0187222222222223 325.8283972277285
1.021575 326.01736065068815
1.0243638888888889 326.1844246877162
1.0271555555555556 326.3724370235092
1.0299444444444446 326.5596698730265
1.032736111111111 326.74591323432134
1.037136111111111 326.9510060339073
1.039925 327.13709985628213
1.0427166666666667 327.3226445585724
1.0455055555555555 327.50742911121114
1.0482916666666666 327.6912432746135
1.0510805555555556 327.8729311788821
1.055136111111111 328.05514739311496
1.0579555555555555 328.23773242591767
1.0607472222222223 328.4048365660944
1.063536111111111 328.5865207378786
1.0663277777777778 328.7674708619807
1.0691166666666667 328.9474791833488
1.0732833333333334 329.1392528980985
1.0760722222222223 329.3185603734451
1.0788638888888888 329.49736279347417
1.0816527777777778 329.67545386327345
1.0844416666666667 329.8526226403715
1.0872305555555555 329.95277321195846
1.091325 330.05361913159436
1.0941138888888888 330.15520359008366
1.0969055555555556 330.25647458309226
1.0996944444444445 330.35721713024395
1.1024722222222223 330.45720802125834
1.1052638888888888 330.5552655479267
1.1093916666666668 330.65415147923574
1.1122055555555554 330.7538272035389
1.1149972222222222 330.8532236270471
1.1177861111111111 330.95210709750813
1.1205777777777777 331.05026820299133
1.123361111111111 331.1465050813043
1.127336111111111 331.2434122535676
1.1301333333333334 331.34094429626697
1.1329166666666666 331.43818837993075
1.1357083333333333 331.52965029360206
1.138486111111111 331.6259622160191
1.141275 331.72155245044354
1.145275 331.82074174008267
1.1480805555555555 331.916357796063
1.1508694444444445 332.00793085098354
1.153661111111111 332.10287325115496
1.15645 332.1973333457527
1.1592416666666667 332.2910989556901
1.1633666666666667 332.3868653304836
1.1662055555555555 332.48090322061785
1.1689972222222222 332.49195011595754
1.1717861111111112 332.5003632614139
1.174575 332.5107008082824
1.1773666666666667 332.5205640069883
1.1813444444444445 332.5321211879841
1.184225 332.54295088407304
1.1870027777777779 332.55158507692886
1.1897944444444444 332.5620015104735
1.1925833333333333 332.5721627670619
1.195375 332.58185531552783
1.1994 332.5931360788496
1.2022 332.603753685045
1.2049888888888889 332.61233706504686
1.2077805555555556 332.6224886663205
1.2105694444444444 332.6242490908723
1.2133611111111111 332.63259641496654
1.21755277775 332.6517813728978
1.2203416666388889 332.6626732208609
1.2231333333333334 332.67137994560284
1.2259222222222221 332.6815940898083
1.228711111111111 332.6915604222563
1.2315027777777778 332.7010684106171
1.2355222222222222 332.7115582796439
1.2383388888888889 332.72180495717646
1.2411194444444444 332.7304920560466
1.2439083333333334 332.7402884942427
1.2466972222222221 332.74983937287226
1.2494888888888889 332.75783462160047
1.2536805555555555 332.76141996963605
1.2564694444444444 332.76484861030156
1.2592611111111112 332.76672412956617
1.26205 332.76993530142033
1.2648416666666666 332.77314927974675
1.2676305555555556 332.77615941044206
1.2715944444444445 332.77998748373983
1.2744833333333334 332.7828678112561
1.2772722222222221 332.7846970666246
1.280063888861111 332.7876700460645
1.2828527777777778 332.78879585252236
1.285638888888889 332.7913204773037
1.2896388888888888 332.7967195546369
1.2924916666666666 332.79953019526766
1.2952833333333333 332.8012894800475
1.2980722222222223 332.80416178151376
1.3008638888888888 332.8052574951794
1.3036527777777778 332.80768769950635
1.3078444444444444 332.8132392379559
1.3106333333333333 332.81627620085334
1.313425 332.81803290832096
1.3162138888888888 332.8209839065286
1.3190055555555555 332.82216044410137
1.3217944444444445 332.82467517532325
1.3258444444444444 332.8299191177609
1.328738888888889 332.8328807089848
1.3315277777777779 332.8347547416342
1.3343194444444444 332.8377504807597
1.3371083333333333 332.8388569303613
1.3399 332.8414132671406
1.3438611111111112 332.84672363123633
1.3466583333333333 332.84948960709517
1.34945 332.8512822865948
1.352238888888889 332.854031436419
1.3550305555555555 332.8549853324188
1.3578194444444445 332.85730706653635
1.361936111111111 332.8625153173211
1.3647416666666667 332.8653540950934
1.3675305555555555 332.8672142954814
1.3703222222222222 332.87009528838956
1.3731111111111112 332.87109871794314
1.3759 332.87244759565846
1.3798277777777779 332.87788238356114
1.3826916666388889 332.88060229748214
1.3854833333333334 332.8822874117188
1.3882722222222221 332.8848770826492
1.3910638888888889 332.8857632473326
1.3938527777777778 332.8879209251534
1.3978805555555556 332.8924924065555
1.4007333333333334 332.89532119616007
1.4035222222222221 332.89710117628357
1.406313888861111 332.899724415333
1.4091027777777778 332.90054907415674
1.4118944444444443 332.9017448864538
1.4159805555555556 332.9070156106489
1.4187694444444445 332.9098276441298
1.421561111111111 332.91154504884696
1.42435 332.9140815281634
1.4271416666666668 332.9148853227669
1.4299305555555555 332.915785590998
1.4340972222222221 332.9208276571836
1.4368888888888889 332.92383226725116
1.4396777777777778 332.9257907665787
1.4424694444444444 332.9285176124577
1.4452583333333333 332.9292667347071
1.4480416666666667 332.9305013994255
1.4521333333333333 332.9360064794785
1.4549222222222222 332.9388157050819
1.4577111111111112 332.9405954833559
1.4605027777777777 332.9431516400314
1.4632916666666667 332.94390424384113
1.4660833333333334 332.9450891701253
1.470275 332.9497792203888
1.4730583333333334 332.95290664258704
1.475838888888889 332.9548745953918
1.4786277777777779 332.957750399991
1.4814083333333334 332.9586353225515
1.4841972222222222 332.959956727913
1.4884388888888889 332.9659569578595
1.4912416666666666 332.96902857228605
1.4940222221944444 332.97085481846176
1.4968138888888889 332.9736806059359
1.4996027777777778 332.97466870175265
1.5023944444444444 332.9770547498078
1.50645 332.9817171685476
1.5092388888888888 332.9841205304876
1.5120277777777777 332.98581309313005
1.5148194444444445 332.98820692574964
1.5176083333333332 332.98889377017014
1.5203999999722222 332.9908489431866
1.5244583333333332 332.9951233567238
1.5272472222222222 332.9972863957736
1.530038888888889 332.9988281808025
1.5328277777777777 333.0009837410315
1.5356194444166666 333.0015817365879
1.5384083333333334 333.00329969281904
1.5425472222222223 333.0057833470095
1.545336111111111 333.00913394374857
1.548125 333.0106656781492
1.550913888888889 333.0128018511582
1.5537027777777779 333.0149352258362
1.5564944444444444 333.0168627289383
1.5607944444444444 333.0215665118696
1.5635833333333333 333.02431111999493
1.5663722221944445 333.0261895399639
1.5691638888888888 333.0288808132915
1.5719527777777778 333.02968304658435
1.5747444444444445 333.0308544269586
1.5787805555555556 333.0342406073842
1.5815805555277778 333.0381397347242
1.5843694444166667 333.0397811247563
1.587161111111111 333.0421772770374
1.58995 333.04457898801365
1.5927416666666667 333.045689047406
1.5968694444166667 333.04864224285035
1.5996833333333333 333.0523904544906
1.6024722222222223 333.0537793613569
1.6052638888888888 333.0558689773483
1.6080527777777778 333.05795858169785
1.6108416666666667 333.05983444416194
1.6149638888888889 333.06221320447014
1.6177555555555556 333.06551162173025
1.6205444444444443 333.06686756524147
1.62332777775 333.0687587137897
1.6261166666666667 333.0706414872935
1.6289083333333334 333.07122456196953
1.632886111111111 333.0736352874178
1.6357638888888888 333.0781504343476
1.6385527777777777 333.0795047062231
1.6413416666666667 333.0813631719744
1.6441333333333332 333.0818505786995
1.6469222222222222 333.0821938043252
1.6508944444444444 333.08569010203286
1.6537861111111112 333.08743977364054
1.656575 333.08856957841556
1.6593583333055555 333.09015867595684
1.66215 333.0906083958464
1.6649333333333334 333.091755274295
1.668911111111111 333.0928870450078
1.6717999999722222 333.0962005990628
1.674588888888889 333.09721371401935
1.6773805555555557 333.09852493889167
1.6801694444444444 333.0988039553144
1.6829611111111111 333.09968217779743
1.6872222222222222 333.1023832846852
1.6900777777777778 333.10409076370513
1.6928666666666667 333.1052624536812
1.6956583333333333 333.107008772278
1.6984472222222222 333.1075728809072
1.701238888888889 333.10888816615443
1.7054333333333334 333.1121548045531
1.7082916666666668 333.1140554544506
1.7110833333333333 333.11602311584477
1.7138722221944445 333.1179600776598
1.7166583333333334 333.11864034601746
1.7194472222222221 333.11905229802636
1.7235194444444444 333.12197349856103
1.7263222222222223 333.12389647383833
1.7291138888888888 333.12522622324366
1.7319027777777778 333.1271550104097
1.7346944444444445 333.12774242897063
1.7374833333055555 333.1282254057872
1.741675 333.1319316436505
1.7445166666666667 333.1340365978783
1.7473055555555554 333.13642342379984
1.7500944444444444 333.13880465916105
1.7528861111111111 333.1394977184817
1.755675 333.14012115441807
1.7597166666388888 333.1434327500695
1.7625916666666666 333.14546213400206
1.7653805555555555 333.14690193221327
1.7681722222222223 333.14897953686693
1.7709611111111112 333.1496048276188
1.773738888888889 333.1503084505969
1.7777166666666666 333.154394836393
1.7805055555555556 333.15624448478
1.7832972222222223 333.15708660684317
1.786086111111111 333.1585142977574
1.7888777777777778 333.15909126606084
1.7916666666666667 333.1603041722239
1.7955833333333333 333.16252393245736
1.7984 333.16354825565253
1.8011916666666667 333.1641126559824
1.8039805555555555 333.16495134230945
1.8067694444444444 333.1652289584876
1.8095611111111112 333.16585392151234
1.8136833333333333 333.1676153733869
1.8164722222222223 333.168799360546
1.8192638888888888 333.16951413145847
1.8220527777777777 333.1704873045535
1.8248444444166667 333.17073984965555
1.8276333333055557 333.1705164337542
1.8316194444444445 333.17237546656344
1.834475 333.1734446470279
1.8372638888888888 333.17416224456093
1.8400555555555556 333.17506810882566
1.8428444444444445 333.17526767455706
1.845636111111111 333.1759678650807
1.8498388888888888 333.1778717143072
1.8526277777777778 333.17894086255365
1.8554083333333333 333.1795713839582
1.8581972222222223 333.18040723036876
1.8609888888888888 333.18061870107334
1.8637777777777778 333.18125195075226
1.8679944444444445 333.1831757859461
1.8707944444444444 333.1843232799247
1.8735833333333334 333.1854895126601
1.876375 333.1865858861
1.8791638888888889 333.1869121214766
1.8819555555555556 333.18658067661806
1.8860027777777777 333.18829595073584
1.8888472222222221 333.18943495872037
1.891636111111111 333.1899990880381
1.8944222222222222 333.1908801755249
1.897213888888889 333.19129525082644
1.9 333.1902274893548
1.9040222221944445 333.1917774538162
1.9069027777777778 333.19280710734046
1.9096916666666666 333.19392291972787
1.9124833333333333 333.19504432058346
1.9152722222222223 333.1955042725011
1.9180638888888888 333.19471620007295
1.9222666666666666 333.1960165572386
1.9250944444444444 333.19703243410925
1.9278861111111112 333.19808416633475
1.930675 333.19904647398243
1.9334666666666667 333.19925435520133
1.9362555555555556 333.19834680572353
1.940288888888889 333.19944272862176
1.94315 333.1999435071121
1.9459388888888889 333.2005122358795
1.9487305555555556 333.20106698889435
1.9515194444444444 333.20092009460194
1.954311111111111 333.1998594574537
1.9582305555555555 333.20060752009664
1.961111111111111 333.20057894328284
1.9639 333.2006393086286
1.966688888888889 333.20062695244957
1.9694805555555555 333.2002750589969
1.9722694444444444 333.1988047775358
1.9763472222222223 333.19888325839094
1.9791361111111112 333.19895579583124
1.9819222222222221 333.1990219233569
1.9847138888888889 333.1990516960991
1.9875027777777778 333.1986432110012
1.9902861111111112 333.19703698839237
1.994288888888889 333.19705457558365
1.9970805555555555 333.19671563200154
1.9998722222222223 333.1967857361924
2.0026611111111112 333.1961687372078
2.0054527777777778 333.1955524907462
2.0082416666666667 333.1947380575797
2.012322222222222 333.1933271584853
2.0151555555555554 333.1928425826178
2.0179388888888887 333.1928560893338
2.0207277777777777 333.19212131189175
2.0235194444444446 333.19145019547017
2.026308333333333 333.1905041757702
2.030361111111111 333.1887658010652
2.03315 333.1877626966798
2.0359416666666665 333.18733694900925
2.0387305555555555 333.18611953368213
2.0415194444444444 333.185329606538
2.044311111111111 333.18368420943875
2.048463888888889 333.1811775309766
2.0512527777777776 333.181509933419
2.0540333333333334 333.1811691995707
2.056825 333.180178895702
2.059613888888889 333.179574485592
2.0624055555555554 333.17837379610904
2.066597222222222 333.17616725255164
2.069436111111111 333.17533219219376
2.0722277777777776 333.1745657511856
2.0750166666666665 333.17379932284365
2.0778083333333335 333.173146245461
2.0805972222222224 333.17050098769624
2.084563888888889 333.16869381083274
2.0874333333333333 333.168699396168
2.090225 333.1674719073888
2.093008333333333 333.16708314668284
2.095797222222222 333.1660247471783
2.098586111111111 333.16435670500715
2.1027666666666667 333.1614360252899
2.1055555555555556 333.1615951776446
2.108347222222222 333.161242011017
2.111136111111111 333.15981294047407
2.113925 333.15876803961913
2.116713888888889 333.15712789687444
2.1209055555555554 333.15448412767233
2.1237055555555555 333.1547661454755
2.1264944444444445 333.1538659789125
2.129286111111111 333.1529602111544
2.1320722222222224 333.15223046239396
2.1348611111111113 333.149763390944
2.138897222222222 333.1488020383112
2.141711111111111 333.1480857092147
2.1445 333.14717728511226
2.147291666666667 333.14625765990104
2.1500805555555558 333.14547842781985
2.1528694444444443 333.14331021304287
2.156975 333.14251401228216
2.159763888888889 333.1418562714111
2.162552777777778 333.1416792596431
2.1653444444444445 333.14076512699455
2.1681333333333335 333.14008108460314
2.170925 333.1387399104479
2.1749583333333335 333.13667998178033
2.1777527777777776 333.13589101085626
2.1805444444444446 333.13570720244707
2.183333333333333 333.1344128680922
2.186125 333.13340247778126
2.188913888888889 333.1321232352541
2.1929444444444446 333.12895647502677
2.195786111111111 333.12764522593284
2.198577777777778 333.12741405494853
2.2013666666666665 333.12571274145677
2.2041583333333334 333.12426963281786
2.2069472222222224 333.122579037768
2.2110055555555554 333.11962046653946
2.2138194444444443 333.1194062576954
2.2166111111111113 333.1190306399504
2.2194 333.11700121204086
2.222191666666667 333.11497458106294
2.2249805555555557 333.1131580698905
2.2291416666666666 333.1101781979744
2.2320277777777777 333.10910173370996
2.2348083333333335 333.10790033749777
2.2376 333.10769369976254
2.240388888888889 333.1064447365223
2.2431805555555555 333.1050087189198
2.247275 333.10232866518004
2.250063888888889 333.10229806698374
2.252847222222222 333.10198844746117
2.255636111111111 333.1001154222788
2.258427777777778 333.0982451942937
2.261216666666667 333.09658816457767
2.2654083333333332 333.0940028447603
2.268211111111111 333.0931422334848
2.271 333.0920778325691
2.2737861111111113 333.090909950702
2.276575 333.0899518001264
2.2793666666666668 333.0871679168906
2.283402777777778 333.0856033277296
2.2861972222222224 333.084301688511
2.288986111111111 333.08411353809043
2.291777777777778 333.08232813147447
2.294566666666667 333.08080876167327
2.2973583333333334 333.07903712044487
2.3014249999722223 333.07544163135236
2.3042166666666666 333.07369281763306
2.3070055555555555 333.0732846161539
2.3097944444444445 333.0710981889835
2.312586111111111 333.06933313454033
2.3153694444444444 333.0671477043895
2.319513888888889 333.0632135240723
2.322338888888889 333.0615544723216
2.32512777775 333.05971439494755
2.3279194444444444 333.0592808012761
2.330702777777778 333.0575457527698
2.3334916666666667 333.0553743089578
2.3375916666666665 333.0512309385592
2.3403694444444443 333.04948032057683
2.3431611110833335 333.0491364690611
2.34595 333.0469306036717
2.348738888861111 333.0450846792629
2.3515166666388887 333.0428686935447
2.355566666666667 333.03874020882523
2.3583583333333333 333.03678275287353
2.3611472221944445 333.03631355501074
2.3639305555555556 333.03389181176885
2.3667083333333334 333.03195947089336
2.3695 333.02951426553
2.3735833333333334 333.02516009593137
2.3763722222222223 333.02412892312316
2.379163888888889 333.02374611097
2.381952777777778 333.0211350329124
2.384733333333333 333.01844024702365
2.387525 333.01595050677207
2.391638888888889 333.011473038613
2.3944277777777776 333.0095415378895
2.3972194444444446 333.00739798481004
2.4 333.00739798481004
2.402788888888889 333.00474228542856
2.4055805555555554 333.00229724662165
2.409563888888889 332.9986717355867
2.4124444444444446 332.9972175886899
2.415236111111111 332.99667259656013
2.4180166666666665 332.99378240510015
2.4208055555555554 332.990883842678
2.4235972222222224 332.98819589022025
2.4277888888888888 332.98312002875866
2.4305777777777777 332.9816324838191
2.4333583333333335 332.98105733348683
2.4361472221944442 332.97794670143844
2.4389333333333334 332.974830489369
2.441724999972222 332.97192211866496
2.445761111111111 332.96662425969737
2.4485527777777776 332.96502710263115
2.4513416666666665 332.96434038876896
2.4541305555555555 332.96099543767275
2.456922222222222 332.9576532753279
2.459711111083333 332.9545216307486
2.4636472221944445 332.9488010673035
2.466502777777778 332.94690944574336
2.469291666666667 332.9459750768647
2.4720805555555554 332.94229812235244
2.4748638888888888 332.93862675107334
2.4776527777777777 332.935179365443
2.4817444444444443 332.92926903486944
2.4845361111111113 332.9272221117091
2.487325 332.926096880264
2.4901166666666668 332.9221521101928
2.492905555527778 332.91819338335256
2.4956972222222222 332.9144554829864
2.500027777777778 332.9077335006128
2.5028055555555557 332.9048515867928
2.5055972222222223 332.90391645170536
2.5083777777777776 332.9005709697926
2.5111666666666665 332.89818634226737
2.5139583333333335 332.89485089642926
2.5180666666666665 332.88823528599414
2.5208583333333334 332.88520072832887
2.5236472221944446 332.88425112851786
2.526438888888889 332.88077998908204
2.529227777777778 332.8782793599357
2.5320194444444444 332.874818675739
2.5360555555555555 332.8681564976919
2.538866666666667 332.86494311546926
2.5416583333333334 332.86385092399615
2.5444444444444443 332.8602145498159
2.5472333333333332 332.85768668811687
2.550025 332.8540584685399
2.5541222222222224 332.84798976637757
2.556911111083333 332.8442455608678
2.5597 332.84288590142273
2.562491666666667 332.83892720276344
2.5652805555555553 332.8363492252385
2.5680666666666667 332.8323968786
2.572147222222222 332.8258760372293
2.574938888888889 332.8233269542914
2.5777194444444445 332.8219503727712
2.580502777777778 332.81767973848235
2.5832916666666668 332.8134007068639
2.5860833333333333 332.80933422383794
2.590158333333333 332.805217625046
2.5930194444444443 332.80106755233214
2.5958083333333333 332.7969413972775
2.598599999972222 332.7927899718576
2.6013888888888888 332.790153203166
2.6041805555555557 332.78601428203956
2.6083694444166667 332.78055290580227
2.611213888888889 332.77651366221096
2.6140055555555555 332.7722263887357
2.6167944444166666 332.76816219923177
2.6195833333333334 332.7655606251314
2.622375 332.76151705916254
2.6264555555555558 332.7575013537472
2.6292472222222223 332.75476306628997
2.6320361111111112 332.75083140876035
2.63482777775 332.7466977348408
2.6376138888888887 332.74247196664646
2.6404027777777777 332.73845633103366
2.644477777777778 332.7345130878451
2.6472694444444445 332.7318750753489
2.6500583333055556 332.72804930881495
2.65285 332.72401035122897
2.655638888888889 332.7198709144453
2.6584305555555554 332.71595279111756
2.6626194444444446 332.70872694672425
2.6654333333333335 332.7055488005005
2.668225 332.7041799093976
2.671013888888889 332.7004824999775
2.673802777777778 332.69827138115073
2.6765944444444445 332.6945850963814
2.6805916666388887 332.6895495284179
2.6834055555555554 332.6857440356981
2.6861944444444443 332.6817493439042
2.6889861111111113 332.67769005990965
2.691775 332.67549745462094
2.6945638888888888 332.6714476120513
2.698638888888889 332.66563715129047
2.701463888888889 332.6616040885766
2.7042555555555556 332.6573934987549
2.7070444444444446 332.6531182957158
2.7098333333333335 332.65093842833863
2.712625 332.6464611873158
2.7167194444444442 332.6399006904549
2.7195666666666667 332.6370444744153
2.722358333333333 332.6329596892338
2.725147222222222 332.6288692586606
2.727936111111111 332.62688219925514
2.7307277777777776 332.62280964625086
2.7347333333333332 332.61863124907273
2.7376222222222224 332.61361902906685
2.740413888888889 332.60939401939135
2.7431972222222223 332.6051128595885
2.7459861111111112 332.603141645659
2.7487777777777778 332.59865584547276
2.7528888888888887 332.5916988890616
2.755733333333333 332.5886190229954
2.758522222222222 332.5843273537789
2.761313888888889 332.579951406578
2.7641027777777776 332.57792508622384
2.7668916666666665 332.5735595349663
2.770811111111111 332.56895734765294
2.7736666666666667 332.56556887787514
2.7764555555555557 332.5610586647512
2.779247222222222 332.5563391494958
2.782036111111111 332.5516279948752
2.78482777775 332.5471261329142
2.7890555555555556 332.5402340758481
2.791847222222222 332.5360663889047
2.794636111111111 332.53168677191707
2.797425 332.5272762919507
2.8002083333333334 332.52506345882153
2.8029972222222224 332.52065230153113
2.8070472222222222 332.5139942268204
2.809922222222222 332.50957443813303
2.812711111111111 332.5050355995627
2.8155027777777777 332.5004995513978
2.8182916666666666 332.498242165732
2.8210805555555556 332.4937169983621
2.8250694444444444 332.48901657839707
2.827958333333333 332.4834548542676
2.83075 332.4788887245804
2.833538888888889 332.4742552473599
2.8363277777777776 332.4719461742404
2.8391194444444445 332.4673349798644
2.843286111111111 332.46048586525364
2.846075 332.45586040742035
2.848866666666667 332.4510314330186
2.8516555555277776 332.44620526587164
2.8544472222222224 332.4438277344871
2.8572361111111113 332.4390272990285
2.861336111111111 332.4319751150032
2.8641277777777776 332.42725942586344
2.8669194444444446 332.4223321496584
2.8696972222222223 332.4173852946649
2.8724861111111113 332.41508344889195
2.875277777777778 332.4099361251217
2.879277777777778 332.4018979156853
2.8820833333333336 332.39798135870444
2.884863888888889 332.3928027629281
2.8876555555555554 332.3875595758024
2.8904444444444444 332.38516409702305
2.8932277777777777 332.37993674404913
2.897197222222222 332.37438425130756
2.9000694444444446 332.3684054996925
2.9028583333333335 332.3629590907497
2.90565 332.3599734870575
2.9084388888611112 332.3571938763088
2.911227777777778 332.3512243096134
2.915711111111111 332.34195519387947
2.9185 332.3385698136958
2.921288888888889 332.33376592078105
2.9240805555555553 332.32893388037513
2.9268694444444443 332.32893388037513
2.9296611111111113 332.3236607577159
2.9341083333333335 332.3154370014322
2.9369 332.31243167082016
2.9396888888611112 332.30817120842977
2.9424805555555555 332.303840596707
2.9452694444444445 332.3020865414458
2.948061111111111 332.2975664913669
2.952252777777778 332.29060721833116
2.9550694444444443 332.28788116834784
2.9578583333333333 332.2840432126364
2.96065 332.2801210936028
2.963438888861111 332.27862766025817
2.9662277777777777 332.2745032035922
2.9702722222222224 332.2676377522757
2.97315 332.264777920617
2.975938888861111 332.2607081865357
2.9787305555555554 332.2566384524543
2.9815194444444444 332.25502379083684
2.984311111111111 332.2507687161551
2.988513888888889 332.24412495959365
2.991313888888889 332.24159210504723
2.9941055555555556 332.2378582526689
2.9968944444444445 332.23413277174035
2.999686111111111 332.2327027342158
3.002475 332.22899125672456
3.006658333333333 332.2230837452414
3.009447222222222 332.2195896546235
3.0122388888888887 332.21588972714846
3.0150277777777776 332.2121589244942
3.0178194444444446 332.2107255247878
3.020608333333333 332.2070143415787
3.0248 332.2014318811099
3.0275833333333333 332.19820637024833
3.0303722222222222 332.19475799058836
3.0331638888888888 332.1913124018779
3.0359527777777777 332.1900836820497
3.0387444444444442 332.1866540367508
3.042725 332.1810422101125
3.045513888888889 332.177480627061
3.0483055555555554 332.17370503288316
3.0510916666666668 332.1712575630024
3.0538833333333333 332.16970501917865
3.0566722222222222 332.165707813509
3.0609611110833335 332.15973720086856
3.063788888888889 332.1563883993471
3.0665805555555554 332.1528617561338
3.069358333333333 332.1492763160339
3.0721444444444446 332.1481129988969
3.074936111111111 332.14430366972186
3.0791805555555554 332.1383254903787
3.0819722222222223 332.13642952304986
3.0847611111111113 332.13335026720165
3.087552777777778 332.130189785426
3.0903416666666668 332.1270293036502
3.0931305555555557 332.12408917299626
3.097322222222222 332.1211155402225
3.100113888888889 332.11815314066826
3.1029 332.1149759722881
3.105688888888889 332.1117960028891
3.108477777777778 332.1096714275747
3.111266666666667 332.10647009521915
3.1153194444444443 332.1036081952065
3.118177777777778 332.10046067879824
3.1209694444444445 332.09717437755097
3.1237583333333334 332.09387967193635
3.1265472222222224 332.09058217476604
3.129338888888889 332.08728466766445
3.133477777777778 332.0836857855733
3.1362666666666668 332.08140751776773
3.139047222222222 332.07786485387373
3.141838888888889 332.07428857822146
3.144625 332.07072347247475
3.1474166666666665 332.06715555422545
3.1514527777777777 332.0636239140013
3.154247222222222 332.06128422275566
3.157027777777778 332.0576128337357
3.1598083333333333 332.0539246721606
3.1625972222222223 332.0528260327862
3.165388888888889 332.04913780784307
3.1695083333333334 332.0431638695122
3.172361111111111 332.03989722510926
3.175152777777778 332.0364802356545
3.1779305555555557 332.0330464951742
3.1807194444444447 332.02981642946366
3.183511111111111 332.02658355570713
3.1880555555555556 332.0238056779659
3.190847222222222 332.0215442264906
3.193636111111111 332.0190637628656
3.1964249999722223 332.016538514065
3.1992083333333334 332.01422376212645
3.202 332.01190059380843
3.206075 332.00962491339897
3.2088888888888887 332.0073130055676
3.2116777777777776 332.0048073713158
3.2144694444444446 332.00227655441336
3.2172583333055558 331.999964646582
3.22005 331.99764993336913
3.2240611111111113 331.995310101506
3.2269277777777776 331.99284388818324
3.2297194444444446 331.9902375218392
3.2325083333333335 331.98753599587354
3.2353 331.98484286706974
3.2380833333333334 331.9823654425599
3.2422833333333334 331.98009466393876
3.2451 331.97795845118185
3.2478805555555557 331.97562029744506
3.2506583333333334 331.9732625738094
3.2534472222222224 331.97111524584625
3.2562361111111113 331.9689651122353
3.26025 331.9667591084673
3.2630944444444445 331.96440423846747
3.2658833333333335 331.9618870379321
3.268675 331.95935863519054
3.271463888888889 331.9568302380964
3.2742555555555555 331.95430743369656
3.2786583333333335 331.9519997823639
3.2814666666666668 331.9512794790146
3.2842583333333333 331.9493272195961
3.287036111111111 331.94735819062015
3.2898222222222224 331.9455917825608
3.2926083333333334 331.943816981301
3.2968722222222224 331.94222383287956
3.29975 331.9408660967025
3.302538888888889 331.93937793360743
3.305327777777778 331.93788417931285
3.3081194444444444 331.9366133362072
3.3109083333333333 331.9353396974368
3.315002777777778 331.93416952168866
3.3178722222222223 331.9329796534603
3.3206611110833335 331.9316480602405
3.323452777777778 331.9305059830305
3.3262416666666668 331.9293639121724
3.3290277777777777 331.92821890287576
3.333222222222222 331.9272053332435
3.3360527777777778 331.92632061408796
3.3388444444444443 331.9252574500784
3.3416333333055555 331.92443648353577
3.344425 331.9238332274322
3.3472138888888887 331.9230101439869
3.3512694444444446 331.9222150521515
3.35415 331.9214899083484
3.3569388888888887 331.9206364220555
3.3597305555555557 331.92001372484293
3.3625194444444446 331.91961742721935
3.365311111111111 331.91901273313374
3.3695055555555555 331.9185283598992
3.372297222222222 331.9181448281668
3.375086111111111 331.91755136004014
3.377877777777778 331.9171799818235
3.3806666666666665 331.91702694465494
3.3834555555555554 331.9166602119791
3.387538888888889 331.91630746984896
3.3903222222222222 331.91587075123306
3.393111111111111 331.91520737813295
3.3959 331.9147634045954
3.398688888888889 331.91431663752877
3.4014805555555556 331.9138799189129
3.4057138888888887 331.9113084723523
3.408558333333333 331.9113674390493
3.411347222222222 331.9113983277449
3.414138888888889 331.91279846864006
3.4169277777777776 331.91306479028805
3.4197194444444445 331.91311238314233
3.4240583333333334 331.9134568332623
3.426913888888889 331.91302793559277
3.429702777777778 331.91365422457045
3.4324944444444445 331.9154274689758
3.4352833333333335 331.91629203399674
3.438075 331.9169416289298
3.442275 331.91765847133433
3.4450777777777777 331.91849554579926
3.4478694444444447 331.9191239123647
3.450658333333333 331.9199783735007
3.453447222222222 331.9210555285755
3.4562388888611113 331.9219121977196
3.460375 331.92272683464404
3.4631777777777777 331.92375683606974
3.4659583333333335 331.9245663633821
3.4687472222222224 331.92552117945974
3.4715305555555553 331.9266906652589
3.474311111111111 331.92763113276976
3.4784805555555556 331.9284455561976
3.4813388888888888 331.92931586640407
3.4841305555555557 331.93003265947976
3.4869194444444442 331.93096765432415
3.4897111110833334 331.93212605944086
3.4925 331.9330662647691
3.4966583333333334 331.93397006537253
3.499477777777778 331.9347313154942
3.5022555555555557 331.93528628436104
3.505047222222222 331.9360622918751
3.507827777777778 331.9370613468267
3.5106166666666665 331.9378309523205
3.5149222222222223 331.93873781651985
3.5177 331.9398179755911
3.5204916666666666 331.9406634404693
3.523275 331.94172128772675
3.526063888888889 331.9430026438471
3.5288555555277776 331.94406603658956
3.532963888888889 331.9450201878515
3.5357861111111113 331.9460778245476
3.53857777775 331.94695083849746
3.5413666666666668 331.948022489573
3.5441583333333333 331.94931785434414
3.5469472222222223 331.9503950619006
3.5511666666666666 331.950130881431
3.5539583333333336 331.9513094104592
3.556747222222222 331.9524879329168
3.559527777777778 331.9539566530868
3.5623194444444444 331.955333074209
3.5651083333333333 331.95649125099357
3.5693111111111113 331.95780908907295
3.572102777777778 331.9592050365305
3.574891666666667 331.96037943276724
3.5776833333333333 331.96177738127676
3.5804638888888887 331.96340525206324
3.58325277775 331.96480397751776
3.5873805555555554 331.9662587412632
3.5902555555555558 331.9678506374949
3.5930444444166665 331.9694649064244
3.5958361111111112 331.9712995506452
3.598625 331.9731313998911
3.6014166666666667 331.9747456688206
3.6056083333333335 331.97645241876126
3.608488888888889 331.9786120154781
3.6112777777777776 331.9806768857186
3.6140694444444446 331.982502015765
3.6168583333333335 331.98456585799516
3.619647222222222 331.9864098156965
3.623702777777778 331.98811363942997
3.626513888888889 331.98978111573354
3.6293027777777778 331.9914681435964
3.6320833333333336 331.99336425778836
3.634875 331.9952519949154
3.637663888888889 331.9969250294724
3.641663888888889 331.9984859811578
3.6444444444444444 331.9999603077325
3.6472333333333333 332.0014234602759
3.650025 332.00310721892345
3.652813888861111 332.0047909775711
3.6556027777777778 332.00625413011437
3.659686111111111 332.00767806837626
3.6625194444444444 332.00901264956894
3.665311111111111 332.0101789401447
3.6681 332.0115435641463
3.670891666638889 332.0131295381922
3.673677777777778 332.014494876887
3.6777277777777777 332.01590225754535
3.680544444416667 332.0173823360758
3.683333333333333 332.018862406354
3.686122222222222 332.0205629457016
3.688913888888889 332.0222606913
3.69170277775 332.02374076157827
3.6958555555555557 332.02534133203727
3.698663888888889 332.0269472571217
3.7014555555555555 332.028542026643
3.704241666666667 332.0303571281686
3.7070333333333334 332.03217223137125
3.7098222222222224 332.033769803191
3.7138805555555554 332.03521888281347
3.716666666666667 332.0365588131875
3.71945 332.03782887703437
3.7222333333333335 332.03931426168936
3.725016666666667 332.0407884706371
3.7278055555555554 332.04203617535563
3.7319166666666668 332.043199862857
3.7347555555555556 332.04451732627496
3.7375444444444446 332.0457845043103
3.7403333333333335 332.04727547847017
3.743122222222222 332.0487720401749
3.745913888888889 332.0500504145564
3.7501555555555557 332.05140721981246
3.752997222222222 332.0529345344843
3.755788888888889 332.05446185767096
3.75857777775 332.0562098505585
3.7613694444444445 332.0579690222548
3.7641583333333335 332.0595103448233
3.7683138888888887 332.0610600723175
3.7711055555555557 332.0628471507801
3.773886111111111 332.06456161102665
3.776675 332.0664939260268
3.7794583333333334 332.06841786006584
3.78225 332.0701183692926
3.7866416666666667 332.0720458621677
3.78945 332.0741408679929
3.792238888888889 332.0762526209603
3.7950305555555555 332.07858441727495
3.7978194444444444 332.0809245961531
3.8006083333333334 332.0830503283455
3.8048777777777776 332.0854368023224
3.8076666666666665 332.08798763955133
3.8104472222222223 332.09044357116
3.8132361111111113 332.09311904559814
3.816027777777778 332.09579172963066
3.8188166666666667 332.0982477023149
3.8229777777777776 332.10250506372586
3.8258305555555556 332.10547600717877
3.828613888888889 332.106683498977
3.8314055555555555 332.1096131899835
3.8341944444444445 332.11254287310703
3.836975 332.1152449581661
3.841241666666667 332.1199506026584
3.8441083333333332 332.1231696819786
3.846888888888889 332.12459240179163
3.849677777777778 332.1278769473022
3.8524666666666665 332.1311614928127
3.8552583333333335 332.1342273850227
3.8593555555555557 332.13912087046447
3.8621444444444446 332.1423871619371
3.864936111111111 332.14385120790644
3.867725 332.14712457850777
3.8705166666666666 332.15041190293465
3.8732972222222224 332.15347492093935
3.8774972222222224 332.15812884708953
3.880288888888889 332.16151437908576
3.883077777777778 332.1632258157074
3.8858694444444444 332.1666160004735
3.8886583333333333 332.1700033870738
3.8914472222222223 332.1731718718343
3.8957333333333333 332.1782264303992
3.8985222222222222 332.18206262773606
3.9013055555555556 332.1840841940941
3.9040944444444445 332.1878344268116
3.906877777777778 332.1918051839762
3.9096583333333332 332.19554335215315
3.9136333333333333 332.19906133055946
3.9165027777777777 332.20223029807534
3.9192833333333335 332.20386119467804
3.922063888888889 332.206873928657
3.9248555555555558 332.20987831245577
3.9276333333333335 332.2130963854576
3.931897222222222 332.2164577248243
3.9347305555555554 332.21964388187183
3.9375222222222224 332.2211544454243
3.9403111111111113 332.2241765738685
3.9430944444444442 332.2274142065594
3.945883333333333 332.23042796537163
3.9499194444444443 332.2345353578558
3.9527111111111113 332.23730055337904
3.9555 332.23867471329925
3.958283333333333 332.2411984670158
3.961075 332.2437166528897
3.963863888888889 332.246234824723
3.968191666666667 332.2506446125681
3.9709861111111113 332.25393358277654
3.973775 332.2555533202995
3.976566666666667 332.25876853880743
3.979347222222222 332.2619753594521
3.982136111111111 332.26495542231027
3.9862611111111113 332.2695428033931
3.98905 332.27264536944284
3.9918305555555555 332.2742211937906
3.994611111111111 332.2772912157188
3.9973972222222223 332.2803500670809
4.000188888888889 332.2831876831817
4.004466666666667 332.2880532131704
4.00725 332.2914710052798
4.010030555555556 332.29317066973255
4.012808333333333 332.296568044189
4.0156 332.299957058755
4.018388888888889 332.30312830059745
4.022352777777778 332.30776296122104
4.025222222222222 332.31087452409014
4.028011111111111 332.3124681709335
4.0308 332.31567286059123
4.033591666666666 332.3188887612738
4.036375 332.32188399241784
4.040516666666667 332.3263370328095
4.043308333333333 332.32964041704474
4.0460972222222225 332.3314470267961
4.048886111111111 332.33475759094574
4.051677777777778 332.33830657778316
4.054466666666666 332.34164038634947
4.058686111111111 332.34507010839536
4.061475 332.3483849006927
4.064266666666667 332.35013931569927
4.067055555555555 332.35343625681
4.069844444444445 332.35674436050635
4.072636111111111 332.35984029718907
4.076588888888889 332.36376790500856
4.079430555555556 332.366497471657
4.082219444444444 332.36807771961276
4.085011111111111 332.3708657903444
4.0878 332.373653861076
4.090591666666667 332.3762262485823
4.0948166666666665 332.3801334222153
4.0976083333333335 332.3830330053408
4.1003944444444445 332.3846995036559
4.103183333333333 332.38760504734523
4.105972222222222 332.39050779154417
4.108755555555556 332.39341308828324
4.112933333333333 332.3961530246944
4.115713888888889 332.39909134232954
4.1184972222222225 332.400848229759
4.121286111111111 332.4037088934895
4.124077777777778 332.4065723562896
4.1268666666666665 332.4092201356025
4.131311111111111 332.4137181435463
4.134138888888889 332.4173061856311
4.136927777777778 332.4194557625606
4.139719444444444 332.4231020699261
4.1424972222222225 332.4267343701687
4.145286111111111 332.4301408984263
4.149288888888889 332.43453518126927
4.152147222222222 332.4379221553887
4.154938888888889 332.44016191180424
4.157727777777778 332.44363443845253
4.160519444444445 332.4471153332886
4.163308333333333 332.4503811216218
4.167308333333334 332.4548678322204
4.170152777777778 332.45829403306857
4.1729416666666665 332.46048653436014
4.1757333333333335 332.4639147267359
4.178522222222222 332.4673540686767
4.181313888888889 332.4705785183421
4.185408333333333 332.4750190088296
4.188202777777778 332.47799995766707
4.190994444444445 332.47981375826396
4.193775 332.4828008958302
4.196563888888889 332.48577965579034
4.199355555555556 332.48854909403957
4.2033861111111115 332.49237561751136
4.206252777777777 332.49531759495875
4.209041666666667 332.49719209221433
4.211833333333334 332.5001960177571
4.214622222222222 332.50320274408455
4.217413888888889 332.50599459992003
4.2214527777777775 332.50979921351006
4.224294444444444 332.51283868533335
4.227086111111111 332.51476890887005
4.229875 332.51779523270733
4.232666666666667 332.52082435743864
4.235452777777778 332.523633046213
4.2394388888888885 332.5275215351374
4.242227777777778 332.5303271106143
4.245019444444444 332.5320699597135
4.247808333333333 332.53487565181047
4.2506 332.537695319689
4.253388888888889 332.54030017516084
4.257458333333333 332.5438570602995
4.2602722222222225 332.546668083009
4.263061111111111 332.5485105865477
4.26585 332.5513049752302
4.2686416666666664 332.5540993710415
4.271430555555556 332.55667882388394
4.275622222222222 332.56043225986355
4.278463888888889 332.5631740864457
4.281252777777778 332.56488484515853
4.2840444444444445 332.5676656962066
4.286833333333333 332.5704605198144
4.289625 332.57304364509554
4.293702777777778 332.5764351792939
4.296544444444445 332.57898179950274
4.299333333333333 332.58053627307874
4.302125 332.5830542445794
4.304913888888889 332.58557501174465
4.307705555555556 332.58787833062934
4.311702777777778 332.59114205583273
4.314541666666667 332.59362190659226
4.317333333333333 332.5950947890621
4.320122222222222 332.59755416901595
4.322911111111111 332.59852864940825
4.325702777777778 332.6005472065293
4.3297638888888885 332.60462622768307
4.3325611111111115 332.60676004152657
4.335352777777778 332.6081104003493
4.338136111111111 332.61021149342986
4.340925 332.6109495705004
4.3437166666666664 332.61260245946045
4.347755555555556 332.6162188435659
4.3505722222222225 332.61821312381636
4.353361111111111 332.61951136098423
4.35615 332.62144732186164
4.358930555555555 332.6220650082094
4.361722222222222 332.62353931987695
4.3657972222222226 332.62683485749136
4.3686 332.62855850177533
4.371380555555556 332.6297676756939
4.374172222222223 332.63149092686353
4.376961111111111 332.6320029931635
4.379752777777778 332.63328487407625
4.383819444444445 332.63637702818346
4.3866555555555555 332.63817325665207
4.389444444444444 332.6394422599806
4.392236111111111 332.6412970848918
4.395025 332.64187452455707
4.397813888888889 332.6432905038894
4.401833333333333 332.64617015098867
4.40465 332.6475979812319
4.407430555555556 332.64865195030035
4.4102194444444445 332.6500393029692
4.413011111111111 332.6503727026519
4.415794444444445 332.651311530806
4.419838888888889 332.65343632803445
4.422630555555555 332.65436443791606
4.425419444444445 332.6552281121918
4.4282111111111115 332.6563101529561
4.430988888888889 332.65667489645125
4.433780555555556 332.6572937052744
4.437913888888889 332.6584680311557
4.440761111111111 332.65938836721705
4.443552777777778 332.66006624406253
4.446341666666667 332.66099990431013
4.449125 332.66124448279925
4.451913888888889 332.661726317841
4.456094444444444 332.66295348841254
4.4588833333333335 332.6636824623319
4.461675 332.66440023328363
4.464463888888889 332.66534512651236
4.4672527777777775 332.66555987599435
4.4700444444444445 332.6660667310175
4.4743305555555555 332.6677503208494
4.477211111111111 332.6690245654808
4.480002777777778 332.6699220488192
4.4827916666666665 332.6712225504534
4.4855833333333335 332.67161773440205
4.488372222222222 332.6724792243378
4.492563888888889 332.67484144118356
4.495352777777778 332.67623852731043
4.498144444444445 332.6771606059404
4.500933333333333 332.67854510859917
4.503725 332.6789880220437
4.506513888888889 332.67993340372425
4.510680555555555 332.6822004150993
4.513483333333333 332.6834132017716
4.516275 332.68426452002484
4.519063888888889 332.6855061835125
4.521855555555556 332.6858918402465
4.5246361111111115 332.68669495332824
4.528852777777778 332.68899600105664
4.531644444444445 332.6904740488592
4.534430555555556 332.69142232980374
4.537222222222222 332.6928656312551
4.540011111111111 332.6933659186342
4.542802777777778 332.69438144494666
4.547047222222222 332.69726389288314
4.549836111111111 332.6988955338588
4.5526277777777775 332.69988886348875
4.555416666666667 332.70153663993494
4.558208333333333 332.7021811611207
4.560997222222222 332.703400887982
4.565044444444444 332.70625789963157
4.567880555555556 332.70776945432414
4.5706694444444445 332.7086887536853
4.573455555555555 332.7102525007955
4.576244444444445 332.7108847351769
4.579036111111111 332.71200148980455
4.583105555555556 332.7144172029743
4.585897222222222 332.7157695680778
4.588677777777778 332.716575750387
4.591469444444445 332.71783133489436
4.594258333333333 332.71828155452977
4.59705 332.71909940063625
4.60115 332.72118586338473
4.603938888888889 332.72233429444213
4.606730555555556 332.72296692418666
4.6095194444444445 332.7240291300021
4.6123111111111115 332.7244523047204
4.615091666666666 332.72506939494605
4.619283333305556 332.72668416196814
4.622105555555556 332.72782703732014
4.624894444444444 332.7286192057966
4.627686111083333 332.72977674379496
4.630475 332.73013514019647
4.633263888888889 332.7308635460796
4.637375 332.7322177684871
4.6401666666666666 332.73322956789525
4.642955555555556 332.73416975522326
4.645747222222222 332.7352070143363
4.648536111111111 332.73529783757255
4.651325 332.73589419215426
4.655444444444444 332.73751631712173
4.658261111111111 332.7386007161872
4.661041666666667 332.73957674204223
4.663830555555555 332.740625205213
4.666619444444445 332.7407136617903
4.669411111111111 332.7413351616716
4.673413888888889 332.7426276019357
4.676211111111111 332.74344685653955
4.679002777777778 332.74436187475084
4.681791666666666 332.7451667927639
4.684580555555556 332.74504905010025
4.687372222222222 332.74541623530683
4.691405555555556 332.74653283354127
4.694286111111111 332.74728493486623
4.697072222222222 332.7481667143312
4.699855555555556 332.748977153779
4.702647222222223 332.7489065192654
4.705436111111111 332.7492767005116
4.709638888888889 332.75073986957557
4.712497222222222 332.75190241370217
4.715288888888889 332.7530082687413
4.718066666666667 332.7542583613747
4.720858333333333 332.75438669041023
4.7236472222222226 332.7551923954569
4.727838888888889 332.75722208975753
4.730630555555556 332.75852985961205
4.733419444444444 332.75970055253896
4.736211111111111 332.760964661388
4.738991666666666 332.7610420892551
4.741780555555556 332.7618504375227
4.7459444444444445 332.76407842809226
4.748747222222222 332.7653358945848
4.751536111111111 332.76640109606274
4.754327777777778 332.767623139879
4.757116666666667 332.76777541361724
4.759894444444445 332.7685479341933
4.7640416666666665 332.7707541413272
4.7668333333333335 332.77206741606693
4.769622222222222 332.7731305416455
4.772402777777778 332.77444498679847
4.775194444444445 332.7746828004878
4.777983333333333 332.7755533760557
4.78215 332.77804210015745
4.784955555555555 332.77925194425023
4.787744444444445 332.78011259209444
4.790536111111111 332.78133169210884
4.793325 332.781682800303
4.796108333333334 332.7824564415663
4.800119444444444 332.7843869016327
4.802963888861111 332.7853311986474
4.805752777777778 332.785999950097
4.808533333333333 332.7870003923047
4.811322222194445 332.78731766944156
4.814113888888889 332.7878738212823
4.818155555555555 332.7890946908917
4.820997222222222 332.78985460111534
4.8237861111111116 332.79025038742645
4.826577777777778 332.79078221215974
4.829366666666667 332.7909791936387
4.832158333333333 332.7913006629275
4.83622777775 332.7923960596612
4.8390749999722225 332.7930160401406
4.841863888888889 332.79323392765434
4.844655555527778 332.79362590107667
4.847444444444444 332.7938729552447
4.850233333333334 332.79405513706257
4.854325 332.7948098170099
4.8571277777777775 332.79538788171584
4.859916666666667 332.79555136892617
4.862708333333333 332.79592652468244
4.865497222222222 332.79613314098304
4.868286111111111 332.79628730826033
4.872561111111111 332.79752587757093
4.875352777777778 332.79839175203847
4.878141666666667 332.798648266136
4.880933333333333 332.7993006637292
4.8837222222222225 332.79969261349646
4.886513888888889 332.80012649287863
4.890669444444445 332.8013619078678
4.893458333333333 332.80206279361823
4.896241666666667 332.802198867842
4.899033333333334 332.8026721082418
4.901822222222222 332.80301759079174
4.9046111111111115 332.8032867090816
4.9086388888888886 332.80421207156667
4.911494444444444 332.80497451489214
4.914275 332.80525651277554
4.917066666666667 332.8057717237666
4.919855555555555 332.8065252602499
4.922647222222222 332.80706144732613
4.926775 332.80801219154415
4.929566666666667 332.8086906349713
4.932352777777778 332.80879075196134
4.935144444444444 332.809205243893
4.9379333333333335 332.80984363351587
4.940716666666667 332.80998446638927
4.945036111111111 332.81120926803686
4.947838888888889 332.81233782702503
4.950630555555556 332.81270082779275
4.953419444444444 332.81362775352716
4.9562083333333335 332.81478216039767
4.959 332.8157199091752
4.963041666666666 332.816974703653
4.9658444444444445 332.8177117676807
4.9686361111111115 332.81782234335526
4.971425 332.8183544939943
4.974216666666667 332.8187756541038
4.9770055555555555 332.81908986563576
4.981055555555556 332.8199174966943
4.983925 332.8205091996993
4.986713888861111 332.8206394238877
4.989502777777778 332.8210959060714
4.992294444416666 332.82141941417393
4.9950833333333335 332.8216774890267
4.9990805555555555 332.82221692902914
5.001869444444444 332.82241724195075
5.004661111111111 332.82229003381013
5.007441666666667 332.8222760307439
5.010233333333334 332.8223809434545
5.013022222222222 332.8221638194503
5.017066666666667 332.82208286120306
5.019891666666667 332.8223308970845
5.022683333333333 332.822340643611
5.025472222222223 332.82233224256674
5.028263888888889 332.8223923137347
5.031041666666667 332.82215829404913
5.035236111111111 332.8219458586141
5.038025 332.82211016029095
5.040816666666666 332.8220884397128
5.043605555555556 332.8220352405072
5.046397222222223 332.82200687374166
5.0491777777777775 332.82173355146955
5.053333333333334 332.8217643630642
5.056113888861111 332.8219005522762
5.0589055555555555 332.8217969887992
5.061694444444444 332.8217157796096
5.064475 332.82172745609324
5.067263888888889 332.8214095785307
5.071544444444444 332.82141530546954
5.074338888888889 332.8219179561813
5.077127777777778 332.8221392051721
5.079916666666667 332.8223827811895
5.082708333333334 332.8224566597769
5.085497222222222 332.822482298684
5.089641666666667 332.82315036050215
5.092430555555556 332.8236080659533
5.0952222222222225 332.82369726355205
5.098011111111111 332.8239492829513
5.1008 332.8241105865625
5.1035916666666665 332.8241504725671
5.107783333333333 332.8246257182521
5.110619444444445 332.8251281550684
5.113408333333333 332.8252947271717
5.1161916666666665 332.82563912971125
5.118980555555556 332.8258037209354
5.121769444444444 332.82592735016914
5.125825 332.82605030487196
5.128616666666667 332.8259376661416
5.131405555555555 332.82572305970143
5.134197222222222 332.82536180070383
5.136986111111111 332.82525921626416
5.139777777777778 332.82468699808646
5.14395 332.8242760354558
5.146827777777777 332.82454069068694
5.149616666666667 332.82455711332705
5.152408333305556 332.82463552853244
5.155197222222222 332.82476404878946
5.157988888861111 332.82462519047726
5.161955555555555 332.8244630863517
5.164758333333333 332.82456856862245
5.167547222194444 332.8244954695879
5.170338888888889 332.82434145215865
5.173125 332.8243145132197
5.175916666666667 332.82394072566404
5.179980555555556 332.82333139828097
5.182802777777778 332.82325243887544
5.185594444444445 332.8231193518211
5.188383333333333 332.82285614915054
5.191175 332.82274157499046
5.193963888888889 332.8222810184751
5.198 332.82135323894977
5.20085 332.82116001045375
5.203641666666667 332.8210906156346
5.2064305555555555 332.8206678760815
5.209222222222222 332.82039525551005
5.212008333333333 332.819755669347
5.216086111111111 332.818783170721
5.218875 332.8185397936432
5.221666666666667 332.81842047566835
5.224455555555555 332.8179193696402
5.227244444444445 332.81758807195104
5.230033333333333 332.816864607439
5.233997222222222 332.81552071455593
5.236805555555556 332.8150232466399
5.239597222222222 332.8148372897392
5.242386111111111 332.81414594642547
5.2451694444444446 332.81363356650786
5.247958333333333 332.812708779388
5.252008333333333 332.81080643613495
5.2548972222222226 332.8101500071781
5.257688888888889 332.8100221456747
5.260477777777778 332.8090047821565
5.263261111111111 332.80813815594007
5.26605 332.80711268248444
5.270097222222223 332.8053753093551
5.272913888888889 332.80455686579865
5.275705555555556 332.8042636583748
5.278494444444444 332.80298572977205
5.281286111111111 332.80205898141634
5.284074999972222 332.80078490199617
5.288266666638889 332.79873147620174
5.291058333333333 332.79799705870363
5.293847222222222 332.7977484594365
5.2966388888888885 332.7965237536208
5.299427777777778 332.7956192635458
5.302216666666666 332.794406630001
5.3062 332.79184835524256
5.308988888888889 332.790770877411
5.311780555555556 332.79043041779784
5.3145694444444445 332.78887507534995
5.317361111111111 332.78771983684675
5.320144444444445 332.78616638621133
5.324405555555556 332.7835129095
5.327197222222222 332.78261723353336
5.329986111111111 332.7824005904213
5.332777777777777 332.7810609362434
5.335566666666667 332.7799515786203
5.338355555555555 332.7786187506822
5.342416666666667 332.7761392156509
5.345288888888889 332.77522691905403
5.348080555555556 332.775088757589
5.350866666666667 332.7737994960742
5.353658333305556 332.7726812870808
5.356447222222222 332.77140428774527
5.360536111111111 332.7691426948344
5.363391666666667 332.7683087702873
5.366183333305556 332.76821130354887
5.368972222222222 332.76699203651566
5.371763888888889 332.7658971248568
5.374552777777778 332.7646982827704
5.378577777777778 332.76238408975877
5.381366666638889 332.7613831484248
5.384155555555555 332.76121716251436
5.386947222194444 332.7597290436909
5.3897361111111115 332.75846054046076
5.392522222222222 332.75697132021156
5.396691666666666 332.7545423679349
5.399566666666667 332.753767494704
5.402355555555555 332.75376605828103
5.405144444444445 332.75261113767834
5.407933333333333 332.7514925157616
5.410725 332.75036061588474
5.414630555527777 332.7481418241082
5.417491666666667 332.74716889641525
5.4202805555277775 332.7472819188181
5.423072222222222 332.7461577514366
5.425861111111111 332.7449245419126
5.428652777777778 332.7435860518192
5.432927777777778 332.7415872370107
5.435741666638889 332.7409718188722
5.438525 332.741186786095
5.441313888888889 332.740085039057
5.444105555555556 332.7389985612399
5.446894444444444 332.7379001327171
5.451008333333333 332.7363284577691
5.453880555555555 332.7357739074632
5.456669444416667 332.7359900059938
5.4594611111111115 332.73529464986535
5.46225 332.73439018143614
5.465038888888889 332.73347886139226
5.469213888861111 332.7320104351362
5.472019444444444 332.7313972460283
5.4748 332.7312834422805
5.477591666666667 332.73013701117804
5.480380555555556 332.72921176393504
5.483172222194445 332.72807437251623
5.487227777777778 332.726404449107
5.490083333333334 332.7257178582403
5.492875 332.72541612254855
5.495663888888889 332.7243622182505
5.498455555555555 332.723613606863
5.501244444444445 332.7225628769756
5.505436111111111 332.7212974597058
5.508252777777778 332.7209290280651
5.511041666666666 332.720666022629
5.513830555555556 332.7198727757152
5.516622222222222 332.7193668604517
5.519411111111111 332.71857879825325
5.523488888888889 332.71708469803383
5.526280555555555 332.71638404928746
5.529069444444445 332.71596170483457
5.531861111111111 332.71482380320424
5.53465 332.71411509875475
5.537430555555556 332.71297223983527
5.541416666666667 332.71075483838086
5.544311111111111 332.7097073481352
5.5471 332.70909957226564
5.5498916666666664 332.70771793989604
5.552669444444445 332.7069412314564
5.555458333333333 332.7055414133155
5.559486111111111 332.70316143227467
5.562327777777778 332.7022201994351
5.565116666638889 332.70160941375303
5.5679083333333335 332.7002333936744
5.570688888888889 332.6995155487954
5.573480555555555 332.6981324982971
5.577672222222223 332.6957524226935
5.580491666666667 332.69493440777075
5.583283333333333 332.69440525064095
5.5860722222222225 332.69318049611434
5.588863888888889 332.6924922767568
5.591652777777778 332.6912795882494
5.595727777777777 332.6889504918234
5.5985555555555555 332.68801828703266
5.601344444444444 332.6874878404446
5.604133333333333 332.686153796501
5.606925 332.68535823555476
5.609713888888889 332.6840282098158
5.613872222222223 332.6816796494836
5.616766666666667 332.68080600872094
5.619555555555555 332.68033218579404
5.622347222222222 332.6790905818895
5.625136111111111 332.6783721639579
5.627925 332.6771426804624
5.632305555555556 332.67563983594056
5.635086111111111 332.67534453761783
5.637877777777778 332.67508378258486
5.640666666666666 332.6743435738606
5.643447222222222 332.67386298959315
5.6462361111111115 332.6731082584735
5.650352777777778 332.67207778109696
5.653155555555555 332.67177125129757
5.655947222222222 332.67149970083767
5.658736111111111 332.67074271071357
5.661527777777778 332.6702897416013
5.664305555555556 332.6695350146989
5.668497222222222 332.66806630823487
5.671297222194444 332.66774369659225
5.674088888888889 332.6676334843745
5.67687777775 332.6668790047793
5.679669444444444 332.66624486163965
5.682458333333333 332.6654926545733
5.686522222222222 332.66404692316956
5.689305555555555 332.663521065341
5.692094444444445 332.6634148836618
5.694886111111111 332.6623523114596
5.697675 332.66149159081135
5.700466666666666 332.660443378979
5.704525 332.6585232668513
5.707313888888889 332.6576371247913
5.710105555555556 332.65728648513857
5.712883333333333 332.6558851584807
5.715672222194445 332.6549071036906
5.718463888888889 332.65350720677577
5.722655555555556 332.65115404202584
5.725475 332.6502118693893
5.728258333333334 332.6497996070211
5.731047222222222 332.6484318778961
5.733838888888889 332.6474958152452
5.736627777777778 332.64613499761845
5.740697222194444 332.6435087969155
5.7435 332.64231571985164
5.746291666666667 332.6417984132071
5.749077777777778 332.6401647101458
5.751869444444444 332.63907211189047
5.754658333333333 332.63744332896397
5.758677777777778 332.635551699551
5.761472222222222 332.6339845754453
5.764261111111111 332.632213669776
5.767052777777778 332.6304427626828
5.769841666666666 332.6293543305792
5.772630555555556 332.62760271662324
5.776605555555555 332.62510721066576
5.779477777777778 332.6231812346305
5.782266666666667 332.62113038465975
5.785047222194445 332.61905713144586
5.7878388888888885 332.61782163156226
5.79062777775 332.6157462446874
5.7946277777777775 332.61297088650514
5.7974805555555555 332.6110898813688
5.8002722222222225 332.60906424938054
5.803061111111111 332.6069853968479
5.805852777777778 332.6057862576107
5.8086416666666665 332.6037276273949
5.812844444444444 332.60113427344334
5.815636111111111 332.5995869073179
5.818425 332.59782442386614
5.8212166666666665 332.5960087326155
5.824005555527778 332.5949821589004
5.826794444444444 332.59318030803314
5.830844444444445 332.590723463298
5.833669444444444 332.5889743641373
5.83645 332.58703275074436
5.8392333333333335 332.5850183251451
5.842022222222222 332.5838853517865
5.844813888888889 332.58187419573017
5.848902777777778 332.5790723591881
5.851738888861111 332.5771860211985
5.854527777777778 332.5751296684692
5.857319444444444 332.5730593123616
5.860108333333334 332.571875887622
5.8629 332.569817345947
5.86687777775 332.56690374020036
5.869772222222222 332.5646274898187
5.872561111111111 332.56224077188193
5.875352777777778 332.55985125216154
5.878138888888889 332.55857932423726
5.8809305555555556 332.5561997855263
5.885122222222222 332.5527964147635
5.887911111111111 332.5505599344413
5.890702777777777 332.5481089488468
5.893491666666667 332.54566356124553
5.896283333333334 332.54435350796496
5.899066666666666 332.54192107225776
5.9030861111111115 332.53830429145523
5.905958333333333 332.5358944390232
5.908747222222222 332.533362523352
5.911536111111111 332.5307633751764
5.914327777777777 332.52932816113844
5.917116666666667 332.5267452209621
5.921208333333333 332.5229625383216
5.923986111111111 332.520292702969
5.926775 332.5173944097362
5.929566666666667 332.51449331471986
5.932355555555556 332.51285076116966
5.935138888888889 332.50995562646216
5.9392611111111115 332.50603799517216
5.94205 332.5031853848452
5.944838888861111 332.50011606764497
5.9476305555555555 332.4970327358279
5.950419444416666 332.49547063168234
5.953205555555556 332.49239380120946
5.957344444444445 332.48765579086495
5.960177777777778 332.48459413583817
5.9629666666666665 332.48136040793275
5.9657583333333335 332.4781238394542
5.968547222222222 332.4763429709135
5.971338888888889 332.47311615113523
5.975463888861111 332.4686450874564
5.978352777777777 332.46576001014114
5.981136111111111 332.4627502248451
5.983925 332.45965638497137
5.986713888861111 332.45798126069286
5.989505555555556 332.45489673961396
5.993708333333333 332.4505222672685
5.996497222222223 332.44778365469847
5.999288888888889 332.4448384543778
6.002077777777778 332.4418960546704
6.004866666666667 332.44021595321874
6.0076583333333335 332.43728800046966
6.011697222222222 332.43433612992385
6.014572222222222 332.43127067953924
6.017363888861111 332.4280742749496
6.020152777777778 332.4250733902912
6.022941666666667 332.4233465211405
6.025733333333333 332.4203630180138
6.030005555555555 332.4163612646222
6.032794444444445 332.41370998412333
6.035586111111111 332.4108433683086
6.038375 332.4079767600252
6.041166666666666 332.4063375759277
6.043955555555556 332.4034823858826
6.048005555555555 332.400652643198
6.050841666666667 332.3974054219607
6.053630555555555 332.39398793064663
6.056413888888889 332.390800164007
6.059205555555556 332.3889371881184
6.061994444444444 332.38575622224465
6.066119444444444 332.3825839706439
6.069011111111111 332.37940637903426
6.0718 332.37605041960035
6.074591666666667 332.37291549931587
6.077372222222222 332.37120378461486
6.0801638888888885 332.36807272295704
6.084208333333334 332.3647433199486
6.0870138888888885 332.36158809260183
6.0898055555555555 332.35815370409534
6.092583333333334 332.3549431303078
6.095375 332.35330502986955
6.098163888888889 332.3500929566856
6.102366666666667 332.3466925151133
6.105183333333334 332.343419799395
6.107975 332.33995744929405
6.1107555555555555 332.33666586192527
6.113544444416666 332.335021591248
6.116336111111111 332.33173990843045
6.120666666666667 332.32834016961334
6.123455555555555 332.32543488836393
6.126247222222222 332.3222889004817
6.129030555527778 332.3193610626521
6.1318222222222225 332.3178579678927
6.134608333333333 332.31493058371217
6.138627777777778 332.31178266727545
6.141452777777777 332.3086026201459
6.144230555555556 332.30522989440595
6.147022222222223 332.3019831301168
6.1498 332.30042941239697
6.152591666666667 332.2971784757052
6.1567083333333334 332.2935255320183
6.159513888888889 332.2905136364719
6.162305555555555 332.2872528783217
6.165094444444445 332.2842047620589
6.167886111111111 332.2827685971184
6.170675 332.2797296619287
6.174886111111111 332.2753957700362
6.177677777777777 332.27283175845633
6.180458333333333 332.2700408957803
6.18325 332.26721083760253
6.186036111111111 332.26592883850213
6.188816666666667 332.26309059622025
6.193058333305555 332.2591176642976
6.1958722222222224 332.2568643517313
6.198661111111111 332.25441454936896
6.201447222222222 332.2519003929709
6.204238888861111 332.25083154827803
6.207027777777777 332.2483221746541
6.2111527777777775 332.2446800278395
6.213966666666667 332.242513337967
6.216755555555555 332.2401529290456
6.219536111111111 332.2377841402776
6.222325 332.23682743031793
6.225116666638889 332.23445461797155
6.229202777777778 332.2309441628549
6.232075 332.2290127042577
6.234863888861111 332.2269458967265
6.237652777777778 332.22486230427177
6.240441666666666 332.22405035024394
6.243233333333333 332.221970245066
6.247519444444444 332.219074101534
6.2503166666666665 332.2176997679004
6.253105555555556 332.2161109682017
6.255897222222222 332.2144299017726
6.258686111111111 332.21296865488927
6.261475 332.2115130147772
6.265530555555555 332.20974440414176
6.2684194444444445 332.20804566448516
6.271208333333333 332.206227718795
6.2739972222222224 332.2043901985221
6.2767888888888885 332.20277271257714
6.279577777777778 332.20115243272744
6.283697222222222 332.19964951028214
6.286569444444445 332.1980541448452
6.289358333333333 332.1963200130922
6.29215 332.19458588011406
6.294927777777778 332.19305783290457
6.297719444444445 332.1915213684018
6.301983333333333 332.1900380081942
6.304775 332.1888125130401
6.307563888888889 332.18736904728274
6.3103444444444445 332.1859144035711
6.313133333333333 332.184669326334
6.315922222222222 332.18342983113206
6.320166666666666 332.1824027746822
6.322958333333333 332.18133095385787
6.3257361111111114 332.1800300383557
6.328525 332.17871235596925
6.331316666666667 332.1776153456814
6.334105555555555 332.1765183415106
6.338288888888889 332.1754269282173
6.341080555555555 332.1744615630293
6.3438638888888885 332.1732696097331
6.346647222222222 332.171982661502
6.349438888888889 332.1709108825134
6.352219444444445 332.169830717419
6.356386111111111 332.1687673068874
6.359177777777778 332.1677851253491
6.3619666666666665 332.1665820043322
6.3647583333333335 332.1653146242266
6.367541666666667 332.16426242509806
6.370330555555555 332.16319902642584
6.374513888888889 332.16223907022777
6.377336111111111 332.16148070974594
6.380127777777778 332.16053470645755
6.382916666666667 332.15959149626315
6.3857083333333335 332.1588667405764
6.388497222222222 332.1581447851877
6.392588888888889 332.1575123217741
6.395416666666667 332.1568294128057
6.398202777777778 332.1559617542323
6.400988888888889 332.1549991087352
6.403777777777778 332.15425459277674
6.406558333333333 332.1534988895151
6.410638888888889 332.15283267680303
6.413474999972222 332.1523205222354
6.416258333333333 332.1516261043811
6.419047222222222 332.1508646759349
6.421838888888889 332.15032451369
6.424627777777777 332.1497843544574
6.4287972221944445 332.14936728685586
6.431583333333333 332.148768258611
6.434375 332.14794824603314
6.437163888888889 332.1471030860091
6.439955555555556 332.1464872488388
6.442744444444444 332.1458686141333
6.446766666666667 332.1452387894423
6.449563888888889 332.14451652397975
6.452352777777778 332.14357914399113
6.455144444444445 332.14278049447194
6.457933333333333 332.1422023500868
6.460725 332.1414044386055
6.464938888888889 332.1406205190172
6.467730555555556 332.139822674286
6.470519444444444 332.1388070107008
6.4733111110833335 332.13799724530105
6.4761 332.1374136723297
6.478886111111111 332.1366046297741
6.482861111111111 332.13562777238667
6.4856444444444445 332.13456126904725
6.4884361111111115 332.1332715966771
6.491225 332.13214074553963
6.494016666666667 332.1312356540317
6.4968055555555555 332.1301074734092
6.500788888888889 332.12876961326305
6.503591666666667 332.1272047432872
6.506380555555555 332.1254314146207
6.509169444416667 332.12392440771856
6.511955555555556 332.12233232366395
6.514747222222222 332.1207374183549
6.518966666666667 332.1203373810237
6.521827777777777 332.1191279115787
6.524619444444444 332.11778234334287
6.527408333305556 332.11665982830675
6.5302 332.1157546694231
6.532988888861111 332.11462926001343
6.537147222222222 332.1137248291445
6.539938888888889 332.112946574095
6.5427277777777775 332.11195887773533
6.5455194444444444 332.1107026916311
6.548308333333333 332.1098293156057
6.551097222222222 332.10896437649313
6.555127777777778 332.1092366165822
6.557922222222222 332.1082987728822
6.560711111111111 332.1071461220894
6.563502777777778 332.1058417089523
6.566291666666666 332.1048532401329
6.569083333333333 332.1038732039668
6.573305555555556 332.10436836310123
6.5760861111111115 332.103553585314
6.578877777777778 332.1025128448777
6.581666666666667 332.10119719516956
6.584458333333333 332.10034340332237
6.5872472222222225 332.09949802998267
6.591488888888889 332.10037660717273
6.594280555555556 332.0998781916218
6.597066666666667 332.0991590645827
6.599855555555555 332.0979594005879
6.602647222222222 332.0974173264406
6.6054361111111115 332.0968752522933
6.609663888888889 332.09820778747144
6.612441666666666 332.09788014162496
6.615230555555556 332.0973177334312
6.618022222222222 332.09606483718784
6.620802777777778 332.09561536531936
6.623591666666667 332.09515465408293
6.627688888888889 332.09626282392213
6.630527777777778 332.0953468810454
6.6333166666666665 332.094258746382
6.636105555555556 332.0927610551042
6.638891666638889 332.09189015465756
6.641680555555555 332.09102487775255
6.645755555555556 332.09171034342666
6.648586111111111 332.0908112269121
6.651375 332.08973147806364
6.654166666666667 332.0882088495503
6.656955555555555 332.0873323206094
6.659747222222222 332.0864557867787
6.664116666666667 332.08758770256907
6.666919444444445 332.0870667497535
6.669708333333333 332.0863394328264
6.672497222222222 332.08582261554193
6.675288888888889 332.085523342424
6.678077777777777 332.0850023896084
6.682286111111111 332.08461302437655
6.685161111111111 332.0844533664227
6.687952777777777 332.0841624091166
6.690741666638889 332.0840981575908
6.693533333333333 332.0842520644967
6.6963222221944445 332.0841876472215
6.700511111111111 332.0843053007537
6.7033 332.08449014878056
6.706088888861111 332.0844509047471
6.708875 332.08464086525294
6.711666666666667 332.08506051104973
6.714455555555555 332.0852621634429
6.718630555555555 332.0855954955988
6.721444444444445 332.0858896105643
6.724236111111111 332.08599040245036
6.727025 332.0862837621724
6.729813888888889 332.0868011825389
6.732602777777778 332.0870952975045
6.736836111111111 332.0875211197653
6.7396555555277775 332.08813735553343
6.742447222222222 332.08856541996136
6.745236111111111 332.08919961462175
6.748025 332.09005275100395
6.750813888888889 332.0906829798274
6.754775 332.09108063214796
6.757661111111111 332.0914867365419
6.760441666666667 332.0919740115348
6.763230555555555 332.0926706575033
6.766022222222222 332.09336729891555
6.768805555555556 332.0938405730718
6.77305 332.09456327377967
6.7758416666666665 332.09545651422667
6.778622222222222 332.0962574062981
6.781408333333333 332.09727570408535
6.7842 332.0983051888873
6.786988888888889 332.0991144932131
6.791052777777778 332.09966042042237
6.7938527777777775 332.1002706999135
6.796636111111111 332.10082221714885
6.799425 332.10158341915974
6.802213888888889 332.1023446211707
6.80500277775 332.10288214500156
6.809077777777778 332.1034364757297
6.811858333333333 332.103845270235
6.814647222222222 332.1042428693254
6.817438888888889 332.1048613484989
6.820227777777777 332.1054770337859
6.823008333333333 332.1058634285906
6.827127777777778 332.10622462071063
6.830019444444445 332.1067426180951
6.832811111111111 332.1073305774228
6.8356 332.10815603927637
6.838383333333334 332.10898150880445
6.841175 332.10958346213016
6.845380555555556 332.1100901747771
6.8481861111111115 332.1107311999287
6.850974999972222 332.1113386511749
6.853766666666667 332.11216702575297
6.8565555555555555 332.1129954003311
6.8593416666666664 332.1136000505762
6.863497222222223 332.11429995143254
6.866344444444445 332.1152208951949
6.869133333333333 332.11609149179867
6.871925 332.1171854530184
6.874713888888889 332.1182794142381
6.877497222222222 332.1191500059865
6.881794444444444 332.12010747579944
6.884580555555556 332.12112918587525
6.887369444444444 332.1221452975368
6.890155555555555 332.1233734706233
6.892938888888889 332.1245932577517
6.895730555555556 332.1255869812987
6.90000277775 332.1267460302909
6.902794444444444 332.1281258542983
6.905572222222222 332.12941340653225
6.908361111111111 332.1309071619681
6.911152777777778 332.13240091740386
6.913941666666667 332.133674485147
6.918275 332.1352171749069
6.9210666666666665 332.1370002102105
6.923855555555556 332.1387972160497
6.926647222222222 332.1408137236426
6.929436111111111 332.14282743437803
6.932224999972222 332.1446216361352
6.936308333333334 332.1464747062316
6.939102777777777 332.14824098622887
6.941891666666667 332.15001285470504
6.944683333333334 332.1520042177106
6.947472222222222 332.15399558071624
6.950261111111111 332.15576744919247
6.954727777777777 332.15966384074915
6.957516666666667 332.1623153334875
6.960305555555555 332.1631586486564
6.963086111111111 332.16576227712704
6.965875 332.16836033239616
6.968666666666667 332.1707425521701
6.972777777777778 332.17489479213873
6.975622222222222 332.1775157470019
6.9784138888888885 332.17833516448485
6.9812 332.18093612740836
6.983991666666666 332.18353429736095
6.986780555555556 332.185916756297
6.99105 332.1902749109609
6.9938416666666665 332.1930520897113
6.996622222222222 332.19399385038156
6.999411111111111 332.19677944063994
7.002202777777778 332.1995678306382
7.004991666666666 332.20214084947764
7.009230555555556 332.20874943076797
7.012022222222222 332.21269831163625
7.014805555555555 332.21403310473124
7.017597222222222 332.21620707391855
7.020375 332.21925479292116
7.023166666666667 332.22207240164454
7.027402777777778 332.2291134941476
7.030194444444445 332.2329387223412
7.032983333333333 332.2340568351192
7.035775 332.2374519536314
7.038563888888889 332.2406256548512
7.041352777777778 332.2435710493618
7.045722222222222 332.2512927992627
7.048511111111111 332.25595368662346
7.051302777777778 332.2576441218959
7.054088888888889 332.26016330707944
7.05687777775 332.26392396753045
7.059666666666667 332.267452851065
7.063725 332.2756568308351
7.066577777777778 332.2802163465503
7.069366666666666 332.28187645606175
7.072158333333333 332.2843835905343
7.074947222222222 332.2880922959236
7.077730555555555 332.29157001280447
7.081697222222222 332.2995796371858
7.0845666666666665 332.3040919546813
7.08735 332.3058075721244
7.090138888888889 332.3082076470981
7.092930555555555 332.3118688038783
7.095719444444445 332.31529190604203
7.1 332.3237934742688
7.102791666666667 332.32868808044964
7.105580555555555 332.3305343707328
7.108372222222222 332.33310894250315
7.1111611111111115 332.3370735520505
7.11395 332.3407959697875
7.118166666666666 332.34967712545966
7.120980555555556 332.3546822276089
7.123769444444444 332.35652307699513
7.126561111111111 332.3592274942427
7.12935 332.3633095727738
7.132141666666667 332.36714546818405
7.136272222222222 332.3764435673628
7.139061111111111 332.38165701476
7.14185277775 332.38367785076696
7.144641666666667 332.38638988031755
7.147430555555555 332.3906460267294
7.150213888888889 332.3946551724613
7.154241666666667 332.40398603835763
7.157080555555556 332.4091375281028
7.159872222222222 332.4111855008346
7.162661111111111 332.4138344374327
7.1654527777777774 332.41805558308073
7.168241666638889 332.4220197528714
7.172338888861111 332.4307293165412
7.175127777777778 332.43564090420466
7.177919444416666 332.4374216687794
7.1807083333333335 332.4418436957178
7.1835 332.4460056267738
7.186288888888889 332.449910635075
7.1902888888888885 332.45834787475286
7.1931666666666665 332.463094738895
7.1959583333333335 332.4648020692474
7.198747222222222 332.46910638995655
7.201536111111111 332.47314704606055
7.204327777777777 332.4769200981622
7.208341666666667 332.4852663653793
7.211183333305556 332.49000381340846
7.213972222222222 332.4917142336031
7.216761111111111 332.49595461435143
7.2195527777777775 332.49993441078726
7.222341666666667 332.5036425084689
7.22635 332.51188821348165
7.229197222222222 332.51661413373995
7.2319861111111114 332.51830996626774
7.234772222222222 332.522469571736
7.2375638888888885 332.5263511155888
7.240352777777778 332.5299544802109
7.244402777777778 332.5381910761936
7.247191666666667 332.5426580669284
7.249983333333334 332.54418386907975
7.252766666666667 332.54808997922294
7.2555555555555555 332.55170199408417
7.258344444444444 332.55502614995714
7.262711111083333 332.5638179431397
7.265538888888889 332.56907171986114
7.2683277777777775 332.5709232406798
7.271108333333333 332.5755443902819
7.273897222222222 332.5798660424255
7.276688888888889 332.5838954073752
7.280691666666667 332.59285211227774
7.2835833333333335 332.5980078765348
7.286375 332.59984064021575
7.289163888888889 332.60444884300597
7.291955555555556 332.6087600189672
7.2947444444444445 332.6127846368737
7.298958333333333 332.622398762102
7.301775 332.62784025368387
7.304563888888889 332.6297491729884
7.307355555555556 332.6346338467182
7.310144444444444 332.6392248330057
7.312925 332.64349625708564
7.316963888888889 332.6531013357822
7.3197833333333335 332.6584148742029
7.322572222194444 332.66024007831044
7.325363888888889 332.66499483807
7.3281527777777775 332.6694394987444
7.3309444444444445 332.67357004357393
7.335122222222222 332.68349400467474
7.3379111111111115 332.689078385839
7.340702777777778 332.6910018199254
7.343491666666667 332.69597973588765
7.346283333333333 332.700646892901
7.3490722222222225 332.7049906847466
7.353213888888889 332.71523251998366
7.3560027777777774 332.72100272155177
7.358794444444444 332.7230170128114
7.361583333333333 332.72815956932504
7.364372222222222 332.732970339024
7.367163888888889 332.7374592322696
7.371244444444445 332.7478095758274
7.374025 332.75357302490755
7.376816666666667 332.75554871761847
7.379605555555556 332.760624632534
7.382397222222222 332.7653668184298
7.385186111083334 332.7697676888166
7.389191666666667 332.7798401907749
7.391991666638889 332.7854796172728
7.394780555555555 332.7874370445718
7.397572222194444 332.79238559165725
7.400361111111111 332.7969912566997
7.403152777777778 332.8012498797023
7.407133333333333 332.8110761579189
7.4099916666666665 332.81666816792296
7.4127833333333335 332.8186610820334
7.415561111111111 332.8235783830814
7.41835 332.8281253429134
7.421141666666666 332.83231172854374
7.425186111083334 332.8422926228093
7.428047222222222 332.8479416134036
7.430836111083333 332.8499758590144
7.433627777777778 332.8549906483585
7.436416666666666 332.8596383661413
7.439208333333333 332.8639147310884
7.4432416666388885 332.87411067524977
7.446038888888889 332.87990361482076
7.448830555555555 332.8820456123547
7.451619444444445 332.8871116650281
7.454411111111111 332.88962678808855
7.4571999999722225 332.89369542847805
7.461402777777778 332.90655023919385
7.464247222222222 332.912800526639
7.467036111111111 332.9150838708362
7.469827777777778 332.92063828191147
7.4726166666388885 332.9234843621456
7.475408333333333 332.92801815623983
7.4795444444444446 332.9417206433197
7.4823361111111115 332.9484601879756
7.485125 332.9510274599133
7.487916666666667 332.9570008523006
7.490702777777778 332.9599641906288
7.493486111111111 332.96486795662094
7.497677777777778 332.9796705870165
7.500497222222222 332.98705055926797
7.503288888888889 332.98994968340907
7.506077777777778 332.99286918151086
7.508869444444445 332.99286918151086
7.511658333333333 332.9958120513396
7.515625 333.00051091467105
7.5185055555555556 333.0032431559763
7.521286111111111 333.0060121471233
7.524074999972222 333.00878680371505
7.526863888888889 333.00878680371505
7.5296555555277775 333.0113500631058
7.533602777777777 333.0167544951753
7.536441666666667 333.0193775270843
7.5392222222222225 333.0220663498039
7.542011111111111 333.02476334829134
7.5448 333.02476334829134
7.5475916666666665 333.0274744416354
7.5516861111111115 333.0318704016151
7.554494444444445 333.03470079803725
7.557283333333333 333.0375640690885
7.560075 333.04044569444125
7.562863888888889 333.04044569444125
7.565655555555556 333.04334585114674
7.569736111111111 333.04789029593417
7.572527777777778 333.050689555118
7.575316666666667 333.0535191160978
7.578105555555555 333.05636414471303
7.580897222222222 333.05636414471303
7.583677777777778 333.05922782925353
7.587705555555556 333.0636330357661
7.590536111111111 333.0663038765091
7.593325 333.06903555231116
7.596113888861111 333.07178852717306
7.598905555555556 333.07178852717306
7.601694444444444 333.07455991658253
7.605725 333.0787852792922
7.608558333333334 333.08138614866834
7.61135 333.08406747674934
7.614133333333333 333.08677019694204
7.616922222194445 333.08677019694204
7.619713888888889 333.0894913657367
7.623927777777777 333.0937440622251
7.626819444444444 333.0966548080719
7.629611111111111 333.09964659944757
7.6324 333.1026623834689
7.635191666666667 333.1026623834689
7.637980555555556 333.10570563839946
7.642002777777778 333.11060496484015
7.644880555555556 333.1136463605257
7.647672222222222 333.1167648960707
7.650461111111111 333.11990883361966
7.6532527777777775 333.11990883361966
7.656041666666667 333.1230751479482
7.660233333333333 333.1278371782964
7.663055555555555 333.1308495625177
7.665844444444445 333.1339071129222
7.668633333333333 333.13698681948904
7.671422222222223 333.13698681948904
7.674213888888889 333.1398221021767
7.6782916666666665 333.1458237579404
7.6810833333333335 333.14883243502595
7.683872222222222 333.1517607062321
7.686663888888889 333.1547072350333
7.6894527777777775 333.1547072350333
7.692244444444444 333.1574070264173
7.69625 333.16314140754804
7.699102777777778 333.16594846740315
7.701894444444444 333.1688571927427
7.704675 333.1717914660353
7.707461111111111 333.1717914660353
7.71025 333.1744595866438
7.714291666666667 333.18013008732885
7.717127777777778 333.1829673923991
7.719916666666666 333.18585525441074
7.722708333333333 333.1887619082341
7.725494444444444 333.1887619082341
7.728286111111111 333.19140719433636
7.732388888888889 333.1970534881658
7.7351833333333335 333.19988202061484
7.737972222222222 333.2026999117982
7.740763888888889 333.20553648574315
7.7435527777777775 333.20553648574315
7.7463444444444445 333.2081091051611
7.750536111111111 333.2136163609878
7.753355555555555 333.21686060031664
7.756147222222222 333.22004100178856
7.758936111111111 333.2232623399061
7.761727777777778 333.2232623399061
7.764516666666666 333.22621576529394
7.768508333333333 333.23249599721925
7.7714 333.2354808969359
7.774191666666667 333.2386291541766
7.776980555555555 333.24181910783705
7.779761111111111 333.24181910783705
7.782547222222222 333.2447230367681
7.786872222222223 333.250896304836
7.789672222222222 333.254545979533
7.792461111111111 333.25822671529136
7.79525 333.261946834905
7.798041666666666 333.261946834905
7.800830555555556 333.26538908370014
7.804888888888889 333.27267948951686
7.807686111111111 333.27650698885776
7.810475 333.28039220907937
7.813266666666666 333.2843115101801
7.816055555555556 333.2843115101801
7.818847222222222 333.2879432663235
7.822983333333333 333.2956491574518
7.825788888888889 333.2997479475882
7.828577777777777 333.30375460581354
7.831358333333333 333.30779318313915
7.83415 333.30779318313915
7.836938888888889 333.3115293557162
7.841238888888889 333.31945032257306
7.844027777777778 333.3237753559048
7.846819444444445 333.328114616541
7.849608333333333 333.33249834781515
7.8524 333.33249834781515
7.855188888888889 333.33658273880866
7.859244444444444 333.3452142395762
7.86205 333.34960826184886
7.864841666666667 333.3539780079956
7.8676305555555555 333.35839378691514
7.870419444444445 333.35839378691514
7.873208333333333 333.36249807238977
7.877411111111111 333.37118725582957
7.880238888888889 333.3756237423236
7.883030555555556 333.3801713788859
7.8858194444444445 333.38476814658117
7.8886111111111115 333.38476814658117
7.8914 333.3890598679782
7.8955166666666665 333.3981482899259
7.898341666666667 333.40268106019937
7.9011305555555555 333.40731532878823
7.9039222222222225 333.4120151491259
7.906711111111111 333.4120151491259
7.909502777777778 333.41639743229996
7.913569444444445 333.42567059262393
7.916363888888889 333.43010754091
7.919152777777778 333.43459527703476
7.921944444444445 333.4391297604109
7.924733333333333 333.4391297604109
7.927525 333.4433313321967
7.931555555555556 333.4522620864678
7.9343972222222225 333.4568981503581
7.937186111111111 333.46166817990473
7.939977777777778 333.46648950009177
7.9427666666666665 333.46648950009177
7.945555555555556 333.47097022542005
7.949686111111111 333.4804755943346
7.952475 333.4848889339137
7.955266666666667 333.48895124333274
7.958055555555555 333.4930638361278
7.960847222222222 333.4930638361278
7.9636305555555555 333.4972430808191
7.967691666666667 333.5061259291497
7.970541666666667 333.5107510251544
7.973333333333334 333.5151321585933
7.9761138888888885 333.51946249023166
7.978902777777778 333.51946249023166
7.981694444444445 333.523826817619
7.985838888888889 333.53313155885115
7.988636111111111 333.5378328421789
7.991425 333.5421788926682
7.994205555555555 333.54657116582246
7.996986111111111 333.54657116582246
7.999775 333.5509993936807
