# SectorTime OrdersHandled
0.014197222222222222 975.7929244346897
0.015644444444444443 974.9198131830916
0.01863333333333333 974.4710564302832
0.019616666666666668 974.4710564302832
0.019802777777777777 974.4710564302832
0.021469444444444444 973.5793765901997
0.02200277775 973.5793765901997
0.022458333333333334 973.5793765901997
0.022630555555555557 973.5793765901997
0.02286666663888889 973.5793765901997
0.024372222222222222 972.8757449737237
0.02481388888888889 972.8757449737237
0.025344444444444444 972.8757449737237
0.025516666666666667 972.8757449737237
0.025691666666666668 972.8757449737237
0.027605555555555557 972.1672968069088
0.028091666666666668 972.1672968069088
0.02993611111111111 971.2347376783174
0.030408333333333332 971.2347376783174
0.03126388888888889 971.2347376783174
0.03278333333333333 970.7507734683751
0.03384722222222222 970.7507734683751
0.03389444444444444 970.7507734683751
0.034036111111111114 970.7507734683751
0.035569444444444445 969.7812748273847
0.03592222222222222 969.7812748273847
0.036616666666666665 969.7812748273847
0.036802777777777775 969.7812748273847
0.03854166666666667 969.533337481048
0.03892222222222222 969.2850557659044
0.03952777777777778 969.2850557659044
0.04231666666666667 968.794235390958
0.04231666666666667 968.794235390958
0.04242222222222222 968.794235390958
0.044158333333333334 968.3016253516575
0.04513333333333333 968.0563134355535
0.04513333333333333 968.0563134355535
0.04523611111111111 968.0563134355535
0.04688333333333333 967.8090713754755
0.047261111083333335 967.8090713754755
0.04790277777777778 967.8090713754755
0.04805 967.8090713754755
0.04981388888888889 967.8090713754755
0.050180555555555555 967.8090713754755
0.05071111111111111 967.3069639027974
0.05078055555555556 967.3069639027974
0.052625 966.8069435555217
0.05300833333333333 966.8069435555217
0.05355833333333333 966.3060327052939
0.053725 966.3060327052939
0.05544166666666667 965.8070780215087
0.056308333333333335 965.8070780215087
0.05863611111111111 964.824367405176
0.05915555555555556 964.824367405176
0.06148888888888889 964.3394980327959
0.061913888888888886 964.3394980327959
0.06387222222222222 963.8579276806943
0.06433611111111111 963.6172966728054
0.06470833333333334 963.6172966728054
0.06490833333333333 963.3747576988095
0.06668611111111111 963.3747576988095
0.0671888888888889 963.1328512612868
0.06750277777777777 963.1328512612868
0.06751666666666667 963.1328512612868
0.06950277777777777 962.8898199581006
0.07022222222222223 962.6469002417382
0.07030555555555555 962.6469002417382
0.07235 962.162693346257
0.073125 961.9211956339269
0.07313888888888889 961.9211956339269
0.0733111111111111 961.9211956339269
0.0752 961.4360571558965
0.07594444444444444 961.1940436463437
0.07809722222222222 960.7152545225058
0.07831666666666667 960.7152545225058
0.0786638888888889 960.7152545225058
0.07883333333333334 960.7152545225058
0.07899444444444445 960.7152545225058
0.08090555555555555 959.9887652314355
0.08115277777777778 959.9887652314355
0.08163333333333334 959.9887652314355
0.08176388888888889 959.9887652314355
0.0837611111111111 959.7452790745682
0.08401666666666667 959.7452790745682
0.08440277777777777 959.7452790745682
0.08458333333333333 959.7452790745682
0.08645 959.2543392203357
0.08739166666666667 959.0097022085944
0.08927777777777778 958.766852931041
0.08967222222222222 958.5236132039828
0.0924611111111111 958.0441311262567
0.09259444441666667 958.0441311262567
0.09281666666666667 958.0441311262567
0.09532222222222222 957.5654946673878
0.09549444441666667 957.5654946673878
0.09559444444444444 957.5654946673878
0.09773055555555556 957.3255290416572
0.09820555555555556 957.3255290416572
0.10407222222222222 956.1658598846465
0.10887777777777778 954.6106351861204
0.10951666666666666 954.3905324862391
0.11208888888888889 953.5251191862575
0.11229722222222223 953.5251191862575
0.11247222222222222 953.5251191862575
0.11455555555555555 953.0931968233692
0.11491666666666667 953.0931968233692
0.11518055555555555 953.0931968233692
0.11519444444444445 953.0931968233692
0.11813055555555556 952.8764019873717
0.120725 952.8764019873717
0.12076111111111111 952.8764019873717
0.12100833333333333 952.8764019873717
0.12293611111111111 951.8983235990602
0.12328333333333333 951.8983235990602
0.12359444444444445 951.8983235990602
0.12361666666666667 951.8983235990602
0.12613611111111112 951.246340407826
0.126375 951.246340407826
0.12654722222222223 951.246340407826
0.12656111111111112 951.246340407826
0.1290111111111111 950.5925610259419
0.12923055555555554 950.5925610259419
0.12937222222222222 950.5925610259419
0.12939444444444445 950.5925610259419
0.13141666666666665 949.6090450472115
0.13219722222222222 949.6090450472115
0.1342888888888889 948.9590314427383
0.13468611111111112 948.9590314427383
0.1349027777777778 948.9590314427383
0.13707222222222223 947.6653698441073
0.1375111111111111 947.6653698441073
0.13766111111111112 947.6653698441073
0.13781944444444444 947.6653698441073
0.1379 947.6653698441073
0.13990555555555556 946.369417019034
0.1406638888888889 946.369417019034
0.14285277777777777 945.0908189240882
0.1431888888888889 945.0908189240882
0.1432 945.0908189240882
0.1433638888888889 945.0908189240882
0.14600555555555556 944.4521729563221
0.14601944444444445 944.4521729563221
0.14638333333333334 944.4521729563221
0.14841666666666667 943.8136028162887
0.14890277777777777 943.494777949094
0.1489138888888889 943.494777949094
0.1492 943.494777949094
0.15120555555555557 943.1748616875453
0.151625 943.1748616875453
0.1517111111111111 943.1748616875453
0.15186388888888888 943.1748616875453
0.15449444441666665 942.853409242644
0.15468055555555554 942.853409242644
0.1568138888888889 942.532474334967
0.15725833333333333 942.532474334967
0.15752777777777777 942.532474334967
0.15754999997222222 942.532474334967
0.15961666666666666 941.8873481543959
0.160125 941.8873481543959
0.16041944444444445 941.8873481543959
0.16289722219444444 941.2442623632681
0.16318611111111112 941.2442623632681
0.1632 941.2442623632681
0.16563611111111112 939.9634821210971
0.16808333333333333 939.0168534763803
0.16849166666666668 938.7021043339209
0.16850277777777778 938.7021043339209
0.16881944444444444 938.7021043339209
0.17085555555555557 938.3862800518876
0.17121111111111112 938.0702302958146
0.1713861111111111 938.0702302958146
0.17166944444444446 938.0702302958146
0.17381388888888888 937.7533755854117
0.1742138888888889 937.7533755854117
0.17448333333333332 937.7533755854117
0.1766611111111111 936.8040833672052
0.17705555555555555 936.8040833672052
0.1773611111111111 936.8040833672052
0.1795638888611111 936.1731186305426
0.1796361111111111 936.1731186305426
0.1797888888888889 936.1731186305426
0.18005277777777778 936.1731186305426
0.18234722222222222 935.539616362838
0.18244444444444444 935.539616362838
0.1826555555277778 935.539616362838
0.18291666666666667 935.539616362838
0.18524722222222223 934.5873511441495
0.18555 934.5873511441495
0.1858388888888889 934.5873511441495
0.1879222222222222 933.3239968847329
0.18809722222222222 933.3239968847329
0.18810833333333332 933.3239968847329
0.18865277777777778 933.3239968847329
0.19086111111111112 932.6919291932194
0.190975 932.6919291932194
0.19114722222222222 932.6919291932194
0.1936388888888889 932.3756942283416
0.19379999997222222 932.3756942283416
0.1938111111111111 932.3756942283416
0.1943111111111111 932.3756942283416
0.1968388888888889 931.4244328008026
0.19926944444444444 931.1103699376382
0.19934166666666667 931.1103699376382
0.1996388888888889 931.1103699376382
0.20260833333333333 929.5489012378099
0.20490277777777777 928.7597396910642
0.20493611111111112 928.7597396910642
0.20499444444444445 928.7597396910642
0.20515277777777777 928.7597396910642
0.20545555555555556 928.7597396910642
0.20765833333333333 928.3622391505583
0.20799444444444445 927.9647535413235
0.21055833333333332 927.9647535413235
0.21057222219444444 927.9647535413235
0.2105972222222222 927.9647535413235
0.2108611111111111 927.9647535413235
0.218925 926.3986222140053
0.21923333333333334 926.3986222140053
0.22171388888888888 925.6217611836815
0.2221972222222222 925.6217611836815
0.2222222222222222 925.6217611836815
0.22459166666666666 925.2333644859953
0.22459166666666666 925.2333644859953
0.22493611111111111 925.2333644859953
0.2250888888888889 925.2333644859953
0.22725 924.0649070918879
0.22748888888888888 924.0649070918879
0.22780833333333333 924.0649070918879
0.2279 924.0649070918879
0.23028333333333334 923.2855519762525
0.23066666666666666 923.2855519762525
0.23290555555555556 921.7382808805963
0.23305 921.7382808805963
0.23341111111111112 921.3517569087511
0.23344444444444445 921.3517569087511
0.23584444444444444 920.1968305094472
0.2362666666388889 920.1968305094472
0.238575 919.0505499047462
0.2386361111111111 919.0505499047462
0.2386361111111111 919.0505499047462
0.23903055555555555 919.0505499047462
0.23913055555555557 919.0505499047462
0.24137777777777777 918.6659648038958
0.24152777777777779 918.6659648038958
0.2418611111111111 918.6659648038958
0.24189722222222224 918.6659648038958
0.24425833333333333 917.8937734622841
0.24438055555555555 917.8937734622841
0.244675 917.5067750891228
0.24475833333333333 917.5067750891228
0.24699166666666666 917.1200951341742
0.247075 917.1200951341742
0.24753333333333333 917.1200951341742
0.24988888888888888 915.9614580175735
0.25 915.9614580175735
0.2504472222222222 915.5749949295952
0.2525861111111111 915.5749949295952
0.25274166666666664 915.5749949295952
0.25282777777777776 915.5749949295952
0.2554777777777778 915.1884279041029
0.25555555555555554 915.1884279041029
0.2556555555555556 915.1884279041029
0.25611944444444446 914.4109599907345
0.25825 914.4109599907345
0.25838333333333335 914.4109599907345
0.25856111111111113 914.4109599907345
0.258675 914.0203618560893
0.2590138888888889 914.0203618560893
0.26116388888888886 913.2411082425986
0.2615166666666667 912.8519480273754
0.26184722222222223 912.8519480273754
0.2638916666666667 912.8519480273754
0.2639916666666667 912.4617497441948
0.26413888888888887 912.4617497441948
0.2644472222222222 912.4617497441948
0.26469444444444445 912.4617497441948
0.26671666666666666 912.4617497441948
0.2667305555555556 912.4617497441948
0.267 912.4617497441948
0.2672611111111111 912.4617497441948
0.26965833333333333 912.0661235567037
0.2752611111111111 910.5088190945289
0.27589444444444444 910.5088190945289
0.2779027777777778 910.5088190945289
0.2786111111111111 910.1207950164874
0.2795611111111111 909.7332220296486
0.28234166666666666 908.5799619440322
0.28328055555555554 908.1970008824026
0.28417777777777775 907.4328698071075
0.28605833333333336 906.2950616402604
0.28698055555555557 905.848046160126
0.2890972222222222 904.5149431885623
0.28925 904.5149431885623
0.2898722222222222 904.0708585877207
0.2907472222222222 903.6272816963414
0.2926416666666667 902.7438447294522
0.2935277777777778 902.7438447294522
0.29463055555555556 902.3027176034157
0.29536111111111113 901.4223890478612
0.29634444444444447 901.4223890478612
0.29756944444444444 900.9829656919123
0.29758055555555557 900.9829656919123
0.2982388888888889 900.1032744911491
0.3000055555555556 899.6651512064373
0.3004 899.6651512064373
0.3028194444444444 899.2276269850361
0.30320277777777777 899.2276269850361
0.3037916666666667 899.2276269850361
0.30469444444444443 899.2276269850361
0.30662777775 898.7887805683608
0.3066527777777778 898.7887805683608
0.3074861111111111 898.3490581522291
0.30948888888888887 897.910644122908
0.310575 897.910644122908
0.3111777777777778 897.910644122908
0.3115027777777778 897.910644122908
0.3133888888888889 897.0323967629948
0.31406944444444446 897.0323967629948
0.3149194444444444 897.0323967629948
0.31561944444444445 897.0323967629948
0.3178083333055556 896.5929351218823
0.31785833333333335 896.5929351218823
0.3183472222222222 896.5929351218823
0.3189666666666667 896.1514613713027
0.32069444444444445 896.1514613713027
0.32082222222222223 895.7098304773887
0.32179722222222223 894.82875497738
0.32354444444444447 894.82875497738
0.323725 894.3886711792866
0.32408611111111113 894.3886711792866
0.3243361110833333 893.5074555221194
0.32626944444444445 893.0686299302458
0.3265472222222222 892.6297978536948
0.32689444444444443 892.6297978536948
0.3271277777777778 892.1898468534501
0.32734166666666664 892.1898468534501
0.32926944441666667 891.7499181210435
0.3292833333333333 891.7499181210435
0.32966388888888887 891.3087321972097
0.33009166666666667 890.8676488011013
0.3321277777777778 889.9891373196785
0.33260833333333334 889.9891373196785
0.3329666666666667 889.5494996026962
0.33487222222222224 888.6736584135514
0.33576388888888886 888.6736584135514
0.33775555555555553 888.6736584135514
0.3381277777777778 888.2357577074391
0.3406138888888889 887.3641985133324
0.34134166666666665 887.3641985133324
0.34368611111111114 887.3641985133324
0.3441222222222222 887.3641985133324
0.34465 886.9276440214392
0.3465361111111111 886.4922144196742
0.34746944444444444 886.0572158528608
0.34939166666666666 885.1905922746532
0.3497416666666667 885.1905922746532
0.35175555555555554 884.3263673959062
0.35247222222222224 884.3263673959062
0.3530916666666667 884.3263673959062
0.35357222219444445 884.3263673959062
0.35463055555555556 883.4598954451458
0.3552666666666667 883.4598954451458
0.35644444444444445 883.4598954451458
0.35744444444444445 883.4598954451458
0.3586083333333333 883.0257742722013
0.35862222222222223 883.0257742722013
0.3592611111111111 881.7232433886134
0.3602444444444444 881.7232433886134
0.3614194444166667 881.7232433886134
0.3615083333333333 881.7232433886134
0.36212777777777777 881.7232433886134
0.36365555555555557 881.7232433886134
0.3642916666666667 881.7232433886134
0.36435 881.7232433886134
0.36646944444444446 880.8490712626711
0.36723055555555556 880.8490712626711
0.36978055555555556 879.9785425773371
0.37138333333333334 879.9785425773371
0.37214166666666665 879.4895188742286
0.37272222222222223 879.4895188742286
0.37414722222222224 879.0004243082909
0.37498333333333334 879.0004243082909
0.37555 878.5108948959335
0.3756027777777778 878.5108948959335
0.37700555555555554 878.5108948959335
0.37833055555555556 878.5108948959335
0.37895833333333334 878.0196400005033
0.37976944444444444 878.0196400005033
0.3812083333333333 878.0196400005033
0.3818388888611111 878.0196400005033
0.3833388888888889 878.0196400005033
0.38445833333333335 877.0348501905994
0.38540833333333335 877.0348501905994
0.3867833333333333 876.5431511356737
0.3889611111111111 875.5634427364423
0.39022222222222225 875.0748817931584
0.391775 875.0748817931584
0.39287222222222223 874.5865861518656
0.3930472222222222 874.5865861518656
0.3937555555555556 874.5865861518656
0.3959083333333333 874.5865861518656
0.39658333333333334 874.5865861518656
0.39738055555555557 874.5865861518656
0.3975444444444444 874.5865861518656
0.3987138888611111 873.6029636658468
0.39944166666666664 873.6029636658468
0.4001388888888889 873.6029636658468
0.40118055555555554 873.6029636658468
0.4014638888888889 873.6029636658468
0.402225 872.6157114563143
0.4030694444444444 872.6157114563143
0.4030972222222222 872.6157114563143
0.4039583333333333 872.1211295643141
0.4050416666666667 872.1211295643141
0.40586388886111113 872.1211295643141
0.4059138888888889 872.1211295643141
0.40676111111111113 872.1211295643141
0.40707777777777776 872.1211295643141
0.407825 872.1211295643141
0.40868333333333334 872.1211295643141
0.40870555555555554 872.1211295643141
0.40955277777777777 871.6196756318593
0.40981666666666666 871.6196756318593
0.4126611111111111 871.1187029815567
0.413475 871.1187029815567
0.4137277777777778 871.1187029815567
0.4142166666666667 871.1187029815567
0.41431111111111113 871.1187029815567
0.41628055552777776 870.6147029887844
0.41697222222222224 870.6147029887844
0.4191138888888889 869.608529306027
0.41981944444444447 869.608529306027
0.4198527777777778 869.608529306027
0.4227 869.608529306027
0.42538888888888887 869.1057790590662
0.4255888888611111 869.1057790590662
0.427525 868.6029153769833
0.4294527777777778 868.6029153769833
0.4306555555277778 868.6029153769833
0.43109722222222224 868.6029153769833
0.43224444444444443 867.5960081050675
0.43320277777777777 867.5960081050675
0.4334166666666667 867.5960081050675
0.43344444444444447 867.5960081050675
0.4351138888888889 867.5960081050675
0.4360222222222222 867.0901228599066
0.4361861111111111 867.0901228599066
0.43622222222222223 867.0901228599066
0.43785 866.582640882548
0.4388944444444444 866.582640882548
0.439 866.582640882548
0.4394722222222222 866.582640882548
0.4416861111111111 865.5653872944434
0.44180277777777777 865.5653872944434
0.44180277777777777 865.5653872944434
0.44348055555555554 865.5653872944434
0.44449444444444447 865.5653872944434
0.4446166666388889 865.5653872944434
0.4446166666388889 865.5653872944434
0.4473388888888889 865.0527487092701
0.4473638888888889 865.0527487092701
0.4473638888888889 865.0527487092701
0.44785555555555556 865.0527487092701
0.4490972222222222 865.0527487092701
0.45069166666666666 865.0527487092701
0.4535416666666667 865.0527487092701
0.4547 864.4936151768654
0.45568333333333333 864.4936151768654
0.45645277777777776 863.9342503714947
0.4576277777777778 863.9342503714947
0.4592888888888889 863.9342503714947
0.46136666666666665 863.9342503714947
0.4620888888888889 863.9342503714947
0.4658861111111111 862.8164043504995
0.4676444444444444 862.8164043504995
0.4677722222222222 862.8164043504995
0.46874444444444446 862.8164043504995
0.46974166666666667 862.8164043504995
0.47021666666666667 862.8164043504995
0.47050277777777777 862.8164043504995
0.47058333333333335 862.8164043504995
0.47305 862.8164043504995
0.4732388888888889 862.2520751673416
0.47613055555555556 861.6892205886969
0.4761416666388889 861.6892205886969
0.4780861111111111 861.6892205886969
0.4786916666666667 861.6892205886969
0.47894166666666665 861.6892205886969
0.48084166666666667 861.1238302070633
0.4809111111111111 861.1238302070633
0.4814555555555556 861.1238302070633
0.4817138888888889 860.5565350814323
0.4836138888888889 859.9902385554014
0.48384166666666667 859.9902385554014
0.4845138888888889 859.9902385554014
0.4845138888888889 859.9902385554014
0.48709166666666665 859.9902385554014
0.48736944444444447 859.9902385554014
0.4884277777777778 859.4201841862629
0.4894361111111111 859.4201841862629
0.48988055555555554 859.4201841862629
0.49016666666666664 859.4201841862629
0.4922111111111111 859.4201841862629
0.49298888888888887 859.4201841862629
0.4947361111111111 859.4201841862629
0.49764166666666665 859.4201841862629
0.5004638888888889 858.2755076736761
0.5013888888888889 858.2755076736761
0.5031027777777778 857.7039243412771
0.5035638888888889 857.7039243412771
0.5037638888888889 857.131513910922
0.5059638888888889 857.131513910922
0.5066638888888889 857.131513910922
0.5072888888888889 856.5583394725991
0.5088111111111111 856.5583394725991
0.5094138888888889 856.5583394725991
0.5094666666666666 856.5583394725991
0.5116972222222222 856.5583394725991
0.5122388888888889 856.5583394725991
0.5122527777777778 856.5583394725991
0.5145861111111111 856.338782218768
0.5146527777777777 856.338782218768
0.5150722222222223 856.338782218768
0.5151416666666667 856.338782218768
0.5178333333333334 855.5348200843054
0.5179194444444445 855.5348200843054
0.5202138888888889 854.8696326749354
0.5206861111111111 854.8696326749354
0.52085 854.8696326749354
0.5210944444444444 854.8696326749354
0.5229611111111111 853.1536508672701
0.5230166666666667 853.1536508672701
0.5236666666666666 853.1536508672701
0.5258944444444444 852.0073756814359
0.5263166666666667 852.0073756814359
0.5265027777777778 852.0073756814359
0.5291777777777777 851.5448917902308
0.5292222222222223 851.5448917902308
0.5293166666666667 851.5448917902308
0.5294361111111111 851.5448917902308
0.5320305555555556 849.6409340547403
0.5322083333333333 849.6409340547403
0.534075 848.6988086946739
0.5347722222222222 848.6988086946739
0.5347722222222222 848.6988086946739
0.5350444444444444 848.6988086946739
0.53795 847.0973142556114
0.5386 846.8599032389815
0.5404083333333334 846.3818854459154
0.5407666666666666 846.3818854459154
0.5431861111111111 845.6623404390801
0.5436111111111112 845.6623404390801
0.5446305555555555 845.4235523873162
0.5459638888888889 844.7041353081202
0.550275 843.2548251426757
0.550275 843.2548251426757
0.5515611111111111 842.7783924466863
0.5519666666666667 842.7783924466863
0.5530694444444444 842.2984885251316
0.5530694444444444 842.2984885251316
0.5543722222222223 841.8122936865097
0.5547472222222222 841.8122936865097
0.5566972222222222 841.3225176670002
0.5571555555555555 841.3225176670002
0.5586277777777777 841.3225176670002
0.5586277777777777 841.3225176670002
0.559475 840.8304684363694
0.5599666666666666 840.8304684363694
0.5621166666666667 840.3331996935717
0.5627333333333333 840.3331996935717
0.5643 840.0856328190074
0.5648555555555556 839.5914949465076
0.5671361111111111 839.0929589143846
0.5679166666666666 838.3497883463783
0.5700166666666666 838.1003842448112
0.5704722222222223 837.6050293288813
0.5706555555555556 837.6050293288813
0.5728361111111111 837.3533753089635
0.5733916666666666 836.6031689411565
0.5740027777777778 836.6031689411565
0.5757222222222222 836.3500333260532
0.5762638888888889 836.0980227733859
0.5764361111111111 836.0980227733859
0.5791 834.8139578113713
0.5792777777777778 834.8139578113713
0.5795916666666666 834.8139578113713
0.5819611111111112 833.777296583032
0.5851861111111111 832.7431716220747
0.5863361111111111 832.7431716220747
0.5868888888888889 832.4886733819864
0.5880444444444445 832.2325411215999
0.5896611111111111 831.9761749700552
0.5903888888888889 831.7206436758031
0.5924361111111112 831.7206436758031
0.5935583333333333 830.9558335745469
0.5946111111111111 830.9558335745469
0.596325 830.1866021250775
0.5987583333333333 829.673842452512
0.5990888888611111 829.673842452512
0.6008222222222223 829.673842452512
0.6015527777777778 829.673842452512
0.6037555555555556 829.673842452512
0.60445 829.4222924841963
0.6046694444444445 829.4222924841963
0.6057222222222223 829.4222924841963
0.6065805555555556 829.4222924841963
0.6075583333333333 829.4222924841963
0.6085361111111112 829.4222924841963
0.6086694444444445 829.4222924841963
0.6093527777777777 829.165692723822
0.6104666666666667 828.907752759943
0.6107888888888889 828.907752759943
0.6113777777777778 828.907752759943
0.61155 828.907752759943
0.6132666666666666 828.1182266738366
0.6144444444444445 828.1182266738366
0.6171472222222222 827.064367155052
0.6216305555555556 825.2373387814358
0.6227527777777778 825.2373387814358
0.622825 825.2373387814358
0.6244277777777778 824.1986935129553
0.6257 824.1986935129553
0.6272305555555555 823.1570331772177
0.6272888888611111 823.1570331772177
0.6300777777777777 822.1006678937596
0.6309833333333333 822.1006678937596
0.6312527777777778 822.1006678937596
0.6328694444444445 821.5727351182153
0.6338388888888888 821.5727351182153
0.6355194444444444 820.7795790539507
0.63575 820.7795790539507
0.6366305555555556 820.7795790539507
0.6367583333333333 820.7795790539507
0.63805 819.4316555719856
0.6385 819.4316555719856
0.6394916666666667 819.4316555719856
0.6396583333333333 819.4316555719856
0.6408388888888888 818.8826432804684
0.6411555555555556 818.8826432804684
0.6423861111111111 818.8826432804684
0.64245 818.8826432804684
0.6451527777777778 817.7652656698278
0.6452916666666667 817.7652656698278
0.6467833333333334 816.9250163558575
0.6479916666666666 816.9250163558575
0.6487777777777778 816.6450231986197
0.6495416666666667 815.7990137846934
0.65435 814.6579082029588
0.6551138888888889 814.0997148406368
0.657975 812.9718033109563
0.6591555555555556 812.9718033109563
0.6608166666666667 812.1313080460864
0.6619694444444445 812.1313080460864
0.6636916666666667 811.2891629727244
0.6636916666666667 811.2891629727244
0.6647888888611111 811.2891629727244
0.6654583333333334 811.2891629727244
0.6664888888888889 811.0057730155628
0.6664888888888889 811.0057730155628
0.6679833333055556 811.0057730155628
0.6682583333333333 810.7205737417821
0.6704361111111111 809.8552561799368
0.6708638888888889 809.5677941446218
0.6736305555555555 808.696632130517
0.6748333333333333 807.8297436220007
0.6760055555555555 807.8297436220007
0.6765611111111111 807.8297436220007
0.6788194444444444 806.9549137627251
0.6794388888888889 806.9549137627251
0.6816583333055556 805.7844002887582
0.6820527777777777 805.7844002887582
0.6839638888888889 804.6055921704607
0.6845222222222223 804.6055921704607
0.6850583333333333 804.6055921704607
0.6868166666666666 803.7124077815616
0.6872194444166667 803.7124077815616
0.6873722222222223 803.7124077815616
0.6878444444166667 803.7124077815616
0.6901916666666666 802.4983413055238
0.6906833333333333 802.4983413055238
0.6924388888888889 801.5839233328378
0.6952749999722222 800.3586103808678
0.6956694444444445 800.3586103808678
0.6963611111111111 800.3586103808678
0.69905 800.0520452477738
0.6996861111111111 799.1380592938635
0.6998277777777778 799.1380592938635
0.7005722222222223 799.1380592938635
0.7008027777777778 799.1380592938635
0.7018861111111111 799.1380592938635
0.7048416666666667 797.8702022563202
0.7048555555555556 797.8702022563202
0.7075527777777778 796.3052299499562
0.7076944444444444 795.993122475343
0.7133722222222222 794.4085105062294
0.7149111111111112 794.4085105062294
0.715025 794.4085105062294
0.718275 794.4085105062294
0.7205361111111112 793.7968358599169
0.7207555555277778 793.7968358599169
0.7236166666666667 792.8752083366634
0.7262194444444444 791.6491065164356
0.7263805555277778 791.6491065164356
0.7266861111111111 791.6491065164356
0.7290722222222222 790.4078017602636
0.7291694444444444 790.4078017602636
0.7319027777777778 789.7832592938291
0.7320638888888888 789.7832592938291
0.7322666666666666 789.7832592938291
0.7327416666666666 789.7832592938291
0.7333333333333333 789.1526538337425
0.7347972222222222 788.5161829657476
0.7351111111111112 788.5161829657476
0.7355861111111112 788.5161829657476
0.7376222222222222 787.8722110315616
0.7377333333333334 787.8722110315616
0.7384555555555555 787.8722110315616
0.7404722222222222 786.2423235913666
0.7433083333333333 784.9282721588997
0.7434805555555556 784.9282721588997
0.7445027777777777 784.2691766019864
0.7464222222222222 783.6058144437145
0.74930277775 782.6086228248839
0.7494777777777778 782.6086228248839
0.7498361111111111 782.6086228248839
0.7501444444444444 781.9399926126669
0.7548833333333334 780.5831515475312
0.7557138888888889 779.5784553688884
0.7559305555555556 779.5784553688884
0.7586111111111111 778.2143308829415
0.7605194444444444 777.5327721823373
0.760575 777.5327721823373
0.7613944444444445 777.1901013183686
0.7639388888888888 776.1537830320672
0.7695333333333333 773.3654655601516
0.7728555555555555 773.0217284282413
0.7744638888888888 773.0217284282413
0.7746111111111111 773.0217284282413
0.7750277777777778 773.0217284282413
0.7785416666666667 771.9925664221082
0.7794416666388889 771.6526056995637
0.7801111111111111 771.3111726551856
0.781325 771.3111726551856
0.782275 771.3111726551856
0.7828888888888889 770.9679713875034
0.7838777777777778 770.6226556005261
0.7841638888611111 770.6226556005261
0.7851583333333333 770.2744021741532
0.7853222222222223 770.2744021741532
0.785725 770.2744021741532
0.7869416666388889 768.7700595489043
0.7880555555555555 768.4150058837181
0.7882444444444444 768.4150058837181
0.7884944444444445 768.4150058837181
0.7895361111111111 767.6944049746634
0.7898805555555556 767.3322374207745
0.7919861111111111 766.9672862109296
0.7922777777777777 766.9672862109296
0.7939 766.2350427365191
0.794775 765.868294388433
0.7951611111111111 765.868294388433
0.79665 765.1273758589697
0.7978111111111111 764.3832285808611
0.7979833333055556 764.3832285808611
0.7996111111111112 764.0075634063627
0.8009111111111111 763.2548709819771
0.8047305555555555 761.7356255317926
0.80685 760.9802072633075
0.8075361111111111 760.6028602896926
0.8117027777777778 759.0765854608742
0.8129694444444444 759.0765854608742
0.8169861111111111 757.5579499061041
0.8185944444444444 756.4241185741785
0.8208138888888888 755.663732350941
0.8213694444444445 755.2840305316417
0.8215305555555555 755.2840305316417
0.8236638888888889 754.5142919544987
0.8241972222222222 753.7436465717999
0.8243194444444445 753.7436465717999
0.8253 753.3529705311681
0.8264861111111111 752.9606904085897
0.827 752.1723354013311
0.8281611111111111 751.3756345444648
0.8292944444444444 750.5734116784575
0.8298638888888888 750.1702150399565
0.8303388888611111 749.7644163261161
0.8310444444444445 749.7644163261161
0.83265 748.944086026323
0.8331222221944444 748.5328395370191
0.8342722222222222 748.5328395370191
0.8379555555555556 747.2864545149149
0.8386333333333333 746.8737672599691
0.8391972222222223 746.8737672599691
0.8443361111111111 745.199248869718
0.8453222222222222 744.78581011067
0.8471277777777778 744.3706159789932
0.8478722222222222 743.9555053949574
0.8493388888888889 743.9555053949574
0.8501916666666667 743.1209057812142
0.850675 743.1209057812142
0.8535944444444444 741.4249192097675
0.8544416666388889 741.4249192097675
0.8584222222222222 739.7170296256728
0.8587944444444444 738.8661193576957
0.8591777777777778 738.8661193576957
0.8592416666666667 738.8661193576957
0.8643833333333333 735.3498843032316
0.8647916666666666 735.3498843032316
0.8672472222222222 734.468676807874
0.8676722222222222 734.468676807874
0.8718666666388889 732.1774744547548
0.8730388888888889 731.2956220999664
0.8755222222222222 730.4069753652805
0.8784722222222222 728.6204682049611
0.8836888888888889 726.3666691648976
0.884175 726.3666691648976
0.8860166666666667 725.468204947064
0.8868611111111111 725.0178806067731
0.8885277777777778 725.0178806067731
0.8897333333333334 724.5664972763196
0.8922444444444444 723.6585635482129
0.8983027777777778 720.4420502540229
0.8985916666666667 720.4420502540229
0.9015194444166666 718.1328393076857
0.9021305555555555 718.1328393076857
0.9032416666666667 716.7324567714952
0.9090249999722222 712.4182477954545
0.9111916666666666 711.4577854838817
0.9159055555555555 709.0308949484341
0.9177083333333333 708.0616086661406
0.9179527777777777 708.0616086661406
0.9251166666666667 706.0947731901382
0.9269944444444445 705.1262306720191
0.9312972222222222 703.169124695121
0.9318111111111111 703.169124695121
0.9358138888888888 700.7013482615749
0.9364722222222223 699.2128845392969
0.9402777777777778 697.1903064862237
0.9406444444444444 697.1903064862237
0.9469638888888889 693.5879883503502
0.95445 688.269034176472
0.9559861111111111 687.2303878758316
0.9628805555555555 684.5924687030301
0.9649055555555556 684.5924687030301
0.9731611111111111 679.8183174644571
0.9745694444444445 679.2912466904863
0.9798111111111111 676.61727855556
0.9815166666666667 675.0086294790518
0.9831472222222222 674.468037630304
0.9880472222222222 671.1698659960786
0.9992138888888888 666.6761726047083
1.0003277777777777 666.6761726047083
1.0016 665.5708124304142
1.0036472222222221 664.453563373237
1.007036111111111 662.7605048295757
1.0152527777777778 656.3573839135419
1.022525 652.7724788944837
1.0303305555555555 646.7972051574354
1.0314972222222223 646.7972051574354
1.0359527777777777 641.1727311459554
1.1192861111111112 587.0044399849957
1.2026194444444445 524.0848773503816
1.2859527777777777 461.8029730442123
1.3692861111111112 364.88717558022404
1.4526194444444445 259.08197118288564
1.5359527777777777 49.518715269250556
1.6192861111111112 29.22112870519483
1.7026194444444445 26.973349574025995
1.7859527777777777 13.867301946820238
1.8692861111111112 5.39738768117464
1.9526194444444445 1.5412829425146415
2.0359527777777777 0.1539830276485081
2.119286111111111 4.235180024760227
2.2026194444444442 13.697060165303766
2.2859527777777777 29.630582397399507
2.369286111111111 50.158837688634485
2.4526194444444442 75.82712750135532
2.5359527777777777 127.36819687198688
2.619286111111111 384.8754657374031
2.7026194444444442 453.55684555107075
2.7859527777777777 498.3590364298441
2.869286111111111 522.8067182799609
2.9526194444444442 545.4474614657178
3.0342527777777777 563.3166662910554
3.035063888888889 563.3166662910554
3.0403166666666666 565.2186928236832
3.043083333333333 565.8935449063615
3.045925 566.062212975637
3.0469305555555555 566.062212975637
3.0524055555555556 566.2353780551816
3.0525777777777776 566.2353780551816
3.055047222222222 566.7474945237609
3.057863888888889 567.258193385584
3.05825 567.4249285685423
3.0606194444444443 567.5921360860847
3.0610583333333334 567.756763285566
3.0634555555555556 568.0862896495473
3.0638833333333335 568.2480907515314
3.0662944444444444 568.4104523192239
3.0677305555555554 568.4104523192239
3.0705666666666667 568.5738401365844
3.0722222222222224 568.7366018780436
3.0726472222222223 568.7366018780436
3.0732944444444446 568.8953515316621
3.074952777777778 569.0534989729362
3.0754972222222223 569.0534989729362
3.076099999972222 569.0534989729362
3.077777777777778 569.2079423276447
3.0789 569.3609608779303
3.080636111111111 569.3609608779303
3.08345 569.6692723827991
3.086263888888889 570.2851826915744
3.086863888861111 570.4358889892305
3.087349999972222 570.5842196232106
3.088725 570.7315678613691
3.089147222222222 570.7315678613691
3.09025 571.0192401794843
3.0919694444444445 571.3047614427946
3.094291666666667 571.5900173091823
3.094752777777778 571.7299758246086
3.0958527777777776 571.868578109356
3.0975166666666665 572.1441981024344
3.0997305555555554 572.2820644706475
3.1003444444444446 572.4178500315935
3.100947222222222 572.4178500315935
3.1019194444444445 572.4178500315935
3.1025416666666668 572.4178500315935
3.1047444444444445 572.4334844946338
3.106525 572.4801867933519
3.107572222222222 572.4801867933519
3.1087333333333333 572.5078159583113
3.109436111111111 572.5202383369522
3.112222222222222 572.5475989386462
3.1141888888888887 572.5614935334053
3.115108333333333 572.5614935334053
3.118238888888889 572.5760850249358
3.1198361111111113 573.7125553211907
3.1200583333055554 573.7125553211907
3.1226805555555557 573.7458320703082
3.1228166666666666 573.7458320703082
3.1234916666666668 573.7534806417032
3.12365 573.7534806417032
3.1240027777777777 573.7534806417032
3.1255333333333333 573.7607272396654
3.1257055555555557 573.7607272396654
3.1262833333333333 573.7607272396654
3.126872222222222 573.7582051369455
3.1286222222222224 573.755717574407
3.129688888861111 573.755717574407
3.13185 573.7526003347854
3.1322305555555556 573.7526003347854
3.134425 573.741918065015
3.1374416666666667 573.7408452145548
3.1386055555555554 573.739058700253
3.1461722222222224 573.7607562031409
3.147538888888889 573.7607562031409
3.147552777777778 573.7607562031409
3.1483583333333334 573.7607562031409
3.1494472222222223 573.7615625381791
3.151175 573.7615625381791
3.152338888888889 573.7616310809831
3.1532027777777776 573.7616310809831
3.1540222222222223 573.7616310809831
3.1544666666666665 573.7578524263305
3.155225 573.7578524263305
3.1567833333333333 573.7526289701686
3.158122222222222 573.7526289701686
3.1596055555555553 573.7526289701686
3.160022222222222 573.7372741363423
3.1609861111111113 573.7372741363423
3.162413888888889 573.7372741363423
3.162913888888889 573.7372741363423
3.1651861111111113 573.7273513500386
3.165233333333333 573.7273513500386
3.1657888888888888 573.7004614393603
3.1661361111111113 573.7004614393603
3.1686055555555557 573.6720489721363
3.1689861111111113 573.6720489721363
3.1708305555555554 573.6406771594502
3.1718083333333333 573.6406771594502
3.1736555555555555 573.5915001097205
3.173738888861111 573.5915001097205
3.1745361111111112 573.5915001097205
3.1746833333333333 573.5915001097205
3.176372222222222 573.5270665737495
3.1792194444444446 573.4871148515525
3.1802 573.4871148515525
3.1803583333333334 573.4871148515525
3.1815083333333334 573.463592853609
3.1820583333333334 573.463592853609
3.1821444444444444 573.463592853609
3.182913888888889 573.463592853609
3.184911111111111 573.4356799647907
3.1867888888888887 573.3162905471905
3.1871583333333335 573.3162905471905
3.1877055555555556 573.3162905471905
3.1885694444444446 573.3162905471905
3.1905305555555556 573.1932667316978
3.1913027777777776 573.1932667316978
3.1941027777777777 572.8260341702806
3.195152777777778 572.5817695188849
3.196913888888889 572.5817695188849
3.1997472222222223 572.3407401619376
3.1997916666666666 572.3407401619376
3.202363888888889 572.3407401619376
3.202583333333333 572.3407401619376
3.2028166666666666 573.2115469416565
3.2051777777777777 573.2115469416565
3.205363888888889 573.2115469416565
3.205363888888889 573.2115469416565
3.205711111111111 573.2115469416565
3.2079472222222223 572.9495305561626
3.208177777777778 572.8175378256889
3.208177777777778 572.8175378256889
3.2084888888888887 572.6824249714733
3.210761111111111 572.5481102571226
3.2111111111111112 572.5481102571226
3.2111111111111112 572.5481102571226
3.211413888888889 572.409055451913
3.2120444444444445 572.269187421531
3.2135194444444446 572.1293356887529
3.2139944444166666 572.1293356887529
3.21425 571.8448248551423
3.2164527777777776 571.8448248551423
3.2176222222222224 571.8448248551423
3.218208333333333 571.8448248551423
3.2185 571.8448248551423
3.2192527777777777 571.8448248551423
3.2196444444444445 571.8448248551423
3.221275 571.5486944604867
3.223186111111111 571.4013578675067
3.224197222222222 571.2535940958386
3.2260333333333335 570.8130743620382
3.226577777777778 570.8130743620382
3.2276305555555553 570.8130743620382
3.227988888888889 570.8130743620382
3.2294111110833335 570.513010025991
3.2304444444444442 570.3628543182745
3.231636111111111 570.2124456030441
3.2345277777777777 570.0634086295888
3.235799999972222 569.7655220502114
3.237261111111111 569.6168499273792
3.2373083333333335 569.6168499273792
3.2386416666666666 569.6168499273792
3.238775 569.6168499273792
3.2414555555555555 569.4649201852601
3.241625 569.4649201852601
3.241677777777778 569.4649201852601
3.2443194444444443 569.3104104333278
3.2444444444444445 569.3104104333278
3.244480555527778 569.3104104333278
3.2471444444444444 569.1532789077131
3.2472583333055556 569.1532789077131
3.2472583333055556 569.1532789077131
3.2472944444444445 569.1532789077131
3.24775 568.9894705428322
3.250011111111111 568.8264287350137
3.250025 568.8264287350137
3.250566666666667 568.8264287350137
3.252825 568.4956758476548
3.2529194444444443 568.4956758476548
3.2579416666666665 568.1690800377323
3.261111111111111 568.0076865920001
3.26357777775 567.8472357953477
3.2639833333333335 567.8472357953477
3.2642944444166666 567.8472357953477
3.266436111111111 567.5216707296046
3.266436111111111 567.5216707296046
3.266841666638889 567.356225329302
3.2693055555555555 567.356225329302
3.2693055555555555 567.356225329302
3.2699333333333334 567.356225329302
3.2721888888611113 566.6417439622624
3.2725222222222223 566.4037521770764
3.2727805555555554 566.4037521770764
3.2735222222222222 566.1638000188221
3.274988888861111 566.1638000188221
3.275341666666667 566.1638000188221
3.2763472222222223 565.6800766645541
3.277761111111111 565.6800766645541
3.2777861111111113 565.6800766645541
3.2791361111111113 565.4362730869665
3.280675 565.4362730869665
3.281 565.4362730869665
3.281997222222222 565.4362730869665
3.2825527777777777 565.4362730869665
3.283186111111111 565.4362730869665
3.283825 565.4362730869665
3.284902777777778 565.4362730869665
3.2852972222222223 565.4362730869665
3.286572222222222 566.0738184322862
3.288133333333333 566.0738184322862
3.288841666666667 566.0738184322862
3.2894194444444445 566.0738184322862
3.292291666666667 565.8159213611443
3.2946833333333334 565.5589508301903
3.2947944444444444 565.3011578005141
3.2951361111111113 565.3011578005141
3.2955472222222224 565.3011578005141
3.2983416666666665 565.0415257958228
3.3002777777777776 564.5243135308792
3.3003555555555555 564.5243135308792
3.301188888888889 564.5243135308792
3.3030833333333334 564.0040934286453
3.3035666666666668 564.0040934286453
3.303977777777778 564.0040934286453
3.3045305555555555 564.0040934286453
3.306877777777778 563.740943190656
3.3086305555555557 563.740943190656
3.3106055555555556 563.2157311800606
3.3112305555555555 563.2157311800606
3.3134194444444445 562.691125214514
3.313477777777778 562.691125214514
3.313836111111111 562.691125214514
3.3140805555555555 562.691125214514
3.316927777777778 562.691125214514
3.31915 562.4253680758902
3.319613888888889 562.4253680758902
3.3217777777777777 561.8932378912084
3.3219527777777778 561.8932378912084
3.322433333333333 561.8932378912084
3.3246777777777776 561.8932378912084
3.3252888888888887 561.6238557983861
3.325352777777778 561.6238557983861
3.3275888888888887 561.6238557983861
3.3281416666666668 561.3520264814132
3.3309361111111113 561.3520264814132
3.331838888888889 561.3520264814132
3.3337583333333334 561.3520264814132
3.335663888888889 561.0793598140391
3.3383083333333334 561.0793598140391
3.3384805555555555 561.0793598140391
3.3420472222222224 560.5352485767811
3.3437305555555557 560.2639935487443
3.3441444444444444 560.2639935487443
3.3467555555555557 559.9922132243803
3.349563888888889 559.7215960643115
3.3497555555555554 559.7215960643115
3.35105 559.7215960643115
3.3539305555555554 559.7215960643115
3.355063888888889 559.7215960643115
3.355166666666667 559.7215960643115
3.357902777777778 559.3900401954953
3.3580972222222223 559.3900401954953
3.3582 559.3900401954953
3.3609944444444446 559.056401311078
3.3636416666666666 558.7238291991189
3.363766666666667 558.7238291991189
3.3660361111111112 558.3904415388611
3.369552777777778 557.889193226428
3.3698 557.889193226428
3.3721277777777776 557.889193226428
3.372602777777778 557.889193226428
3.374313888888889 557.5554449727739
3.375138888888889 557.5554449727739
3.375438888888889 557.5554449727739
3.3771305555555555 557.5554449727739
3.3779444444444446 557.2181666196889
3.3799111111111113 556.8815077310171
3.3806777777777777 556.8815077310171
3.3808055555555554 556.8815077310171
3.381108333333333 556.8815077310171
3.3828694444444443 556.8815077310171
3.383583333333333 556.8815077310171
3.3838694444444446 556.8815077310171
3.386397222222222 556.8815077310171
3.3885277777777776 556.5374038376383
3.39125 556.1943789244667
3.3935 556.1943789244667
3.3940277777777776 556.1943789244667
3.396316666666667 555.5075111307365
3.3967444444444443 555.5075111307365
3.3969055555555556 555.5075111307365
3.3981916666666665 555.5075111307365
3.399163888888889 555.5075111307365
3.399625 555.5075111307365
3.4017444444444442 555.5075111307365
3.401938888888889 555.5075111307365
3.4047555555555555 554.8075033116479
3.404822222222222 554.8075033116479
3.405413888888889 554.8075033116479
3.405413888888889 554.8075033116479
3.407383333333333 554.4538053776782
3.407672222222222 554.4538053776782
3.4076833333333334 554.4538053776782
3.4103166666666667 554.0977640249681
3.413136111111111 553.7428274537077
3.413247222222222 553.7428274537077
3.415875 553.7428274537077
3.415963888888889 553.7428274537077
3.4160555555555554 553.7428274537077
3.4171 553.7428274537077
3.418927777777778 553.7428274537077
3.419313888888889 553.7428274537077
3.4220722221944446 553.3802420197459
3.422686111111111 553.3802420197459
3.424088888888889 553.3802420197459
3.4249027777777776 553.0151987308934
3.427663888888889 553.0151987308934
3.430241666666667 553.0151987308934
3.430441666666667 553.0151987308934
3.431763888888889 553.0151987308934
3.435786111111111 552.2837430316719
3.4401027777777777 551.8750666937078
3.4402222222222223 551.8750666937078
3.4415861110833332 551.8750666937078
3.4430472222222224 551.8750666937078
3.4444444444444446 551.8750666937078
3.444958333333333 551.8750666937078
3.4457444444444443 551.8750666937078
3.4470638888888887 551.0455398375434
3.4472694444444443 551.0455398375434
3.447791666666667 551.0455398375434
3.447791666666667 551.0455398375434
3.4486416666666666 551.0455398375434
3.4505583333333334 551.0455398375434
3.4527027777777777 551.401864054383
3.4534861111111113 551.401864054383
3.453838888888889 551.401864054383
3.4555555555555557 550.9770763699792
3.4566305555555554 550.9770763699792
3.4594194444444444 550.9770763699792
3.46185 550.5517252288015
3.4622944444444443 550.1263021460165
3.4626972221944445 550.1263021460165
3.463875 550.1263021460165
3.4654861111111113 550.1263021460165
3.467433333333333 549.2711714110629
3.468275 549.2711714110629
3.471058333333333 549.2711714110629
3.474961111111111 548.844271675157
3.4763916666666668 548.844271675157
3.477822222222222 548.844271675157
3.479161111111111 548.844271675157
3.4794972222222222 548.844271675157
3.4805722222222224 548.844271675157
3.48195 548.844271675157
3.4820527777777777 548.844271675157
3.483338888888889 548.844271675157
3.4839861111111112 548.844271675157
3.4846805555555553 548.844271675157
3.4856555555555557 548.844271675157
3.486813888888889 548.844271675157
3.4875444444444446 548.844271675157
3.4884805555555554 548.844271675157
3.488975 548.844271675157
3.4893833333333335 548.3984200346401
3.4897388888888887 548.3984200346401
3.490311111111111 548.3984200346401
3.491277777777778 547.9497588493939
3.491788888888889 547.9497588493939
3.4924583333333334 547.9497588493939
3.4940777777777776 547.9497588493939
3.496913888888889 547.4982925653487
3.4997444444444445 547.0478689150593
3.5021472222222223 546.5982825742893
3.5032055555555557 546.5982825742893
3.504961111111111 546.5982825742893
3.5050166666666667 546.5982825742893
3.5087944444444443 546.5982825742893
3.5115055555555554 546.5982825742893
3.513427777777778 546.5982825742893
3.51435 546.5982825742893
3.5147694444444446 546.5982825742893
3.5162055555555556 546.5982825742893
3.517138888888889 546.5982825742893
3.5187805555555554 546.5982825742893
3.519875 546.1025471122314
3.521672222222222 546.1025471122314
3.5217638888888887 546.1025471122314
3.522777777777778 546.1025471122314
3.5245055555555553 546.1025471122314
3.525427777777778 546.1025471122314
3.5258777777777777 546.1025471122314
3.5273499999722224 546.1025471122314
3.5282194444444444 546.1025471122314
3.530111111111111 546.1025471122314
3.5312 546.1025471122314
3.532947222222222 546.1025471122314
3.5339111111111112 546.1025471122314
3.5341944444444446 546.1025471122314
3.535775 546.5780358147061
3.538663888888889 546.5780358147061
3.5395666666666665 546.5780358147061
3.5408833333333334 546.7571009992563
3.5413 546.7571009992563
3.542472222222222 546.7571009992563
3.542483333333333 546.7571009992563
3.545252777777778 546.9319622828095
3.548061111111111 547.2841416807117
3.5526444444444443 547.6394267583802
3.5533305555555557 547.6394267583802
3.5536944444444445 547.6394267583802
3.5552194444444445 547.8170109237838
3.5555333333333334 547.8170109237838
3.556436111111111 547.8170109237838
3.5579916666666667 547.9920422152693
3.55895 548.1670981527649
3.560891666638889 548.3417208065944
3.561111111111111 548.516668488052
3.5618305555555554 548.516668488052
3.5636194444444445 548.6894254863256
3.5646805555555554 548.8623911646616
3.568436111111111 549.208187465852
3.571213888888889 549.3831103597993
3.573227777777778 549.7355095898208
3.5744666666666665 549.9124017189193
3.576216666638889 550.4442609252123
3.5787694444444442 550.6223445083283
3.581227777777778 550.9807760784821
3.5817111111111113 550.9807760784821
3.583552777777778 551.159683146963
3.5845722221944443 551.159683146963
3.585625 551.159683146963
3.585925 551.159683146963
3.58637777775 551.3354846464551
3.5872777777777776 551.5104868403982
3.588427777777778 551.6850376350372
3.5892833333333334 552.0342201492188
3.5901722222222223 552.0342201492188
3.591225 552.2075703770641
3.5916083333333333 552.2075703770641
3.5920694444444443 552.3791396323719
3.594186111111111 552.3791396323719
3.5944444444444446 552.5498308474463
3.5957944444444445 552.7195575205994
3.5969944444444444 552.8891849087331
3.597277777777778 552.8891849087331
3.59765 553.0570666975493
3.599861111111111 553.2240666321043
3.6030333333333333 553.2437661377685
3.6055277777777777 553.4130433455678
3.605563888888889 553.4130433455678
3.60595 553.4130433455678
3.6083194444444446 553.7474779354357
3.608625 553.7474779354357
3.608913888888889 553.9142013304145
3.611111111111111 554.0799780862428
3.6118 554.0799780862428
3.6137 554.2451448638702
3.6178194444444443 554.5767664101347
3.6194027777777777 554.7450191231537
3.6206277777777776 554.935446824603
3.621311111111111 554.935446824603
3.6222166666666666 554.935446824603
3.623463888888889 555.1211061347707
3.624216666666667 555.3999076084714
3.6250694444444442 555.3999076084714
3.626588888888889 555.6747694560362
3.626786111111111 555.6747694560362
3.627136111111111 555.7648493509387
3.627788888888889 555.7648493509387
3.6297194444444445 555.9401839438935
3.6310611111111113 555.9401839438935
3.632597222222222 556.115457899057
3.6334805555555554 556.115457899057
3.633802777777778 556.115457899057
3.6340944444444445 556.115457899057
3.6362722222222224 556.1988000501918
3.6381666666666668 556.282657724512
3.6390805555555557 556.3667530759845
3.639686111111111 556.3667530759845
3.643797222222222 556.3667530759845
3.6443527777777778 556.3667530759845
3.6490722222222223 556.6996468929208
3.6514 556.8733818869835
3.654186111111111 557.1374640312405
3.656547222222222 557.3167711706359
3.6596555555555557 557.5894061345643
3.6598305555555557 557.5894061345643
3.6649055555555554 557.9550968941968
3.6652722222222223 558.1461849215851
3.665461111111111 558.1461849215851
3.666516666638889 558.3319808761379
3.6666527777777778 558.3319808761379
3.6693972222222224 558.5137088460255
3.6694305555555555 558.5137088460255
3.672222222222222 558.6945285272163
3.6722722222222224 558.6945285272163
3.6722722222222224 558.6945285272163
3.6750055555555554 559.048091131958
3.675136111111111 559.048091131958
3.675483333333333 559.048091131958
3.6784 559.1346584669726
3.6785277777777776 559.1346584669726
3.6814194444444444 559.3937825057436
3.683447222222222 559.747862021172
3.686225 558.9778916836754
3.689122222222222 559.3352305236132
3.6917916666666666 559.5179556981059
3.6919194444444443 559.5179556981059
3.6919333333055557 559.5179556981059
3.6945916666666667 559.6067524892094
3.6947111110833335 559.6067524892094
3.697497222222222 559.783122313261
3.699336111111111 559.783122313261
3.705730555527778 560.1279773173434
3.7061333333333333 560.1279773173434
3.7081166666666667 560.128896929025
3.7083583333333334 560.1312313355069
3.708666666666667 560.1305001253523
3.711136111111111 560.1227887575646
3.711525 560.1210528782605
3.7133833333333333 560.1175753417021
3.714011111111111 560.1107730609822
3.7141027777777778 560.1107730609822
3.7196555555555557 560.0613376499545
3.720363888888889 560.0613376499545
3.722438888888889 560.0575853271177
3.7231972222222223 560.0541892735785
3.72525 560.0494894436329
3.725736111111111 560.0494894436329
3.725991666666667 560.0494894436329
3.728763888888889 560.0175830957435
3.7294111110833335 560.0175830957435
3.7298916666666666 560.0093590646479
3.731236111111111 559.9994532251646
3.7341166666666665 559.9889606215577
3.7350083333333335 559.9798396697961
3.7356166666666666 559.9798396697961
3.7369111110833333 559.9680727604112
3.73982777775 559.9180553668581
3.7427972222222223 559.8844246401991
3.7455194444444446 559.8550125919701
3.747411111111111 559.8201351990849
3.749075 559.8114725781337
3.751011111111111 559.78482145947
3.7516694444444445 559.78482145947
3.755413888888889 559.7643600263905
3.7560694444444445 559.7643600263905
3.7581944444444444 559.7551794673533
3.7626305555555555 559.746416650974
3.7643833333333334 559.7303402603062
3.7646916666666668 559.7303402603062
3.7665361111111113 559.7155839335318
3.7700194444444444 558.5630833449734
3.7702194444444443 558.5630833449734
3.772011111111111 558.5630833449734
3.7723472222222223 558.5532352018229
3.7730555555555556 558.529605663232
3.7758166666666666 558.4895032810223
3.776025 558.4895032810223
3.7785944444444444 558.4465353248511
3.7918416666388888 557.7678715831157
3.7926055555277776 557.6460178576627
3.794766666666667 557.5221649503632
3.7973055555555555 557.1494722141719
3.799463888888889 557.0254613947202
3.8002527777777777 557.0254613947202
3.802191666666667 556.6480928852307
3.802288888888889 556.6480928852307
3.8053777777777777 556.1280036307357
3.809888888888889 555.8687632790909
3.8103416666666665 555.8687632790909
3.8121805555555555 555.6123567842446
3.8128 555.6123567842446
3.8184 554.9530213393541
3.82165 554.6975259156236
3.82165 554.6975259156236
3.824811111111111 554.1782170008202
3.8281388888888888 553.7890919224891
3.834725 553.2717873759626
3.8406166666666666 552.9011321706905
3.8416472222222224 552.9011321706905
3.8434055555555555 552.7821628144374
3.8455833333333334 552.5425890723575
3.8479 552.4226653504428
3.855713888888889 550.2964377231502
3.8591944444444444 549.9440815006667
3.8613333333333335 549.8282965892994
3.8653833333333334 549.5962887921565
3.8672722222222222 549.4832123036655
3.8675277777777777 549.4832123036655
3.867838888888889 549.4832123036655
3.8734416666666664 548.4015992969612
3.8771694444444442 547.3277119581501
3.8791 547.0597193706756
3.888461111111111 544.8655213487621
3.8911944444444444 544.5996564671733
3.8952305555555555 543.7996074620673
3.8960222222222223 543.7996074620673
3.9032694444444442 541.6225442445677
3.904036111111111 541.6225442445677
3.9055555555555554 540.533663788807
3.907836111111111 539.698953594831
3.913111111111111 539.4186918118414
3.921727777777778 537.1739990652317
3.924813888888889 536.3463131499883
3.9343166666666667 534.9463590582038
3.9346305555555556 534.9463590582038
3.938511111111111 532.9819492592642
3.9460611111111112 531.0285136580204
3.9464694444444444 531.0285136580204
3.954997222222222 527.9031046701933
3.959825 526.4896633745409
3.962177777777778 526.0202455354042
3.9655222222222224 524.1178640596326
3.9663583333333334 524.1178640596326
3.9745083333333335 522.6641641955721
3.9890305555555554 514.6352627949013
3.9908972222222223 513.1227523623206
3.995686111111111 511.0544988994342
3.997736111111111 510.5358430665299
4.000652777777778 510.0144212071772
4.018822222222222 501.408133986059
4.102155555555556 452.44050942387685
4.185488888888889 394.59253925674534
4.268822222222222 329.3452641629644
4.352155555555556 264.5206217486031
4.435488888888889 178.40238675296268
4.518822222222222 50.44281327957703
4.602155555555556 20.196000116185797
4.685488888888889 10.355423024715686
4.768822222222222 4.515097523907774
4.852155555555556 1.3371225630052301
4.935488888888889 0.08333333333333333
5.018822222222222 2.5053865811494727
5.102155555555556 9.699311248906982
5.185488888888889 22.164416115448937
5.268822222222222 40.567178668693224
5.352155555555556 63.887826892065206
5.435488888888889 91.28949220176219
5.518822222222222 318.63739324751504
5.602155555555556 408.4382400382417
5.685488888888889 452.25452063415094
5.768822222222222 489.61462921358054
5.852155555555556 516.9745990703965
5.935488888888889 536.6278887733541
5.975891666666667 545.2437784820894
5.978255555555555 545.4602344338191
5.979769444416666 545.4602344338191
5.981058333333333 545.6749811907703
5.982505555555556 545.8884064698889
5.984 545.8884064698889
5.985361111111111 546.0818784159904
5.985713888888889 546.0818784159904
5.986786111111111 546.4602490939823
5.988133333333334 546.8339923004049
5.988611111111111 546.8339923004049
5.990966666666667 547.3858007144088
5.991411111111111 547.3858007144088
5.992452777777777 547.743712324643
5.994158333333333 547.9214808492405
5.994269444444445 547.9214808492405
5.995333333333333 548.0951933317363
5.9971194444444444 548.0951933317363
5.999877777777778 548.2700775333562
6 548.2700775333562
6.000933333333333 548.440735510129
6.002672222222222 548.6107422335954
6.005144444444444 548.7812354215536
6.0054694444444445 548.7812354215536
6.008286111111111 549.1194465766215
6.010675 549.2885108566566
6.011136111111111 549.4549769118333
6.013516666666667 549.6218122775254
6.01622777775 549.9564408830647
6.016672222222223 549.9564408830647
6.019572222222222 551.5357580768834
6.020188888888889 551.696334202787
6.0205472222222225 551.696334202787
6.022391666666667 552.0120354760186
6.022969444444445 552.0120354760186
6.024611111111111 552.1672047691426
6.0253 552.1672047691426
6.0258666666666665 552.1672047691426
6.0275 552.4693259061976
6.030555555555556 552.7729608766188
6.030969444444445 552.7729608766188
6.032355555555555 552.9215143088522
6.033355555555556 553.0684256617158
6.033863888888889 553.0684256617158
6.037988888861111 553.5113500353132
6.039530555555555 553.6574996651653
6.040677777777778 554.0897614695155
6.040969444444444 554.2305232657314
6.042355555555556 554.2305232657314
6.043575 554.2305232657314
6.045177777777778 554.5081120190121
6.045338888888889 554.5081120190121
6.0464166666666666 554.6429391528227
6.046577777777777 554.6429391528227
6.048002777777778 554.6429391528227
6.049113888888889 554.6429391528227
6.049286111111111 554.6429391528227
6.051572222222222 554.7726628186865
6.052269444416667 554.7726628186865
6.0566305555555555 555.0356959411879
6.057886111111111 555.0356959411879
6.059461111111111 555.2950568797232
6.059888888888889 555.2950568797232
6.0606527777777774 555.2950568797232
6.060666666666667 555.2950568797232
6.063469444444444 555.5445398491883
6.066311111111111 555.7953789942895
6.0691138888888885 555.819642466912
6.070705555555556 555.819642466912
6.071177777777778 555.8298149390386
6.071538888888889 555.8298149390386
6.071866666666667 555.836345838088
6.073519444416666 555.8426775335212
6.07435277775 555.8477926852383
6.077263888888889 555.8607309610464
6.077480555555556 555.8652094520749
6.0788472222222225 555.8691422935974
6.079163888888889 555.8712378073837
6.080608333333333 555.8712378073837
6.081388888888889 555.8716417400803
6.08265 555.871384065659
6.0834472222222225 555.8698990662618
6.085358333333334 555.8685550652137
6.088252777777778 555.8685550652137
6.089044444444444 555.8685550652137
6.090605555555555 555.8670255410066
6.0911277777777775 555.8639342608735
6.093522222222222 555.8592357817347
6.094675 555.8561076879934
6.0957 555.8479958065911
6.098591666666667 555.8425920848263
6.099580555555556 555.8425920848263
6.100752777777778 555.8337263030174
6.101363888888889 555.8278758672469
6.101838888888889 555.8278758672469
6.101880555555556 555.8278758672469
6.10245 556.7999719953764
6.104216666666667 556.7867747654982
6.104658333333333 556.7867747654982
6.1052333333333335 556.7867747654982
6.106391666638889 556.752661451818
6.10695 556.752661451818
6.108133333333333 556.7334283801155
6.108688888888889 556.7127566725923
6.109225 556.7127566725923
6.109858333333333 556.7127566725923
6.111027777777778 556.6884125677747
6.111955555555555 556.6884125677747
6.112616666638889 556.6884125677747
6.113336111083333 556.6884125677747
6.114363888888889 556.6593983230363
6.118994444444445 556.6083552972358
6.119369444444445 556.5812533035586
6.1200833333333335 556.5529278382025
6.121794444444444 556.5245640963283
6.122730555555555 556.4660465638509
6.122905555555556 556.4660465638509
6.123605555555556 556.4660465638509
6.127822222222222 556.4364463287678
6.1283 556.3743858195239
6.129269444444445 556.3743858195239
6.1310722222222225 556.3743858195239
6.135408333333333 556.3165272971318
6.136386111111111 556.2867497420976
6.137022222222222 556.2867497420976
6.139077777777778 556.2251948973064
6.1391333333333336 556.2251948973064
6.142633333333333 556.1029040940863
6.143697222222222 556.0717175635938
6.144666666666667 556.0717175635938
6.147319444444444 556.0405640323501
6.147552777777777 556.0405640323501
6.1490833333333335 555.9740941725281
6.150019444444444 555.9740941725281
6.150308333333333 555.9740941725281
6.152186111111111 555.8490714588949
6.1530861111111115 555.5983032762371
6.1559 555.4744259340375
6.155944444444445 555.4744259340375
6.157505555555556 555.3486393504786
6.1578277777777775 555.3486393504786
6.159072222222222 555.3486393504786
6.161519444444444 555.2213065552577
6.163425 555.0943434410526
6.164258333333334 555.0943434410526
6.164316666666667 555.0943434410526
6.166205555555556 554.9646232766856
6.167127777777778 554.9646232766856
6.169833333333333 554.7057985909726
6.1700083333333335 554.7057985909726
6.172808333333333 554.4468129009116
6.173844444444445 554.317091690955
6.174094444444444 554.317091690955
6.174716666666667 554.184749855211
6.17560277775 554.184749855211
6.175666666666666 554.184749855211
6.180377777777778 553.6584894166675
6.181177777777778 553.6584894166675
6.181383333333334 553.5251954959583
6.183966666666667 553.3929070665247
6.184986111111111 553.3929070665247
6.185202777777778 553.3929070665247
6.186766666666666 554.0058818244089
6.188036111111111 554.0058818244089
6.1887694444444445 554.0058818244089
6.189555555555556 554.0058818244089
6.1909 553.8656836588766
6.1915611111111115 553.724663920235
6.1922194444444445 553.724663920235
6.192372222222223 553.580983291032
6.193747222222222 553.580983291032
6.194383333333334 553.580983291032
6.194897222222222 553.580983291032
6.195055555555555 553.4324504764924
6.1951833333333335 553.4324504764924
6.197686111083334 553.4324504764924
6.197911111111111 553.1305478435035
6.197961111111111 553.1305478435035
6.2032638888888885 552.9815168597203
6.2062 552.6866973006291
6.207066666666667 552.6866973006291
6.208288888888889 552.6866973006291
6.209877777777778 552.5376139240534
6.210288888888889 552.5376139240534
6.212563888888889 552.2382132841212
6.212736111111111 552.2382132841212
6.213522222222222 552.2382132841212
6.215341666666666 552.2382132841212
6.216402777777778 552.2382132841212
6.218297222222223 552.0847638180263
6.219197222222222 552.0847638180263
6.220055555555556 551.9295363301859
6.220158333333333 551.9295363301859
6.220594444444444 551.9295363301859
6.221136111111111 551.9295363301859
6.222847222222223 551.2929068072617
6.224708333333333 551.1349524407358
6.225686111111111 550.8186199786977
6.225686111111111 550.8186199786977
6.226680555555555 550.8186199786977
6.2285194444166665 550.497919551736
6.2285194444166665 550.497919551736
6.229013888888889 550.497919551736
6.230033333333333 550.497919551736
6.231297222194445 550.3330511746958
6.231919444444444 550.3330511746958
6.232255555555556 550.3330511746958
6.232869444444445 550.1642565323709
6.234111111111111 549.9952188241689
6.2347777777777775 549.9952188241689
6.237033333333334 549.5177429984792
6.238263888888889 549.5177429984792
6.238644444444445 549.5177429984792
6.239777777777777 549.0369825213429
6.241219444444445 548.7971774465719
6.241483333333333 548.3169275070019
6.242663888888889 548.07717231353
6.244133333333333 548.07717231353
6.246936111111111 547.3618063845184
6.2482444444444445 547.1242233803858
6.249705555555556 547.1242233803858
6.2497444444444445 547.1242233803858
6.250166666666667 546.8834978684313
6.2526472222222225 546.6436665911804
6.253094444444445 546.6436665911804
6.2559555555555555 546.1642428356216
6.256302777777778 545.9242517570849
6.256583333333333 545.9242517570849
6.25875277775 545.6833075730681
6.2591777777777775 545.6833075730681
6.25935277775 545.6833075730681
6.261652777777778 545.4399276363393
6.262224999972222 545.1960156838097
6.264861111111111 544.7110150591989
6.265091666666667 544.7110150591989
6.2671833333333336 544.7110150591989
6.267547222194445 544.4663345390684
6.26775 544.4663345390684
6.267836111111111 544.4663345390684
6.269841666666666 544.7519439170861
6.270558333305556 544.7519439170861
6.2707 544.7519439170861
6.273538888888889 544.2511708121051
6.274311111111111 544.2511708121051
6.2756 543.9999603286707
6.278291666666667 543.7497604841979
6.281058333333333 543.5006213853829
6.281788888888889 543.5006213853829
6.28195 543.5006213853829
6.282686111083334 543.5006213853829
6.284158333333333 543.2473148005253
6.284786111111111 543.2473148005253
6.285488888861111 543.2473148005253
6.2868305555555555 542.9913461109838
6.287627777777778 542.9913461109838
6.288422222222223 542.9913461109838
6.289647222222222 542.4751694101943
6.291222222222222 541.9611473794973
6.294152777777778 541.4511882771149
6.295025 541.1963187907314
6.2959 540.9411241845507
6.295944444444444 540.9411241845507
6.298841666666666 540.6852535334035
6.300652777777778 540.4297188867572
6.301586111111111 540.4297188867572
6.301761111111111 540.1721991412064
6.3034638888888885 539.914935097663
6.304505555555555 539.6574571088967
6.309172222222222 539.6574571088967
6.310708333333333 539.4015848307619
6.311738888861111 539.4015848307619
6.314586111083333 539.4015848307619
6.314838888861111 539.4015848307619
6.317627777777778 539.4015848307619
6.318138888888889 539.4015848307619
6.320452777777778 539.4015848307619
6.321055555555556 539.4015848307619
6.322594444444444 539.0861014722892
6.323177777777778 539.0861014722892
6.325344444444444 538.7699293579005
6.3254 538.7699293579005
6.3254 538.7699293579005
6.326183333305556 538.7699293579005
6.328191666666667 538.7699293579005
6.330980555555556 538.1304944375876
6.331733333333333 537.4928279536797
6.332311111111111 537.4928279536797
6.33245 537.4928279536797
6.333886111111111 537.4928279536797
6.334833333333333 536.849497923754
6.336772222222222 536.5288720471757
6.337383333333333 536.5288720471757
6.3373944444444446 536.5288720471757
6.337697222222222 536.5288720471757
6.339591666666666 536.5288720471757
6.340547222222222 536.5288720471757
6.343319444444444 536.5288720471757
6.3453027777777775 536.5288720471757
6.345994444444444 536.5288720471757
6.348061111111111 536.2005481816144
6.349205555555556 536.2005481816144
6.349283333305555 536.2005481816144
6.351599999972223 535.8702209437455
6.3554305555555555 535.9262073031368
6.357569444444445 535.9262073031368
6.358311111083333 535.9262073031368
6.358469444444444 535.9262073031368
6.3591194444444445 535.9262073031368
6.360430555555555 535.9262073031368
6.36115 535.5903342206759
6.363266666638889 534.9208862564122
6.363986111111111 534.9208862564122
6.366113888861111 534.9208862564122
6.367202777777778 534.9208862564122
6.368936111083333 534.5841436040216
6.3696305555277775 534.5841436040216
6.3700777777777775 534.5841436040216
6.372422222222222 534.5841436040216
6.373394444444444 534.5841436040216
6.375238888888889 534.5841436040216
6.376752777777778 534.5841436040216
6.377975 534.5841436040216
6.378544444416667 534.5841436040216
6.379661111111111 534.238943049827
6.382458333333333 533.8947116694243
6.3852555555277775 533.5514437291973
6.385763888888889 533.5514437291973
6.386644444416667 533.5514437291973
6.386905555555556 533.5514437291973
6.395305555555556 531.8452846377841
6.398130555555555 531.8452846377841
6.399811111111111 531.8452846377841
6.400955555555556 531.8452846377841
6.400955555555556 531.8452846377841
6.402613888888889 531.4593103793502
6.405808333333334 531.0744846771544
6.409363888888889 531.0744846771544
6.412141666666667 531.0744846771544
6.412152777777778 531.0744846771544
6.413088888888889 531.0744846771544
6.414947222222223 531.0744846771544
6.415777777777778 531.0744846771544
6.417769444444445 530.6851672509001
6.418647222222222 530.6851672509001
6.418672222222222 530.6851672509001
6.42055 530.6851672509001
6.421369444444444 530.6851672509001
6.422297222222222 530.6851672509001
6.424180555555555 530.2902640754784
6.425658333333334 529.8956783780646
6.427127777777778 529.5014018143033
6.4272583333333335 529.5014018143033
6.4299027777777775 529.5014018143033
6.430483333333333 529.5014018143033
6.431958333333333 529.5014018143033
6.434866666666666 529.5014018143033
6.436180555555556 529.7804352326419
6.437855555555555 529.7804352326419
6.439722222222223 529.7804352326419
6.442238888888889 529.7804352326419
6.4451527777777775 529.378147669196
6.445163888888889 529.378147669196
6.4454 529.378147669196
6.450161111111111 529.378147669196
6.450716666666667 529.378147669196
6.452725 529.378147669196
6.456536111111111 528.9723589221251
6.459072222222222 528.9723589221251
6.459469444444444 528.9723589221251
6.4619277777777775 528.9723589221251
6.466280555555556 528.5656316035866
6.46715 528.5656316035866
6.467552777777778 528.5656316035866
6.469094444444444 528.1563813527237
6.46955 528.1563813527237
6.469963888888889 528.1563813527237
6.470344444444445 528.1563813527237
6.471880555555556 527.742863459116
6.4724055555555555 527.742863459116
6.472763888888889 527.742863459116
6.473122222222222 527.742863459116
6.474747222222223 527.742863459116
6.475247222222222 527.742863459116
6.4758305555555555 527.742863459116
6.478194444444444 527.9452513614507
6.480997222222222 528.351804035056
6.481505555527778 528.5562692786297
6.484380555555555 528.4995044814265
6.486111111111111 528.908743459601
6.486761111111111 528.908743459601
6.487180555555556 529.1126119785879
6.488033333305555 529.1126119785879
6.489577777777778 529.517352122581
6.4900166666666665 529.517352122581
6.490761111111111 529.517352122581
6.491672222222222 529.9183723182011
6.4924277777777775 529.9183723182011
6.492847222222222 530.1176475273393
6.494611111111111 530.5153689858672
6.498161111111111 530.9147629023031
6.5001694444444444 531.3183080867692
6.501886111111111 531.5207773507202
6.505069444444445 531.7234139916972
6.506561111111111 532.1317183322495
6.506561111111111 532.1317183322495
6.50935277775 532.3345494401028
6.510694444444445 532.5382985262594
6.512158333333334 532.741970502787
6.514108333333334 532.9456514110724
6.514905555555556 532.9456514110724
6.517538888888889 533.3521288108482
6.517777777777778 533.3521288108482
6.520088888888889 533.4920363501358
6.520630555555556 533.7734110794672
6.521175 533.7734110794672
6.523047222222222 534.0511312264975
6.526286111111111 534.4703929010814
6.526811111111111 534.4703929010814
6.528130555555555 534.6105462450784
6.529613888888889 534.6105462450784
6.531894444444444 534.8895906610378
6.532530555555556 535.0298885825651
6.5347583333333334 535.3093031386667
6.535377777777778 535.3093031386667
6.536175 535.3093031386667
6.538277777777778 535.4472527195885
6.5396 535.5855977628814
6.539841666666667 535.5855977628814
6.5404 535.5855977628814
6.540952777777778 535.720681690031
6.543763888888889 536.1246043771501
6.544444444444444 536.1246043771501
6.545952777777778 536.3947486429397
6.550713888888889 537.0755359916426
6.553280555555555 537.3556032420586
6.553566666666667 537.3556032420586
6.559094444444445 537.6350694435365
6.559341666666667 537.6350694435365
6.5616916666666665 538.2047762621874
6.563202777777778 538.2047762621874
6.564475 538.3480398522204
6.564813888888889 538.3480398522204
6.567691666666667 537.8596286677958
6.568872222222222 537.8596286677958
6.571075 538.1407486679499
6.571599999972222 538.4239308648737
6.572886111111111 538.5648780308353
6.573883333333334 538.7055752285734
6.575686111111111 538.8457757814074
6.576091666666667 538.8457757814074
6.577297222222223 538.9846603167977
6.578461111111111 539.1232250960682
6.578891666638889 539.2614345563119
6.581261111111111 539.5363776748239
6.582397222222222 539.6747861853745
6.583044444444444 539.8128182436897
6.583980555555556 539.9500496717167
6.589683333333333 540.3615983958492
6.590819444444445 540.502884698463
6.591375 540.6438088176286
6.592433333305555 540.6438088176286
6.593841666666667 540.7829159696907
6.595263888888889 540.921895000855
6.595355555555556 540.921895000855
6.596933333333333 541.0589676639507
6.59810277775 541.0589676639507
6.59985 541.3319627685014
6.59985 541.3319627685014
6.601016666666666 541.4670103747167
6.602561111111111 541.9283869735218
6.605444444444444 542.0955907059365
6.606044444416667 542.0955907059365
6.607944444444445 542.2072322813699
6.608291666666666 542.2633187593461
6.6102694444444445 542.4277484645645
6.613911111111111 542.6500834569633
6.6145 542.7080183053896
6.616816666666667 542.7080183053896
6.619108333333333 542.765115774114
6.619513888888889 542.8228014177344
6.620127777777777 542.8790619767833
6.6223777777777775 542.9341142158183
6.6223777777777775 542.9341142158183
6.625141666638889 543.0952792810235
6.6280166666666664 543.1503114967869
6.628130555555556 543.1503114967869
6.631702777777778 543.3138170671107
6.631713888861111 543.3138170671107
6.636327777777778 543.3684314120322
6.637358333333333 543.484080406035
6.638355555555555 543.484080406035
6.639138888888889 543.5966427887889
6.6401055555555555 543.5966427887889
6.641933333333333 543.5966427887889
6.642241666666667 543.5966427887889
6.6430388888888885 543.6490860083154
6.644869444444445 543.7521401015922
6.647672222222222 543.8558075910297
6.648611111111111 543.8558075910297
6.651363888888889 543.1706590639002
6.65265 543.2223940125804
6.65265 543.2223940125804
6.653952777777778 543.2715353492592
6.656980555555555 543.3690550847043
6.6596305555277775 543.5204671272992
6.6624638888888885 543.5721448545942
6.665863888888889 543.7314424724269
6.667388888888889 543.8419721704064
6.668694444444444 543.8419721704064
6.671630555555556 543.9511478802351
6.671813888888889 543.9511478802351
6.673622222222222 544.0052615582823
6.674491666638889 544.1139025821343
6.675955555555555 544.275062810817
6.677322222222222 544.275062810817
6.6784944444444445 544.275062810817
6.678761111111111 544.275062810817
6.681313888888889 544.376010760834
6.682655555555556 544.4275092583716
6.685686111111111 544.58138183441
6.690611111111111 544.3863984900898
6.691161111111111 544.3413358516534
6.692236111111111 544.2473742684651
6.695044444444444 544.0532584316919
6.697744444444444 543.9096444906323
6.697847222222222 543.9096444906323
6.702455555555556 543.8108625199668
6.7036583333055555 543.7649723853134
6.705502777777777 543.7649723853134
6.709644444444445 543.6240640858132
6.711111111111111 543.5354664691192
6.712463888888889 543.5354664691192
6.716444444444445 543.305490804299
6.719438888888889 543.2180253409933
6.721511111111111 543.0473101413074
6.722077777777778 543.0473101413074
6.722222222222222 543.0473101413074
6.722369444444444 543.0473101413074
6.722966666666666 542.9984376959862
6.724888888888889 542.94773040797
6.725 542.94773040797
6.727402777777778 542.7879637222982
6.727877777777778 542.7879637222982
6.730769444444444 542.5677844842749
6.732847222222222 542.4046199805742
6.732988888861111 542.3501463087007
6.735891666666666 541.1381335480382
6.736269444444445 541.1381335480382
6.738680555555556 540.9561117147675
6.7392111111111115 540.9561117147675
6.740766666638889 540.8940276644213
6.741291666666666 540.8313510324044
6.741444444444444 540.8313510324044
6.742055555555556 540.7643589439037
6.744347222222222 540.626144349454
6.745316666666667 540.626144349454
6.746013888888889 540.626144349454
6.747191666666667 540.5546732468845
6.750097222222222 540.3356877584974
6.751625 540.2636206157588
6.753338888888889 540.1177670912662
6.7533722222222226 540.1177670912662
6.756263888888889 540.0417735544634
6.757236111111111 539.8919303252242
6.760005555555556 539.6609586408166
6.761744444444444 539.5846652534196
6.7628055555555555 539.507965221138
6.7645583333333335 539.507965221138
6.767463888888889 539.2725010494132
6.769191666666667 539.038474641052
6.772577777777777 538.4003622964366
6.7730805555555555 538.4003622964366
6.774758333333334 537.9717909084825
6.777436111111111 537.7559539583722
6.780686111111111 537.5408590842723
6.78405 536.6806783675848
6.785761111111111 536.0328130381642
6.788530555555556 535.3750492995124
6.788630555555556 535.3750492995124
6.789788888888889 535.152794788948
6.791161111111111 535.152794788948
6.791758333333333 534.9280988522661
6.792541666666667 534.9280988522661
6.794411111111111 534.6989074364188
6.795347222222222 534.4689331477521
6.7969083333333336 534.0028160044715
6.799775 533.767760764845
6.8015888888888885 533.2982856085922
6.802838888888889 533.0619710485856
6.803661111111111 532.8237000166563
6.810630555555556 532.3403413041344
6.821283333333334 529.0344228530569
6.823644444444445 528.5695129758059
6.8286444444444445 527.3903521308808
6.829322222222222 527.3903521308808
6.831355555555556 527.1547655999582
6.831530555527777 527.1547655999582
6.834 526.1908162923839
6.834108333333333 526.1908162923839
6.836691666666667 525.9450152627661
6.846263888888889 523.6820289464206
6.850136111111111 522.944522732628
6.854936111111111 522.6997860166505
6.860494444444444 520.2191205196817
6.861177777777778 519.8055693336468
6.8618083333055555 519.8055693336468
6.868575 518.1097157711033
6.878780555555555 514.240307785615
6.881288888888889 513.8158415641207
6.883891666638889 513.3907320774991
6.888155555555556 511.6715809234031
6.8899027777777775 511.6715809234031
6.8928 511.6715809234031
6.892961111111111 511.6715809234031
6.894724999972222 511.6715809234031
6.902275 507.82270528976744
6.903886111111111 507.38721726231637
6.917022222222222 504.25536835276387
6.922675 501.6066695002324
6.92500277775 501.1634607222724
6.9259305555555555 500.71875566939366
6.942455555555555 495.6841957326284
6.95325 492.34962806327474
6.962541666666667 490.13462185081346
6.967697222222222 488.48626091943487
6.9705111111111115 486.26386748132285
6.9835666666666665 478.4695566333812
7.0669 436.28674804717116
7.150233333333333 385.71025190779756
7.2335666666666665 333.35713478342745
7.3169 257.5030771118099
7.400233333333333 164.80076469591913
7.4835666666666665 52.604519265269836
7.5669 34.12794292354213
7.650233333333333 21.543056969555874
7.7335666666666665 11.851982612221457
7.8169 4.918304485842432
7.900233333333333 1.44717223590757
7.9835666666666665 0.125
8 0
