# OrderThroughputTimeAvg ItemThroughputRate ItemThroughputRateScore OrderTurnoverTimeAvg OrdersHandled TripDistance LateOrdersFractional OrderLatenessAvg ISIdleTimeAvg TimingDecisionsOverall InvCombinedAvgRank TimeMoving TimeQueueing DistanceTraveledPerBot ItemPileOneAvg OrderThroughputRate BundlesHandled OrderOffsetAvg OSIdleTimeAvg TripTime TripTimeWithoutQueueing 
85.2992173825505 1446 0.5721797171601697 463.38769161901166 478 16.620589903637747 0 0 1 0.7140143 0 792.8791473910555 170.65472102340277 839.3397901337062 7.454861111111111 956 0 -10202.072868238994 0.4883585070736214 20.952067636056498 17.572766229652483 
91.09086071736215 1438 0.5707460507626617 461.70944669188583 477 16.65376043953574 0 0 1 0.742419000000001 0 815.0895754937569 158.19122777458617 863.2199161159359 7.116458704694 954 0 -10181.784699919532 0.49076228158446206 20.372635751208314 17.320714958129482 
91.84783422838949 1412 0.5591729328265262 463.7576045183372 455 17.070770321579293 0 0 1 0.6986963999999989 0 808.3393527451864 151.8208033109199 856.3836444658946 7.362842130987293 910 0 -10177.443879030414 0.49914554272615347 21.38671456686776 18.360386261666697 
82.56591534881619 1482 0.5853384207307103 470.12164909419846 483 16.994159278255612 0 0 1 0.875282899999998 0 803.1884619850065 150.043839595542 849.7079639127805 7.677064765300059 966 0 -10245.91754526884 0.47482712714077663 20.996530808252587 17.995654016341746 
92.16655422589997 1484 0.5851458046412142 489.4128616848099 488 17.187580220852457 0 0 1 0.7022779000000005 0 797.0062373604761 155.8580700312091 842.1914308217703 7.889448924731183 976 0 -10159.909508649916 0.47281998871298386 21.446715675101366 18.265938735688938 
97.66626956003864 1456 0.5761556697080951 460.19165840294266 467 17.162287965318924 0 0 1 0.7076220000000025 0 825.3828246262437 141.2338756546279 866.6955422486056 7.451028309662085 934 0 -10156.08598949712 0.4842142509167431 20.859596984285233 18.062886575282697 
87.03607031428174 1500 0.5916211713526681 457.327641338103 489 16.990175783960943 0 0 1 0.7568348000000021 0 795.7792736451019 133.82841149284525 841.0137013060667 7.853022875816993 978 0 -10217.407272759783 0.46985926725139654 21.045344522581033 18.3417402499983 
87.56313967991375 1462 0.5783121233545613 469.40825216076036 472 16.220246293629376 0 0 1 0.6383996000000042 0 780.3122366080588 173.35059645716194 821.825812210555 7.495093247465164 944 0 -10189.291924406945 0.4817275344244103 20.68338847111842 17.261995119990225 
86.58234547221966 1482 0.5861945112084591 451.4138262649962 474 16.222618665615563 0 0 1 0.7506747999999988 0 795.51170636945 156.48739057668413 835.4648612792015 7.500891265597148 948 0 -10219.089546329957 0.47380518835707414 20.160537201210513 17.12194709292538 
