# OrderThroughputTimeAvg ItemThroughputRate ItemThroughputRateScore OrderTurnoverTimeAvg OrdersHandled TripDistance LateOrdersFractional OrderLatenessAvg ISIdleTimeAvg TimingDecisionsOverall InvCombinedAvgRank TimeMoving TimeQueueing DistanceTraveledPerBot ItemPileOneAvg OrderThroughputRate BundlesHandled OrderOffsetAvg OSIdleTimeAvg TripTime TripTimeWithoutQueueing 
106.44726051675686 1380 0.5479341067348809 496.7132031666776 453 17.05620017235557 0 0 1 0.8794222999999993 0 807.9328741725943 166.16388888888815 855.6527086465045 7.0761808755760365 906 0 -10145.164741748182 0.5118621603663287 21.508173574840338 18.19593658702197 
91.82231758758583 1442 0.5707267912568492 451.6378572099243 469 16.712564839695297 0 0 1 0.7664777000000017 0 790.120433772796 154.01331779408784 830.0573870381996 7.428447185325743 938 0 -10194.624599196815 0.4892647023531351 21.407312156105213 18.30637287166049 
94.71635264906647 1410 0.5607453842897235 471.1047933719678 456 16.478799680663347 0 0 1 0.7281754999999993 0 826.7532059277064 142.76251807678042 867.8834498482696 6.9109243697478995 912 0 -10194.52791638301 0.4996538894321902 20.13193713715289 17.421256414176046 
93.9229374975167 1500 0.5921311904181604 487.0047214168748 481 16.73564166971244 0 0 1 0.7655463999999997 0 800.6306276737208 158.58080206952897 847.9391779320969 7.743518518518518 962 0 -10206.100661666924 0.46952080059380225 20.56043755261341 17.43055330124113 
89.72528879792027 1442 0.5712876101145274 458.47384115318 474 17.070752246731253 0 0 1 0.7465315999999992 0 819.5517087198486 151.04116884343884 870.608364583294 7.316498316498316 948 0 -10179.072717664245 0.4883842458865464 20.769134010434378 17.807542464484595 
88.73386685817175 1464 0.5805547717826941 463.40966631851984 470 16.45591768696999 0 0 1 0.7428501999999991 0 819.1286603572162 136.74271644898977 866.6783315137528 7.211279461279461 940 0 -10182.933744659033 0.4801921837340033 19.847714189830263 17.251333497760836 
101.01399277543537 1390 0.5519561438837619 476.1299319587116 451 16.961076954374867 0 0 1 0.7455626000000036 0 826.6480651933499 144.0494721117872 865.0149246731181 7.066369047619048 902 0 -10200.01233153822 0.5069840214769089 21.129705104793196 18.3052056516209 
86.53988774985042 1484 0.5869971595701945 435.1973079079559 481 16.634668333214872 0 0 1 0.6812181000000017 0 795.0138083568821 152.8337806643954 837.2783061051485 7.498570261437909 962 0 -10241.538012913756 0.47505352338374096 20.85465726266535 17.818224534233654 
96.35346109743298 1420 0.563251977952351 454.8054898253435 449 17.01266413117679 0 0 1 0.7571341000000015 0 817.075851268401 161.24658610951374 870.4813147118792 7.183155080213903 898 0 -10176.89224210744 0.496743304712576 20.802310564093435 17.650911487034538 
