# OrderThroughputTimeAvg ItemThroughputRate ItemThroughputRateScore OrderTurnoverTimeAvg OrdersHandled TripDistance LateOrdersFractional OrderLatenessAvg ISIdleTimeAvg TimingDecisionsOverall InvCombinedAvgRank TimeMoving TimeQueueing DistanceTraveledPerBot ItemPileOneAvg OrderThroughputRate BundlesHandled OrderOffsetAvg OSIdleTimeAvg TripTime TripTimeWithoutQueueing 
89.6916441755986 1490 0.5896010662133826 444.69946885443136 487 16.482367995196537 0 0 1 0.8001146999999972 0 813.195613240635 132.59990500976656 854.3360744176871 7.452762923351159 974 0 -10212.287519099968 0.4707845251715365 20.0134898606989 17.455292336394724 
91.08670282919866 1500 0.5916870258536614 452.5680524139056 493 16.64479683868274 0 0 1 0.7919478000000002 0 786.4984872074762 146.01606301658418 826.6915763212428 7.838709677419355 986 0 -10205.608612003773 0.46828472458396164 20.931262893070045 17.99134216119251 
100.84652363555576 1420 0.5628252094975464 459.37398485695735 460 16.15417585122757 0 0 1 0.6175565000000032 0 787.122958120436 177.63947211178808 821.1706057707348 7.266233766233767 920 0 -10180.690278652042 0.4961757455728278 20.89232775264176 17.397780760278714 
96.69855390057484 1484 0.5857431072149596 478.9970358483651 485 16.961922052007676 0 0 1 0.7864007 0 798.292938939312 163.75554591775494 850.9230896090517 7.758960573476703 970 0 -10204.417417164424 0.47313882074578556 20.785963289755458 17.521733138570973 
87.96802963383811 1468 0.5810736562175144 453.553563955053 486 16.52904191479437 0 0 1 0.6636540000000032 0 807.2588720109252 152.8763997255094 845.7359779736453 7.4172422756981575 972 0 -10195.321373056133 0.47855646816124836 20.438109292850527 17.450296920365002 
93.75659484891541 1410 0.5605873390980188 494.3349748573757 455 16.60712449210812 0 0 1 0.7910705999999958 0 827.3177187993874 147.77204183232 874.6418899176944 6.93939393939394 910 0 -10173.328847587429 0.49908891829835483 20.124999840663097 17.31920157802411 
100.98365548242006 1422 0.5639897193296632 495.97488655143474 463 17.019397599043163 0 0 1 0.7649883000000005 0 823.6989266035265 131.38646270985944 873.6624100842158 7.19385026737968 926 0 -10152.562237303147 0.4942222802166254 20.705645532962873 18.146168986666908 
93.68891269195748 1398 0.5558195472351414 472.34033353770343 471 16.90163393220583 0 0 1 0.6938212000000001 0 824.5235400972841 156.99730038173405 870.4341475086002 6.938816738816739 942 0 -10183.235369227472 0.504374581764773 20.83708789167551 17.788596622127276 
97.77062980522001 1326 0.5291190699820548 421.96328577068465 435 16.69448167572637 0 0 1 0.7742465000000014 0 825.1082997933086 152.82489177550372 870.8954607503923 6.587307422969187 870 0 -10199.549939166376 0.5293139197563218 20.980526303551464 18.050975662487495 
