# OrderThroughputTimeAvg ItemThroughputRate ItemThroughputRateScore OrderTurnoverTimeAvg OrdersHandled TripDistance LateOrdersFractional OrderLatenessAvg ISIdleTimeAvg TimingDecisionsOverall InvCombinedAvgRank TimeMoving TimeQueueing DistanceTraveledPerBot ItemPileOneAvg OrderThroughputRate BundlesHandled OrderOffsetAvg OSIdleTimeAvg TripTime TripTimeWithoutQueueing 
90.18728355318828 1462 0.5793227029969534 452.6379585465096 479 16.501325319579216 0 0 1 0.7283070000000017 0 815.1793457632704 132.39440953694512 860.8191375047157 7.2949308755760365 958 0 -10218.4377129089 0.4800875338702233 20.10425844048039 17.566346436577287 
87.15985374262782 1500 0.592145409840189 453.2204245944682 498 16.560452120797034 0 0 1 0.7246844999999992 0 795.7151186704887 150.4764009243287 841.8229828071826 7.74050925925926 996 0 -10192.047055225079 0.469521981775829 20.485624370467036 17.525432876873687 
97.12424643584147 1418 0.5640199299110125 467.93711415119424 453 16.579319698383507 0 0 1 0.6290386000000012 0 817.7355014669192 159.35763709065557 867.6510642154036 6.894372294372293 906 0 -10174.650382064527 0.49885584288516077 20.281928084734364 17.236877694467058 
87.42860489607932 1482 0.5868811015328652 465.3385692630331 479 16.380957741710063 0 0 1 0.6961347000000013 0 802.1794972397735 162.63619531196042 846.3494833216865 7.3653361344537815 958 0 -10205.865248801016 0.4754660908328725 20.21805560196153 17.070258273342944 
93.80584413986698 1414 0.5615690272054781 471.3624326138509 473 16.38987107588355 0 0 1 0.7101614000000003 0 819.1437301249844 147.86794613224137 863.1998766632004 7.050934710801883 946 0 -10165.150152174869 0.4986733753267896 20.085019156859794 17.27739992650078 
99.22858538568208 1368 0.5454355423045709 459.4916388458474 443 16.57683731978681 0 0 1 0.8069196000000001 0 840.5470141649699 140.72614357373755 881.3351841686655 6.662570949432404 886 0 -10158.232672766231 0.5157315322558024 20.164820529799634 17.517933816813972 
100.08324391321042 1390 0.5540396223509099 471.5041605136333 460 16.548946394196374 0 0 1 0.7492774000000004 0 834.7556649316315 141.84246993501588 874.3360011600417 6.691029341029341 920 0 -10171.674092193982 0.5080175645151459 20.176221293405636 17.491505774130886 
87.58608469733268 1400 0.557795278863519 450.33026054398556 466 16.495577720102762 0 0 1 0.7087397000000027 0 826.2880735850977 144.7386375796325 877.0148821187968 6.730252100840336 932 0 -10210.363858445688 0.5038207818930038 19.997350079837737 17.27499326015813 
86.22969062234066 1476 0.5847262529874968 452.68814331675304 484 16.981276603107805 0 0 1 0.7669490000000008 0 827.5681348666445 130.2385125244174 880.1961705944212 7.3225315126050425 968 0 -10193.15402049897 0.4766204506591453 20.133356812147753 17.620716699136484 
