# OrderThroughputTimeAvg ItemThroughputRate ItemThroughputRateScore OrderTurnoverTimeAvg OrdersHandled TripDistance LateOrdersFractional OrderLatenessAvg ISIdleTimeAvg TimingDecisionsOverall InvCombinedAvgRank TimeMoving TimeQueueing DistanceTraveledPerBot ItemPileOneAvg OrderThroughputRate BundlesHandled OrderOffsetAvg OSIdleTimeAvg TripTime TripTimeWithoutQueueing 
141.93042508291978 1036 0.9592592592592593 513.4200298882421 338 14.474228895602801 0 0 1 0.3436849000000027 0 308.0945389551457 925.7282157202515 292.3794236911766 8.398946986201889 676 0 -10173.123967973517 0.060374882362123294 61.3723914175492 15.544261926447644 
136.9058934018959 1034 0.9574074074074074 464.9143557453665 339 14.533980582524261 0 0 1 0.38261870000000275 0 314.42363559538717 923.6397691462705 299.39999999999975 8.381944444444445 678 0 -10110.205420542778 0.06083264518975195 60.33178606502905 15.494904067637277 
134.17110415245014 1034 0.9574074074074074 506.82136937497745 337 14.898011666530664 0 0 1 0.42783420000000333 0 352.71342419089063 882.4391623509131 338.18486483024606 7.188309178743961 674 0 -10119.96173456988 0.0633048234027449 54.80532988823713 15.931357978505277 
139.86871485948475 1040 0.9629629629629631 497.9135876953934 341 14.52972972972973 0 0 1 0.3875929000000012 0 285.0276291217571 952.3949653889453 268.8 9.139668615984405 682 0 -10161.32244803244 0.058197317110743434 67.04602390738202 15.565214967439031 
133.80194160853148 1036 0.9592592592592593 567.8301803919109 336 14.31063829787232 0 0 1 0.35672200000000287 0 355.15506850281366 877.7957778061187 336.2999999999995 7.034084809447129 672 0 -10124.426703945637 0.06159677196595537 52.851968837418916 15.498957015881953 
150.4485361317411 1032 0.9555555555555556 552.124391171124 332 14.681279666734984 0 0 1 0.3687086000000026 0 378.1930577417732 840.5742476623412 359.69135183500714 6.641636141636141 664 0 -10032.75818255451 0.06289689419541987 50.87012127733225 16.5609683115224 
131.9498455842188 1034 0.9574074074074074 561.4645270577043 341 14.639907951928786 0 0 1 0.34842090000000236 0 336.102630560339 901.9508535585419 322.0779749424333 7.73620833693429 682 0 -10085.667694134552 0.0637819477220118 56.6092091696349 15.611443098792089 
138.1955417244508 1034 0.9574074074074076 518.7005342706734 337 14.330408685919908 0 0 1 0.4352203000000034 0 310.4973239258474 934.0798203577303 292.3403371927661 8.105659075224292 674 0 -10129.931081543416 0.06405624098259968 60.88628749030273 15.098061002178687 
133.2130947237972 1042 0.9648148148148148 481.63581102956556 337 13.499269967110747 0 0 1 0.36301030000000273 0 279.3495259512028 963.1958903558152 259.1859833685263 8.73015873015873 674 0 -10134.601883770918 0.05909891098997059 64.57638693490115 14.409934312202438 
136.91279765533346 1032 0.9555555555555556 514.9917431866658 343 14.26008730885542 0 0 1 0.3223131000000017 0 270.57913056034033 973.459766240761 249.55152790496987 9.386939571150096 686 0 -10123.617017676532 0.06643586256759974 70.73322510748886 15.10695275087395 
138.6342489401922 1032 0.9555555555555556 501.65543638895383 341 13.834671314365853 0 0 1 0.3535259000000025 0 270.64675899115093 952.7943196384388 250.40755079002193 9.386939571150096 682 0 -10156.615374717236 0.06552003503545926 67.16034687829124 14.519776732521139 
148.44840182114956 1036 0.9592592592592593 567.0293522064799 341 14.700388681372424 0 0 1 0.3360808000000014 0 291.74605984296556 943.596344898695 277.83734607793883 8.818253968253968 682 0 -10073.079011112346 0.06077212600167423 65.5003201333603 15.574587599037821 
141.432110113763 1036 0.9592592592592593 557.5765411363169 342 13.62068331505887 0 0 1 0.3268750000000026 0 271.84474023286805 971.4730432992458 256.06884632310675 9.02884886011821 684 0 -10151.424234195702 0.06165453346156411 65.91372839316031 14.23963034532809 
135.06256935677712 1036 0.9592592592592593 499.70059156768895 363 14.450772842472933 0 0 1 0.3029887000000012 0 252.7833174238789 994.0494473499542 239.8828291850507 10.558213028801264 726 0 -10152.045614847015 0.06281758992854584 74.77387146028678 14.891374631976289 
133.79834419584478 1038 0.9611111111111111 569.8497024577653 344 14.039408866995062 0 0 1 0.35000810000000226 0 301.5071868351891 938.8660865984906 284.9999999999998 8.397037037037036 688 0 -10050.451592924193 0.058182029290310355 61.109734537493175 14.860173621311368 
143.59301891250962 1040 0.9629629629629629 534.496779752736 346 13.36616492365335 0 0 1 0.3053210000000023 0 274.7889826519568 968.0885555838986 256.63036653414434 8.708931419457736 692 0 -10083.429353380243 0.058361343512879416 64.7081491626052 14.28687022594381 
160.94529048898062 1040 0.9629629629629629 543.1710202550574 336 14.714145022694117 0 0 1 0.32730720000000235 0 209.78852379332756 987.7663304561642 197.16954330410118 13.742857142857142 672 0 -10067.658298718776 0.05868477499457453 89.22914577594618 15.515240518023482 
147.71870722726095 1040 0.9629629629629629 488.23935475044357 348 15.031250000000005 0 0 1 0.3026878000000023 0 204.05860964418258 1040.400875193994 192.40000000000006 14.065811965811966 696 0 -10095.67486985434 0.06002567205433015 96.67984081901832 15.398522444487554 
149.34282896510263 1040 0.9629629629629629 507.87864905381826 349 14.780303030303036 0 0 1 0.29760350000000196 0 206.5076074863065 1016.9900519590941 195.10000000000008 13.386446886446885 698 0 -10106.693205258898 0.05892897627609514 92.1523314318644 15.107630525872413 
154.17389369139605 1042 0.9648148148148148 534.3259812598052 335 14.639657805982655 0 0 1 0.32108590000000264 0 213.89219117928502 1031.8092005867707 202.02727772256065 13.161375661375663 670 0 -10076.490256845904 0.0584155456880893 89.82502948752754 15.056246836312273 
146.141489269865 1036 0.9592592592592593 529.5136903947615 339 14.025494906447689 0 0 1 0.3228241000000021 0 251.4784913118055 995.5241839863651 237.03086391896596 9.967320261437907 678 0 -10137.367347645524 0.06310359549494654 73.46176976838797 14.555013319490623 
152.44728633285524 1036 0.9592592592592593 593.4388785838839 341 14.48239748277076 0 0 1 0.3840766000000026 0 271.12101222796514 973.4256984288929 256.3384354450425 9.723972922502334 682 0 -10042.624216831391 0.06273460263879123 70.08911385843743 15.093311687313527 
155.89006303751714 1036 0.9592592592592593 567.5452821459519 331 14.799461715065972 0 0 1 0.3427334000000025 0 263.96117385958615 954.7926803899034 251.59084915612152 10.219298245614034 662 0 -10081.690104151348 0.06227553981669117 71.65059850630723 15.486323189254097 
145.71690235562184 1040 0.9629629629629629 542.7850494682325 342 13.258823529411776 0 0 1 0.31376060000000133 0 244.87161108276806 1000.0882547037414 225.40000000000018 10.112499999999999 684 0 -10036.794878197807 0.058437830725311814 72.8279394367054 13.99921857177944 
