# SectorTime BundlesHandled
0 235.65273898167158
0.08333333333333333 244.91964323693145
0.16666666666666666 256.4950663400176
0.24940277777777778 268.60556158890194
0.2522027777777778 268.97884373061936
0.25498333333333334 269.3477383536711
0.25777222222222224 269.71234350436174
0.2605638888888889 270.07273356660517
0.26334722222222223 270.4289705782868
0.26750277777777776 271.1304189287477
0.27029444444444445 271.47537836984327
0.27308055555555555 271.47537836984327
0.27586944444444444 271.81604199007893
0.2786472222222222 272.1528734573489
0.2814277777777778 272.4859469259697
0.28560555555555556 272.81560598146154
0.28846944444444444 273.46468008158575
0.29126111111111114 273.46468008158575
0.29404166666666665 273.78372054076954
0.2968222222222222 274.0992918936886
0.2996083333333333 274.41146502817713
0.30386944444444447 274.7205371135881
0.3067111111111111 275.3294153551001
0.3095 275.3294153551001
0.3122916666666667 275.62885403397314
0.31508055555555553 275.9251572292977
0.3178611111111111 276.218354636342
0.32182222222222223 276.5081586669262
0.3247111111111111 276.7950609347694
0.3274944444444444 277.0790063701337
0.3302833333333333 277.3600544030963
0.333075 277.6382491565364
0.3358638888611111 277.913638538363
0.3400166666666667 278.18603222603474
0.34284444444444445 278.45574826197463
0.34563333333333335 278.7227805562634
0.34841666666666665 278.9871552181192
0.35120555555555555 279.2489388841088
0.3539861111111111 279.5081424300256
0.3582194444444444 279.76527789061595
0.36099722222222225 280.01973705809115
0.36377777777777776 280.271724262226
0.3665638888888889 280.5212796085077
0.36935 280.7684424347061
0.37214166666666665 281.0132513292264
0.3761833333333333 281.25552474648174
0.37904444444444446 281.4956392112209
0.381825 281.7334860393249
0.3846138888611111 281.96910567333
0.38740277777777776 282.20253349678615
0.39019166666666666 282.43379566504467
0.39448333333333335 282.8904246848398
0.39729444444444445 283.11577763954915
0.40008333333333335 283.11577763954915
0.40287222222222224 283.33876389738447
0.4056638888888889 283.5597321800358
0.40844722222222224 283.7787014154008
0.41283888888888887 284.2120865441781
0.41563055555555556 284.42600358858436
0.41841944444444445 284.42600358858436
0.4212111110833333 284.6377027311804
0.424 284.8475366830928
0.4267888888888889 285.05552592265946
0.43091666666666667 285.4662127357068
0.43370555555555557 285.6690483683187
0.4364972222222222 285.6690483683187
0.4392861111111111 285.8698187416326
0.4420777777777778 286.0688697400347
0.4448666666666667 286.2662154889112
0.44874444444444445 286.65582081478055
0.45163055552777776 286.8484473441012
0.4544222222222222 286.8484473441012
0.4572111111111111 287.0391502222727
0.46000277777777776 287.2282611362965
0.46279166666666666 287.41579612603675
0.4668 287.6018709075818
0.4696194444444444 287.786384911397
0.4724111111111111 287.969380281436
0.4751972222222222 288.1508870800013
0.4779833333333333 288.3312157379012
0.4807722222222222 288.5097797616301
0.48493055555555553 288.6870142075224
0.4877194444444444 288.862774509064
0.4905111111111111 289.037126802349
0.4933 289.21037416079855
0.4960833333333333 289.38224474413903
0.498875 289.55246370185813
0.5030527777777778 290.203024006088
0.5058972222222222 290.36949446094087
0.5086833333333334 290.5346504760308
0.5114722222222222 290.69879491848775
0.5142638888888889 290.86165698248806
0.5170527777777778 291.0229664709175
0.5210527777777778 291.1825909910897
0.5238777777777778 291.3410329539882
0.5266694444444444 291.49825613255666
0.5294527777777778 291.6545492294055
0.5322416666666666 291.80964572308886
0.5350333333333334 291.9632866402375
0.5391361111111111 292.11576010264804
0.5419277777777778 292.2670863171029
0.5447166666666666 292.4172747404716
0.5475055555555556 292.5666101555802
0.5502972222222222 292.7148311272923
0.5530833333333334 292.8616732216341
0.557325 293.0076540450244
0.5601138888888889 293.1524857243099
0.5629055555555555 293.2962558708206
0.5656861111111111 293.4392417770281
0.568475 293.58118399048954
0.5712666666666667 293.7218302015213
0.5755 293.86150758984667
0.5782888888888889 294.0000527297371
0.581075 294.1375944777379
0.5838638888888888 294.6458102233736
0.5866555555555556 294.7808078790093
0.5894444444444444 294.9145787747055
0.5935194444444445 295.0473678962714
0.5963944444444444 295.17931708504835
0.5991777777777778 295.31032394987454
0.6019694444444444 295.4406668657179
0.6047583333333333 295.57009509443253
0.6075472222222222 295.69836140469977
0.6116277777777778 295.82555636226914
0.6144305555555556 295.9518358647214
0.6172194444166667 296.0772414605823
0.6200083333333334 296.20203282227766
0.6228 296.325966511384
0.6255888888888889 296.4487992527186
0.6297166666666667 296.57087256829504
0.6325388888888889 296.6921280548445
0.6353305555555555 296.8125646100859
0.6381194444444445 296.9324327227137
0.6409111111111111 297.05149986393513
0.6437 297.1695211331616
0.6479111111111111 297.2867684517223
0.650725 297.4032557348994
0.6535166666666666 297.5189720936353
0.6562944444444444 297.63415021498486
0.6590805555555556 297.74856198635933
0.6618694444444444 297.86197920237845
0.6660611111111111 297.9747893797618
0.66885 298.37991043187156
0.6716416666666667 298.49061092010356
0.6744277777777777 298.6008234707618
0.6772194444166667 298.7103203555066
0.6800083333333333 298.8188707976884
0.6841277777777778 298.9267776977452
0.6869694444444444 299.034053228428
0.6897583333333334 299.1406381255182
0.6925416666666667 299.24677340612135
0.6953222222222222 299.3522267790543
0.6981111111111111 299.45677768227324
0.7021361111111111 299.56047630705905
0.7049777777777778 299.6635148379317
0.7077555555555556 299.76589367684966
0.7105361111111111 299.8678495918891
0.7133249999722222 299.9691740564486
0.7161083333055556 300.0696323326485
0.7202027777777777 300.1694752737949
0.72305 300.26868852218945
0.7258388888888889 300.36728934312475
0.7286305555555556 300.46550970435794
0.7314194444444444 300.5631274866879
0.7342083333333334 300.65992328796784
0.7382111111111112 300.75604698715466
0.7410694444444444 300.8516032366421
0.7438611111111111 300.94658316368606
0.74665 301.0412199364238
0.7494416666388889 301.3733827384138
0.752225 301.7037884128519
0.7562805555555555 302.0326743684381
0.7590694444444445 302.36111950038264
0.7618611111111111 302.68806778332055
0.7646444444166667 303.0137467904646
0.7674333333333333 303.10180534498176
0.7702222222222223 303.4233378303268
0.7744944444444445 303.9786492160565
0.7772833333055555 304.29954106647824
0.780075 304.61899542196136
0.7828638888888889 304.93702500209787
0.7856555555555556 305.25386010266106
0.7884444444444444 305.3349299533141
0.7927111111111111 305.8816638301532
0.7955222222222222 306.1955018374024
0.7983138888888889 306.50798254499756
0.80110277775 306.8190930671843
0.8038916666666667 307.12884332608394
0.8066833333333333 307.2043911580106
0.8110333333055556 307.743277510356
0.8138222222222222 308.0506177104562
0.8166138888888889 308.35663554813715
0.8194027777777778 308.6615584112766
0.8221944444444444 308.9651741190343
0.8249833333333333 309.26727235302786
0.8291361111111111 309.56820987331065
0.8319277777777778 309.8689412674136
0.8347166666666667 310.1684009925561
0.8375083333333333 310.4668166481702
0.8402888888888889 310.763966394894
0.8430805555555556 311.0596417037838
0.8470777777777778 311.35415168141134
0.8498666666666667 311.6483508425089
0.8526583333333333 311.9413270221357
0.8554444444444445 312.2333036811887
0.8582333333333333 312.52406819772807
0.8610222222222222 312.81340923341463
0.8650694444444444 313.1010691822589
0.86795 313.3886499259482
0.8707416666666666 313.6751287359468
0.8735305555555556 313.9604340154308
0.8763194444444444 314.24457375712467
0.8791111111111111 314.5275553796825
0.8831666666666667 314.8094528548219
0.8860055555555556 315.0912183588431
0.8887833333333334 315.3718755440971
0.891575 315.65161815569047
0.8943638888888888 315.70160526873417
0.8971555555555556 315.9780519105671
0.90125 316.4813703553029
0.9040861111111111 316.7573990595095
0.9068777777777778 317.03237081842906
0.9096666666666666 317.30625091290676
0.9124555555555556 317.3511568346797
0.9152472222222222 317.6220562999626
0.9193416666666666 318.1195061725546
0.9222 318.39014091181167
0.9249805555555556 318.65976260639354
0.9277694444166666 318.9285440576608
0.9305555555555556 318.968557991576
0.9333333333333333 319.23420685041293
0.9375027777777778 319.7261123421424
0.9402944444444444 319.9916498722301
0.943075 320.25615699060285
0.9458666666666666 320.51963942107903
0.9486527777777778 320.5546861753548
0.9514305555555556 320.815346012661
0.9558166666666666 321.30232163425
0.9586055555555556 321.56335305955577
0.9613944444444444 321.82339108759084
0.9641861111111111 322.08244706363274
0.966975 322.34052323540857
0.9697666666666667 322.5976370943686
0.9741277777777778 322.853944758622
0.9770138888888888 323.1386482963966
0.9798027777777778 323.3665792261285
0.9825944444444444 323.6213903083706
0.9853833333333334 323.87526389856555
0.988175 324.1281948371772
0.99235 324.40469450863924
0.9951333333333333 324.6563964195483
0.9979222222222223 324.8843225845593
1.000713888888889 325.1347081422292
1.0035027777777779 325.3156175747073
1.0062944444444444 325.49574747711335
1.010725 325.6959931986415
1.0135138888888888 325.87588727020216
1.0163055555555556 326.0354359776444
1.0190944444444445 326.21410673051093
1.021886111111111 326.392012728576
1.024675 326.5691553771439
1.0289166666666667 326.7630191596986
1.0317972222222223 326.93967355783013
1.0345861111111112 327.09922706279923
1.037375 327.27477500607824
1.0401666666666667 327.449579416639
1.04295 327.62364143425066
1.0469194444444445 327.81126224450367
1.0498 327.98464771154835
1.0525916666666666 328.14402925207213
1.0553805555555555 328.31634974302284
1.0581722222222223 328.4879499509329
1.060961111111111 328.65883637260134
1.0651527777777778 328.83995231042513
1.0679944444444445 329.010146997709
1.0707861111111112 329.16958196967425
1.073575 329.3387114600639
1.0763666666666667 329.5071424151537
1.0791555555555556 329.6748810988864
1.083213888888889 329.8500598922624
1.086038888888889 329.94135764154623
1.088825 330.02462383565654
1.0916166666666667 330.11498046955046
1.0944055555555556 330.2048267919172
1.0971972222222222 330.29417993126293
1.1013055555555555 330.38928974344617
1.1041416666666666 330.4788190646462
1.106925 330.562013648615
1.1097138888888889 330.65062833143566
1.1125055555555556 330.73874752932943
1.1152944444444444 330.82637685653486
1.1192722222222222 330.91799003950604
1.122063888888889 331.005556913255
1.1248527777777777 331.08853845152964
1.1276444444444444 331.17518102274244
1.1304333333333334 331.2613451848802
1.133225 331.347031062242
1.1374861111111112 331.43527258904106
1.1402833333333333 331.52132891897884
1.1430722222222223 331.6044112125369
1.1458638888888888 331.6895702955672
1.1486472222222222 331.7742583872183
1.151438888888889 331.8584787292745
1.1556305555555555 331.94354732130404
1.1584444444444444 332.0280523086549
1.1612333333055556 332.1112074604492
1.164025 332.1948511852829
1.1668138888888888 332.27804204015496
1.1696055555555556 332.2776946579088
1.1738194444444445 332.27775135285185
1.1766083333333333 332.2787617740508
1.1793972222222222 332.2790573505273
1.1821833333333334 332.27936743413323
1.1849722222222223 332.2794341130111
1.1877638888888888 332.27926740337665
1.1918194444444445 332.27928322030004
1.1946777777777777 332.2802478309954
1.1974638888888889 332.2805553272105
1.2002555555555556 332.2808996409288
1.2030444444444444 332.2810221646476
1.205836111111111 332.28091291829134
1.2098916666666666 332.28095184377975
1.2127055555555555 332.28188446913333
1.2154944444444444 332.28216065362506
1.2182833333333334 332.28243972333837
1.221075 332.28249008873433
1.2238555555555555 332.28230753184056
1.2280472222222223 332.2823289801481
1.2309027777777777 332.28340923911634
1.2336916666666666 332.2838283712117
1.2364833333333334 332.2843056584955
1.2392722222222223 332.28456088108805
1.2420638888888889 332.2845924737478
1.246163888861111 332.2847463070131
1.249 332.28584270202623
1.2517916666666666 332.28651435465815
1.2545805555555556 332.287440550754
1.2573722222222221 332.2883695476166
1.260161111111111 332.2892985444791
1.2641166666666668 332.29028700831446
1.266936111111111 332.2910574301722
1.2697277777777778 332.29136805684146
1.2725166666666667 332.2917298731956
1.2753083333333333 332.2923174817881
1.2780972222222222 332.2929190726777
1.2821305555555556 332.2934058777795
1.28495 332.29393033169873
1.287738888888889 332.2943076120982
1.290525 332.2943984508086
1.293316666638889 332.29471465868744
1.2961055555277778 332.295042056115
1.3002333333333334 332.29533866183607
1.3030305555555555 332.29550657527034
1.3058194444444444 332.2956297172818
1.3086111111111112 332.2955307046377
1.3114 332.29565384664915
1.3141916666666666 332.29577978769373
1.3183583333333333 332.29599035883507
1.3211972222222221 332.2965769168742
1.3239888888888889 332.29696778783597
1.3267777777777778 332.2973035828784
1.3295694444444444 332.2976393779208
1.3323555555277777 332.29797237374265
1.3366444444444445 332.2987869095874
1.3394444444444444 332.2996520193269
1.3422333333333334 332.3001668610348
1.345025 332.3007853267193
1.3478055555555555 332.3014037820577
1.3505944444444444 332.30201104701854
1.3545444444444446 332.30250683492386
1.3574333333333333 332.30294264911464
1.3602222222222222 332.30330239611953
1.363013888888889 332.30364102438494
1.3658027777777777 332.3039824483754
1.3685944444166667 332.3043294694808
1.3727722221944445 332.3046624931563
1.3755527777777778 332.3051213823528
1.3783416666666666 332.30549915704455
1.3811333333333333 332.30588532350004
1.3839222222222223 332.3062854848419
1.3867138888888888 332.30668844563843
1.390938888888889 332.30739031132856
1.393775 332.30806024750996
1.396563888888889 332.30827996619985
1.3993416666666667 332.3085191834608
1.4021333333333332 332.3089837828442
1.4049222222222222 332.30944838222763
1.4089472222222221 332.309870977347
1.4118083333333333 332.31028417205675
1.4145972222222223 332.31018685110513
1.4173888888888888 332.3101582408936
1.4201777777777778 332.31035141835656
1.4229694444166667 332.3105445958196
1.427161111111111 332.31071609734795
1.42995 332.3110375928352
1.4327388888888888 332.3110067581638
1.4355305555555555 332.31088556324335
1.4383194444444445 332.3109863287215
1.441111111111111 332.3110870947616
1.4451222221944444 332.3109947441757
1.447913888888889 332.31101712876375
1.4507027777777777 332.3108199984612
1.4534916666666666 332.31052238239346
1.4562805555555556 332.31044402890825
1.4590694444444445 332.31037406946405
1.4630083333333332 332.3099320896627
1.4658444444444445 332.3094536950908
1.468636111111111 332.3089948903195
1.4714138888888888 332.30852210418624
1.4742055555555555 332.3080437176159
1.476986111111111 332.3074019925151
1.4810583333333334 332.30682870715515
1.4838805555555556 332.3062719323955
1.4866694444444444 332.30574874950037
1.4894583333333333 332.3052199710655
1.49225 332.30460905383813
1.4950305555555556 332.3038580066179
1.4990805555277777 332.3028910379023
1.501925 332.3019874589956
1.504713888888889 332.30108388008887
1.5075055555555557 332.3001858961003
1.5102944444444444 332.29934486769554
1.5130861111111111 332.2982316336322
1.5174222222222222 332.29729235002486
1.5202083333333334 332.29697067649687
1.523 332.29661262490157
1.5257888888888889 332.296251777034
1.5285777777777778 332.2956595088429
1.5313694444444443 332.29508379898596
1.535475 332.29478077116573
1.5382638888888889 332.29442272555883
1.5410527777777778 332.2940590854889
1.5438444444444444 332.2936982416447
1.5466333333333333 332.29310808917205
1.549425 332.29253794980264
1.5534833333333333 332.2922524027069
1.5563305555555556 332.2917543844686
1.5591194444444445 332.2913123504526
1.5619083333333332 332.2908675175126
1.5646888888888888 332.29031655817914
1.5674777777777777 332.2896407001849
1.5716694444444443 332.2892067243779
1.574561111111111 332.28896045683206
1.5773527777777778 332.28881774831893
1.5801416666666668 332.28868063698275
1.5829333333333333 332.28838724597273
1.5857222222222223 332.28803474204676
1.5898222222222222 332.28774127679577
1.5926111111111112 332.2875230465291
1.5954027777777777 332.28722085458344
1.5981916666666667 332.28692426209267
1.6009833333333334 332.2865385425525
1.6037722222222222 332.2860383348121
1.6080055555555555 332.28570535874525
1.6108361111111111 332.28567737941415
1.613625 332.28567737941415
1.6164166666666666 332.28567737941415
1.6192055555555556 332.2854014025741
1.6219972221944445 332.28518526645644
1.6260555555555556 332.2851123192426
1.6288666666666667 332.2849136842652
1.6316555555555556 332.28470385624485
1.6344472222222222 332.2844912299248
1.6372361111111111 332.28408773989224
1.6400222222222223 332.28365145949067
1.6442194444166667 332.28349013622596
1.647013888888889 332.283353033299
1.6498027777777777 332.2831963411816
1.6525944444444445 332.2830452435263
1.6553833333333334 332.2827465120413
1.658175 332.28239675231924
1.6622416666666666 332.28209180277935
1.6650833333333332 332.28173923764325
1.6678666666666666 332.281431461563
1.6706583333333334 332.28111808605917
1.6734472222222223 332.28072196740925
1.6762388888888888 332.28019664938785
1.6803055555555555 332.27975649812436
1.6830888888888889 332.2793396002634
1.6858805555555556 332.2788667139491
1.6886666666666668 332.2783938302717
1.6914555555555555 332.27795293507
1.6942416666666666 332.2772688602739
1.6984472222222222 332.27671649618486
1.7012944444444444 332.2765961800299
1.7040833333333334 332.27647866290806
1.706875 332.27637513678565
1.7096638888888889 332.2760992852481
1.7124472222222222 332.27577732677037
1.7165333333333332 332.27546632306405
1.7193916666666667 332.2752089476569
1.7221805555555556 332.27496276523027
1.7249694444444446 332.27471378597
1.7277611110833333 332.27428955204243
1.7305499999722223 332.2738281451069
1.7346333333333332 332.2734133620702
1.737475 332.27317840512404
1.7402638888888888 332.27292386488426
1.7430555555555556 332.2726693232255
1.7458333333333333 332.27217038975607
1.7486222222222223 332.27167262731393
1.7526722222222222 332.27130160916823
1.755525 332.2709603773886
1.758313888888889 332.27068069792125
1.7611027777777777 332.2703982208717
1.7638916666666666 332.26983643376695
1.7666833333333334 332.2693385418414
1.770875 332.2692875337153
1.773763888888889 332.26916723433004
1.7765555555555557 332.269156044719
1.7793444444444444 332.26914205774415
1.7821333333333333 332.2691280707693
1.7849249999722223 332.2688126875164
1.7890111110833333 332.26877403358037
1.7918777777777777 332.26847189217733
1.7946666666666666 332.26822571661313
1.7974583333333334 332.26797674290526
1.8002472222222223 332.26773056734106
1.803038888861111 332.26748718854816
1.80707777775 332.26713754340744
1.809911111111111 332.2665191501396
1.8127 332.2659427565911
1.8154916666666667 332.2653663598287
1.8182805555555555 332.2648949992009
1.8210722222222222 332.26410223982316
1.8250972222222221 332.26302071744783
1.8279722222222223 332.2622232508096
1.830761111111111 332.26150978772426
1.8335527777777778 332.260796324639
1.8363416666666668 332.26024673372035
1.8391333333333333 332.2593146445324
1.8430583333333332 332.2579642862047
1.8459388888888888 332.257007515568
1.8487277777777777 332.25614034955754
1.8515166666666667 332.2552703838113
1.8543083333333332 332.25455628359884
1.8570972222222222 332.2534736667569
1.8616277777777779 332.25249703116356
1.8644444444444443 332.2524215179192
1.8672333333333333 332.25229005941145
1.870025 332.2521558035399
1.8728138888888888 332.25203553164937
1.8756055555555555 332.25191525975873
1.8795972222222221 332.25161044057467
1.8824611111111111 332.2513223586786
1.88525 332.2510678439794
1.888038888861111 332.2508245194528
1.89082777775 332.2503495658367
1.8936194444444445 332.24988232678044
1.8978111111111111 332.24983406104246
1.9006472222222222 332.24988161198496
1.903436111111111 332.24992916292734
1.9062277777777779 332.24997391688026
1.9090166666666666 332.25002146782276
1.9118083333333333 332.24974411244824
1.9158833333333334 332.2498742018395
1.9187527777777778 332.2499413365115
1.9215416666666667 332.2500168619649
1.9243333333333332 332.25010357589105
1.9271222222222222 332.2498622291946
1.929913888888889 332.24972935416315
1.9340166666666667 332.24984539880563
1.9368055555555554 332.2497810662535
1.9395944444444444 332.2497139364468
1.9423861111111111 332.24965519835706
1.945175 332.2496048510021
1.9479666666666666 332.24956009779766
1.9520111111111111 332.24936992954343
1.9548 332.24883280122384
1.9575916666666666 332.2482984689585
1.9603805555555556 332.24776693572636
1.9631722222222223 332.24723260346104
1.9659527777777779 332.246692682113
1.9701555555555557 332.24629257208676
1.9729472222222222 332.2456573792327
1.9757361111111111 332.2449241816752
1.9785277777777779 332.2439726266047
1.9813083333333332 332.24323103985586
1.9841 332.24248384789144
1.9881416666666667 332.2415856736278
1.9909333333333334 332.24055305468625
1.9937222222222222 332.2393024434663
1.996513888888889 332.23806580709015
1.9993027777777779 332.2370499787092
2.0020861111111112 332.23603415032824
2.0062777777777776 332.2351748852992
2.009122222222222 332.2340578713575
2.011911111111111 332.2327849862672
2.014702777777778 332.2315148976519
2.0174916666666665 332.2304623229213
2.0202833333333334 332.22940974232034
2.02445 332.2283208148328
2.0273416666666666 332.22725969099037
2.0301305555555555 332.22607907921815
2.0329194444444445 332.2248062250638
2.035711111111111 332.22375631213566
2.0385 332.2227036023739
2.0424805555555556 332.2215082881024
2.045272222222222 332.22030181687126
2.048061111111111 332.21887795332674
2.05085 332.2173590381859
2.0536416666666666 332.21606007252456
2.0564305555555555 332.214758310996
2.0607527777777777 332.21371942911526
2.063633333333333 332.2129045967907
2.066422222222222 332.2119673035792
2.069211111111111 332.21097690909585
2.0720027777777776 332.2102096979313
2.0747916666666666 332.2094480826018
2.078777777777778 332.2083731965801
2.0816583333333334 332.20731493451535
2.0844388888888887 332.2061203263446
2.0872277777777777 332.204878201821
2.0900194444444447 332.20385919150294
2.0927972222222224 332.2028317970689
2.0970222222222223 332.2017568331138
2.0998027777777777 332.20079116641944
2.1025944444444447 332.1995965244259
2.105383333333333 332.19835716743785
2.108175 332.19734666546157
2.110963888888889 332.19633336713497
2.1150944444444444 332.1952557570524
2.1179194444444445 332.19432664103806
2.1207083333333334 332.19321018312877
2.1235 332.19209372743353
2.126288888888889 332.1911982239011
2.1290805555555554 332.1903055163293
2.1333333333333333 332.1895442364912
2.1361777777777777 332.18878294391703
2.1389666666666667 332.18785379666434
2.141758333333333 332.1869190656579
2.144547222222222 332.1862137780252
2.147336111111111 332.1855140918166
2.1516166666666665 332.1850186104022
2.1544083333333335 332.1845903606838
2.1571972222222224 332.1839436131414
2.159988888888889 332.18327172803293
2.162777777777778 332.1828210761176
2.165566666666667 332.18236762638617
2.169625 332.1818162598432
2.172502777777778 332.1810996572869
2.1752944444444444 332.18025443019457
2.1780833333333334 332.17941199661584
2.180875 332.17879342400767
2.183663888888889 332.17817765208815
2.187736111111111 332.17757866058975
2.19055 332.1769629058398
2.193338888888889 332.1761483831637
2.1961305555555555 332.17526682136474
2.1989111111111113 332.17460066438076
2.201702777777778 332.1739289019452
2.2058138888888887 332.17331308538155
2.2086166666666665 332.17276727081384
2.2114055555555554 332.17201150024187
2.2141944444444444 332.17123058944685
2.2169861111111113 332.1706791675546
2.219775 332.1701277456624
2.2239694444444447 332.16966026537295
2.226758333333333 332.1691955856627
2.229547222222222 332.1685069828607
2.232338888888889 332.16775413277395
2.2351277777777776 332.16723062885984
2.2379194444444446 332.1667099229802
2.242097222222222 332.1662032075072
2.2448888888888887 332.1657749124086
2.2476777777777777 332.165136651096
2.2504694444444446 332.1644536998136
2.253258333333333 332.1639917871784
2.256047222222222 332.1635242756016
2.2601916666666666 332.1632554732237
2.263 332.16311550712066
2.265791666666667 332.16278196378545
2.2685805555555554 332.16242049564624
2.2713722222222223 332.1622777274343
2.2741611111111113 332.16213495922227
2.2783166666666665 332.1619278186305
2.281113888888889 332.16177669064086
2.2839055555555556 332.16160596770146
2.2866944444444446 332.1612246799369
2.289486111111111 332.16107074855967
2.292275 332.16091401886695
2.296436111111111 332.1606565602127
2.299227777777778 332.160357157159
2.302016666666667 332.1600493587687
2.3048083333333333 332.1597527497399
2.3075972222222223 332.1594561407111
2.3103861111111113 332.15915673431846
2.3145777777777776 332.1588153674372
2.3173694444444446 332.1584600328943
2.3201583333333335 332.15788559441495
2.322938888888889 332.15724971547536
2.3257305555277776 332.15682720989076
2.3285194444444444 332.1564075011865
2.3326416666666665 332.1560409382158
2.3354305555555555 332.1555035972134
2.3382194444444444 332.15474493657246
2.341011111111111 332.1539751040216
2.3438 332.1534265622955
2.346591666666667 332.1528864211357
2.35075277775 332.15244699004893
2.3535416666666666 332.15222592066846
2.356333333333333 332.1517829844422
2.359122222222222 332.1512423268925
2.361913888888889 332.1509232824662
2.3647027777777776 332.15061263308013
2.3688944444444444 332.1503159711203
2.371686111111111 332.1500165196469
2.374475 332.1497310636214
2.377266666666667 332.14944840539636
2.3800444444444446 332.14915175832476
2.382833333333333 332.148849509082
2.3869944444444444 332.1485220787917
2.3897833333333334 332.1481274591036
2.3925722222222223 332.14751136852664
2.395363888888889 332.14684780116204
2.3981416666666666 332.1464083921295
2.4009305555555556 332.1459633756026
2.405002777777778 332.14537849829395
2.4077944444444443 332.1447657115968
2.4105861111111113 332.144094110221
2.413375 332.14320121456166
2.4161638888888888 332.1425268167265
2.4189555555555557 332.14186360482256
2.423302777777778 332.1412199688986
2.4260944444444443 332.1406995620121
2.4288833333333333 332.1399602531609
2.431675 332.1392321301787
2.4344638888888888 332.13873409805643
2.4372527777777777 332.1382444556398
2.4414583333333333 332.13780515195447
2.4442694444444446 332.1375282021276
2.447058333333333 332.1372680429411
2.4498499999722223 332.137010680448
2.452638888888889 332.13675331938964
2.455416666666667 332.1364847717141
2.459725 332.136230201672
2.462527777777778 332.1363700265935
2.465316666666667 332.1364762970879
2.4681083333333333 332.13657977127866
2.4708972222222223 332.13669722683153
2.473688888888889 332.13681747995054
2.4777694444444442 332.13678672284004
2.480561111111111 332.1367671502424
2.48335 332.1367280034108
2.4861416666666667 332.13668885657916
2.4889305555555556 332.136652506051
2.4917194444444446 332.1366105631339
2.4960583333333335 332.1366273410021
2.49885 332.1369376424884
2.501638888888889 332.1371920465556
2.504427777777778 332.1374464506228
2.5072194444444444 332.1377008561078
2.5100083333333334 332.13795526017503
2.514108333333333 332.1379692351488
2.516897222222222 332.1377427875732
2.519686111111111 332.1375191362701
2.5224777777777776 332.13730386889165
2.5252666666388888 332.13708860271294
2.5280583333333335 332.13687613160687
2.5321277777777778 332.13651554311275
2.5349583333333334 332.1361577229581
2.53775 332.1358446425393
2.540538888888889 332.1355427418821
2.543327777777778 332.1352352504716
2.546111111111111 332.13492217005285
2.550116666666667 332.1345587852864
2.552983333333333 332.13418418396
2.555775 332.133837541822
2.558563888888889 332.13349928524536
2.5613527777777776 332.13315823410994
2.5641444444444446 332.1328283668181
2.5681861111111113 332.1322945406331
2.570975 332.13160689328913
2.5737666666666668 332.1308185311214
2.5765555555555557 332.13002737554694
2.5793472222222222 332.12923901337916
2.582133333333333 332.1284478578047
2.586325 332.12777682903254
2.5891305555555557 332.12717297383244
2.5919194444444447 332.12659428410785
2.5947111110833334 332.1260211792009
2.5974944444444446 332.1254424894763
2.600275 332.1248470261336
2.604436111111111 332.1241621531122
2.6072416666666665 332.1234185124364
2.6100305555555554 332.1226468981341
2.6128222222222224 332.1218780773941
2.6156111111111113 332.1211092566542
2.6184 332.1203376423519
2.6225916666666667 332.119588372808
2.625402777777778 332.118995733144
2.6281916666666665 332.1184002996687
2.6309833333333335 332.1178076600047
2.6337722222222224 332.1172178141676
2.636563888861111 332.116639143794
2.6406666666666667 332.11597946430606
2.6434583333333332 332.1151213290308
2.646247222222222 332.1142603961266
2.6490305555555556 332.113393877576
2.6518194444444445 332.11251896604506
2.654602777777778 332.1116384689299
2.6587944444444442 332.1106937262751
2.6616138888888887 332.1098385649564
2.6644055555555557 332.1089610269108
2.6671944444444446 332.1080946725257
2.669986111111111 332.1072283133129
2.672772222222222 332.10635916665683
2.676836111111111 332.1053532065623
2.6796805555555556 332.10440028307903
2.6824694444444446 332.10350610135805
2.6852583333333335 332.10260912281905
2.688047222222222 332.1017205247847
2.690827777777778 332.1008207594393
2.6948805555555557 332.0996362984992
2.697725 332.0981267890696
2.7005166666666667 332.0965781126118
2.7033055555555556 332.0952649146206
2.706097222222222 332.0939517093125
2.708886111111111 332.09263851132135
2.7131333333333334 332.0915625639536
2.715977777777778 332.0904783467606
2.7187666666666668 332.0893045734084
2.7215583333333333 332.0883573392106
2.7243472222222223 332.0874212766067
2.7271305555555556 332.0864740424088
2.731341666666667 332.08573341822853
2.7341305555555557 332.0851186409554
2.7369222222222223 332.08445073391437
2.7397111110833334 332.08378562331717
2.7425 332.08311492355404
2.7452916666666667 332.0824665804544
2.749436111111111 332.08188806485356
2.7522555555555557 332.08137947923115
2.755047222222222 332.0808373423609
2.7578361110833334 332.0802980015137
2.7606277777777777 332.07976983283055
2.7634166666666666 332.07924725323477
2.767447222222222 332.07974933827404
2.770263888888889 332.0785643792852
2.7730472222222224 332.0772955001558
2.775838888888889 332.0762447897175
2.778627777777778 332.0751940851341
2.7814194444444444 332.07414617205967
2.7856083333333332 332.0742842363309
2.7884777777777776 332.0728558387843
2.7912666666666666 332.07137429567166
2.7940583333333335 332.070120118462
2.796847222222222 332.0688631514837
2.799636111111111 332.0676061845055
2.8037805555555555 332.0674858187963
2.8065694444444444 332.06620564845014
2.809361111111111 332.0647996159774
2.81215 332.0636264926059
2.8149416666666665 332.0624533626991
2.8177305555555554 332.06128023932763
2.8219333333055556 332.0613027384314
2.824725 332.05988268636384
2.827513888888889 332.0583787641237
2.8303055555555554 332.05710266023186
2.8330944444444444 332.05582655634004
2.8358861111111113 332.0545588189124
2.8400777777777777 332.0544772698064
2.8428694444444442 332.0531494240193
2.8456611110833334 332.0516399073588
2.84845 332.05036147758256
2.8512416666666667 332.04908304780633
2.8540305555555556 332.04780461803006
2.858299999972222 332.04778982225145
2.86107777775 332.0461768531883
2.8638583333333334 332.0444576383721
2.86665 332.042958096144
2.8694277777777777 332.0414474009586
2.8722194444444447 332.039925519156
2.8763944444444443 332.0395723882027
2.8791777777777776 332.0380516907459
2.8819583333333334 332.03637443626263
2.8847472222222224 332.0349141753742
2.8875361110833335 332.0334539144858
2.890327777777778 332.03199365359734
2.8943305555555554 332.03152820805406
2.897161111111111 332.02958251512115
2.89995 332.0276284329111
2.9027416666666666 332.0259027072425
2.9055305555555555 332.0241769815738
2.9083222221944443 332.02245404354704
2.9124194444166664 332.0218208499804
2.915227777777778 332.0199925637809
2.9180194444444445 332.0180384474131
2.9208083333333335 332.01631538461703
2.923599999972222 332.01458952436366
2.926388888888889 332.01287761309726
2.9305916666388887 332.01235940033854
2.9333833333333335 332.01042493343505
2.9361722222222224 332.0084848797787
2.938963888888889 332.00677331176007
2.9417444444444443 332.0050533817465
2.9445333333333332 332.0033222736975
2.9487361111111112 332.0027842595226
2.9515277777777778 332.00109862230113
2.9543166666666667 331.99941578113385
2.9571055555555557 331.9979583569815
2.9598972221944444 331.9965009328292
2.962686111111111 331.9950435086768
2.966738888888889 331.9946396555773
2.9696055555555554 331.9928561228231
2.9723972221944446 331.9910698353211
2.9751861111111113 331.98952021895144
2.977977777777778 331.9879705939506
2.980766666666667 331.98642936677214
2.984958333333333 331.9860705065743
2.98775 331.98434577755205
2.990538888888889 331.98262943175746
2.9933222221944447 331.9811388273727
2.996111111111111 331.97965098538407
2.9988944444444443 331.9781659307116
3.0029222222222223 331.9777002738381
3.0057833333333335 331.97591956886515
3.008563888888889 331.97411930848176
3.0113527777777778 331.9725445763238
3.0141444444444443 331.9709670476908
3.0169333333055555 331.96939231553284
3.021138888888889 331.9690138738693
3.0239277777777778 331.96715215007606
3.0267194444444443 331.96517577659074
3.0295083333333332 331.96343358742104
3.032297222222222 331.96169975968786
3.0350888888888887 331.9599714966974
3.0392166666666665 331.9593661882508
3.0420305555555553 331.9573676062819
3.0448194444444443 331.9553885985092
3.0476111111111113 331.9536386426443
3.0504 331.95189148264654
3.0531916666666667 331.95014152678164
3.057252777777778 331.9494462804857
3.0600416666666668 331.94704520405674
3.062825 331.9445462226671
3.0656138888611113 331.9422683420134
3.0684 331.9399876761828
3.0711833333333334 331.9376930591424
3.0754805555555556 331.9366818377253
3.078272222222222 331.9348201235598
3.081061111111111 331.93276834014347
3.083852777777778 331.93095381231143
3.0866416666666665 331.92914208111034
3.0894305555555555 331.92732476675303
3.093688888888889 331.92676980939
3.096477777777778 331.9248493898907
3.0992694444444444 331.92294294779316
3.1020583333333334 331.92126515625057
3.1048472222222223 331.9195957257723
3.107638888888889 331.91792628599615
3.1118333333333332 331.91643525814925
3.114663888888889 331.91482230198073
3.1174555555555554 331.9131925746758
3.1202444444166666 331.9117909749718
3.1230333333333333 331.91038379119976
3.1258222221944445 331.90897660742775
3.1299444444444444 331.9076307584491
3.1327805555555557 331.9062008880062
3.135572222222222 331.9047626273897
3.138361111111111 331.9033271635133
3.1411416666666665 331.9018777480771
3.1439305555555555 331.90041994232706
3.1480055555555557 331.89890915457426
3.1508194444444446 331.8972108803564
3.153608333333333 331.8955322007489
3.1564 331.8938563096214
3.159188888888889 331.89217763001403
3.161980555527778 331.89050173888654
3.1661333333333332 331.88889557374944
3.1690194444444444 331.8874403053884
3.1718083333333333 331.88599063962806
3.1745972222222223 331.8845381766287
3.177388888888889 331.8830885027925
3.1801777777777778 331.8816471965383
3.1842305555555557 331.880175209833
3.1870777777777777 331.8786892201421
3.1898694444444446 331.8772395866854
3.192658333333333 331.87578996130435
3.195447222222222 331.87494899117337
3.198236111111111 331.8732722051367
3.2022916666666665 331.87224011544873
3.2050805555555555 331.87062857912264
3.207872222222222 331.86900863232904
3.210661111083333 331.86738869455985
3.2134444444444443 331.86646053806703
3.2162333333333333 331.86459301240905
3.220352777777778 331.8634639745347
3.223141666666667 331.8617796241821
3.2259333333333333 331.86009527382953
3.2287222222222223 331.85841372144904
3.2315027777777776 331.85671821683536
3.2342916666666666 331.8550198953113
3.2384555555555554 331.85341638504536
3.2412472222222224 331.8517570494902
3.2440277777777777 331.85008934737766
3.2468166666666667 331.8484104620127
3.2496055555555556 331.8467287784727
3.2523972221944444 331.8450470949327
3.2563444444444443 331.84315072931804
3.259213888888889 331.8411476538566
3.2619972222222224 331.83919779439634
3.264786111111111 331.8379203788104
3.267577777777778 331.83573014504475
3.270366666666667 331.83353710755705
3.274586111111111 331.83223625494594
3.27745 331.8305180501242
3.280238888888889 331.82886421864083
3.2830194444444443 331.8276846158038
3.285808333333333 331.82577773101696
3.2885999999722224 331.82386803943507
3.2928611111111112 331.8230357869628
3.2957277777777776 331.8215523797637
3.2985194444444446 331.82014729550764
3.3013 331.8191124597985
3.304088888888889 331.81745529515763
3.3068805555555554 331.81580093561627
3.311111111111111 331.8153983482731
3.3139416666666666 331.81419980944844
3.3167305555555555 331.81304042902275
3.319522222222222 331.8120541971137
3.322311111111111 331.81067478712646
3.3250972222222224 331.80929818408174
3.3291694444444446 331.80898254653954
3.331961111111111 331.80771702705
3.33475 331.8064515146111
3.3375416666666666 331.80540323361225
3.3403305555555556 331.8041338862872
3.343122222222222 331.80286733752735
3.347186111111111 331.80243670696797
3.3499694444444446 331.80105654427746
3.352761111111111 331.79967078615755
3.35555 331.7984981384991
3.358338888888889 331.79711657657407
3.3611222222222223 331.795723812971
3.3652972222222224 331.7954126161586
3.3681055555555557 331.79413561618225
3.370891666638889 331.79287261240194
3.3736805555555556 331.7916681392586
3.376472222222222 331.7904012940764
3.3792555555555555 331.7891428817071
3.3834388888611113 331.78900858796936
3.3862305555555556 331.7877735542986
3.3890194444444446 331.7865413182569
3.391811111111111 331.78534852740665
3.3946 331.78411255731623
3.3973805555555554 331.78287661477236
3.4015916666666666 331.7829623842842
3.4044583333333334 331.78208774086494
3.4072388888888887 331.7812802302733
3.4100305555555557 331.7802791052129
3.4128194444444446 331.7794607329126
3.4156 331.77863395958485
3.4199277777777777 331.7795834615544
3.4227527777777778 331.77901327463616
3.4255416666666667 331.77847664607316
3.4283222221944443 331.7774726351547
3.431102777777778 331.7769035476873
3.433883333333333 331.7763148381512
3.4380361111111113 331.7772605699954
3.4408805555555557 331.7765897655739
3.4436722222222222 331.7759553158455
3.446461111111111 331.7748987839692
3.4492527777777777 331.774270816625
3.4520416666666667 331.77364565444884
3.456325 331.7750247413903
3.4591055555555554 331.7746054021953
3.4618944444444444 331.7741692772776
3.464686111111111 331.7730708647581
3.467475 331.77263341824977
3.4702611111111112 331.77219036592163
3.47450277775 331.7739073476247
3.4772916666666664 331.77378713337527
3.4800694444444447 331.77365014657136
3.482861111111111 331.7726932141359
3.48565 331.7725445940809
3.4884416666666667 331.77239877777157
3.4927305555555557 331.7745495774597
3.4955194444444446 331.77451881846326
3.498311111111111 331.77448805929544
3.5010999999722223 331.7734859861055
3.503888888888889 331.77345513390003
3.5066805555555556 331.77342147685476
3.5110166666666665 331.77595068189305
3.5138083333055556 331.77638130186176
3.5165972222222224 331.7768119194302
3.5193777777777777 331.7760580459853
3.5221694444444442 331.7764703367632
3.524958333333333 331.77688543108377
3.529175 331.7798185580811
3.5319666666666665 331.7804784361392
3.5347555555555554 331.7810991931008
3.5375361110833334 331.78045362095224
3.5403277777777777 331.78105662794144
3.5431166666666667 331.78165963156954
3.547163888888889 331.78455820846756
3.5499888888611113 331.78523207638614
3.5527722222222224 331.7858584327364
3.5555555555555554 331.7852188735856
3.5583472222222223 331.7858303065556
3.5611361111111113 331.7864417361175
3.5653833333055553 331.7896935800122
3.568175 331.79062744930496
3.570963888888889 331.7915641120043
3.5737555555555556 331.79114361857364
3.5765444444444445 331.79209154101625
3.5793333333333335 331.79303666158717
3.5834027777777777 331.7963799140836
3.5862333333333334 331.79721044416334
3.5890138888888887 331.79805772429705
3.591797222222222 331.7975532282568
3.594588888888889 331.79838626116396
3.5973777777777776 331.79922770151245
3.6016194444444443 331.80271007971845
3.6044111110833335 331.8036607675045
3.6072027777777778 331.80459748763457
3.6099916666666667 331.80575615574617
3.6127805555555557 331.80535064893445
3.615572222222222 331.80629301489074
3.619738888888889 331.809834820426
3.6225277777777776 331.81083876081107
3.6253194444444445 331.811820351141
3.6281083333333335 331.8130264509744
3.6308944444444444 331.8142241728432
3.633675 331.81518897308723
3.637863888888889 331.8162881780411
3.6407583333333333 331.81754399182097
3.6435472222222223 331.8189031512849
3.6463361111111112 331.82049188762113
3.649125 331.8220834163544
3.6519138888888887 331.82345376232644
3.656161111111111 331.82505938302256
3.659016666638889 331.8267432704608
3.6618083333333336 331.8284662604956
3.6645944444444445 331.83040418802136
3.6673833333333334 331.83233652865897
3.670174999972222 331.83404833043045
3.6743694444444444 331.8359282496201
3.6771583333333333 331.83785531271565
3.67995 331.8397293443374
3.682738888888889 331.841823704731
3.6855222221944444 331.84390968001327
3.6883138888888887 331.8457725129822
3.6926444444444444 331.84788476048305
3.695472222222222 331.8507427641221
3.6982555555555554 331.85331018959386
3.7010444444444444 331.85554248173247
3.7038333333333333 331.85808371884315
3.706625 331.8604051132463
3.7106416666666666 331.86264800779725
3.7135055555555554 331.865009657567
3.7162972222222224 331.86734129530834
3.7190861110833335 331.86951442096984
3.7218666666666667 331.87181837985503
3.724658333333333 331.8738968465424
3.728658333333333 331.8758323381128
3.73145 331.87755562595163
3.7342416666666667 331.87928450888927
3.7370305555555556 331.8812308926104
3.739822222222222 331.88317727633165
3.742602777777778 331.8848977426409
3.7466805555555553 331.8864809500145
3.749525 331.8879635081627
3.7523166666666667 331.88947400545334
3.755105555527778 331.8912024372196
3.757886111111111 331.89291969228964
3.7606722222222224 331.8944022091123
3.765 331.895067197524
3.7677944444444442 331.89730887114894
3.770586111111111 331.899561773665
3.773375 331.9015508871958
3.7761666666666667 331.90379053093096
3.7789555555555556 331.90581285786834
3.7834805555555557 331.90742828080243
3.786325 331.9104344049972
3.7891166666666667 331.9135022691467
3.7919055555555556 331.91594711953144
3.794697222222222 331.9190083650378
3.797486111111111 331.92185360695305
3.8015305555555554 331.9242279105201
3.804402777777778 331.927284818317
3.8071916666666668 331.93042027853767
3.8099777777777777 331.93289517476285
3.812766666638889 331.9360040573418
3.815558333333333 331.9388943362833
3.819958333333333 331.941464025451
3.822747222222222 331.94499853290216
3.825536111111111 331.94853022467885
3.828327777777778 331.95116875921235
3.8311166666666665 331.95468844686343
3.8339 331.95798445769594
3.8381944444444445 331.9641553930449
3.8410777777777776 331.9683312660242
3.8438666666666665 331.9696914692214
3.8466555555555555 331.9725965789297
3.849447222222222 331.9766364016826
3.852236111111111 331.98045903154053
3.8563388888888888 331.98682229284236
3.859186111111111 331.9908526193202
3.861975 331.9921913516909
3.8647666666666667 331.9949500410098
3.8675555555555556 331.998819400312
3.870347222222222 332.0024853180686
3.8744722222222223 332.00884337323396
3.877327777777778 332.0129576759096
3.8801194444444445 332.014405450304
3.8829083333333334 332.0171502566852
3.8856972222222224 332.02111465379534
3.888488888888889 332.0248645871768
3.8926 332.03165421918595
3.895391666666667 332.0359587023874
3.8981805555555558 332.0375490673281
3.9009722222222223 332.04026598040355
3.9037611111111112 332.04434209997
3.90655 332.048201055647
3.9105666666666665 332.05446863933116
3.913422222222222 332.05845399682187
3.916211111111111 332.0600732819233
3.919 332.0625008433304
3.9217916666666666 332.0663250351227
3.9245694444444443 332.06992028043635
3.9288666666666665 332.076435064271
3.931663888888889 332.08072822743395
3.9344555555555556 332.0825047140369
3.9372444444444445 332.08502977424575
3.9400333333333335 332.08910563703165
3.942825 332.09297537628623
3.946913888888889 332.09987100379743
3.9497027777777776 332.10408595896286
3.9524916666666665 332.10582670148506
3.9552805555555555 332.10829811242263
3.9580722222222224 332.11228485451886
3.960861111111111 332.11605434571305
3.9649472222222224 332.12254100128035
3.9678166666666668 332.12667481159167
3.970597222222222 332.1285176471239
3.973388888888889 332.13088408460436
3.9761777777777776 332.1348594829129
3.9789694444444446 332.13861754977484
3.9832666666666667 332.1456653860015
3.986047222222222 332.1501658123719
3.9888305555555554 332.15216953358413
3.9916222222222224 332.1546522504018
3.9944 332.1589017369839
3.9971805555555555 332.1629147498045
4.0011833333333335 332.169874603297
4.004 332.174125948068
4.006788888888889 332.1761293950487
4.009572222222222 332.1784052216088
4.012363888888889 332.1824533793916
4.015152777777778 332.1862843297772
4.0194527777777775 332.1932449479326
4.022255555555556 332.1977705731033
4.025041666666667 332.19994657939037
4.027830555555555 332.2023045728477
4.030611111111111 332.20659597463487
4.033394444444444 332.2106565505922
4.037738888888889 332.2183967483586
4.040530555555556 332.2233057945825
4.043319444444444 332.2257357221802
4.046111111111111 332.2282260455033
4.0489 332.2329172445164
4.051691666666667 332.237394983312
4.055913888888889 332.2459276947257
4.0587027777777775 332.2511809927193
4.0614944444444445 332.2538634680273
4.064283333333333 332.2564426802463
4.067072222222222 332.2614776713271
4.0698638888888885 332.2663024387444
4.0738111111111115 332.27432839091676
4.0767 332.27905860496526
4.079491666666667 332.28158462945237
4.082280555555555 332.2838894023103
4.085069444444445 332.2884913340575
4.087861111111111 332.2928797619228
4.092038888888889 332.3008379211222
4.094825 332.305685824541
4.097613888888889 332.3082084655677
4.100402777777778 332.3105253354044
4.103183333333333 332.3151277830526
4.105972222222222 332.3195057726384
4.109991666666667 332.3258105982819
4.112805555555555 332.3324327374352
4.115597222222222 332.33482899191307
4.1183861111111115 332.33691963766034
4.121177777777778 332.3411840096685
4.123966666666667 332.3452347242284
4.128025 332.35115557592843
4.130813888888889 332.3552425411452
4.1336055555555555 332.3573663874209
4.136394444444444 332.3614182936953
4.139186111111111 332.3654730028462
4.141975 332.36932215994364
4.146102777777778 332.3750759978854
4.148897222222222 332.37918243769656
4.151688888888889 332.3814232277332
4.154477777777778 332.38553375187655
4.157269444444444 332.38964148754013
4.160058333333334 332.3935353265811
4.164144444444444 332.39939796560833
4.166975 332.40350764870846
4.169766666666667 332.4056992203249
4.172555555555555 332.4097683282397
4.175344444444445 332.41383463277816
4.178125 332.41767323447056
4.1822083333333335 332.423231706114
4.18505 332.42728007395567
4.187838888888889 332.4295602003329
4.190630555555556 332.43361523491956
4.193419444444444 332.4376702553557
4.196211111111111 332.441739228197
4.200288888888889 332.4462015747224
4.203161111111111 332.4502945603964
4.205947222222222 332.45275297916277
4.208738888888889 332.45693361116577
4.2115277777777775 332.4611198350249
4.214316666666667 332.4653231302257
4.218352777777778 332.4697032245621
4.2212 332.47373471161814
4.223991666666667 332.47624163827754
4.226780555555556 332.4803466720153
4.229572222222222 332.48445170575303
4.232355555555555 332.48834563166014
4.236422222222222 332.4939478725
4.239255555555555 332.49807455871303
4.242044444444445 332.5006048224053
4.244836111111111 332.50480539242477
4.247625 332.50900875126564
4.250416666666666 332.512998635334
4.254580555555555 332.5183114198877
4.257358333333333 332.5225764008481
4.26015 332.5253173245089
4.262938888888889 332.5295115555317
4.265730555555556 332.53393955602513
4.268519444444444 332.53815371746975
4.272627777777778 332.5420317892093
4.275427777777778 332.5459848303902
4.278219444444445 332.5486291595332
4.281008333333333 332.55253559085753
4.2838 332.5566781213989
4.286588888888889 332.5606036983816
4.290791666666666 332.5645571183753
4.293627777777778 332.56856380260217
4.2964166666666666 332.57119824677363
4.2992083333333335 332.5751835629428
4.301997222222222 332.5794075609126
4.304786111111111 332.5834122295734
4.308861111111111 332.587182251918
4.3116666666666665 332.5909522511551
4.314455555555556 332.5934785659981
4.317247222222222 332.59724044737567
4.320027777777778 332.60121816667856
4.322819444444445 332.6049764084754
4.326961111111111 332.60892222700636
4.329747222222222 332.6128289753767
4.332538888888889 332.61548276940056
4.335327777777778 332.61939853054133
4.338119444444445 332.62063412702923
4.340908333333333 332.6243223145584
4.344991666666667 332.63080611873863
4.347775 332.63469603090317
4.3505666666666665 332.6374354189851
4.353347222222222 332.64132867330227
4.356136111111111 332.6424562913903
4.358927777777778 332.64611359367376
4.362986111111111 332.6524155180686
4.365777777777778 332.65611872243835
4.368566666666666 332.6587888932947
4.37135 332.6624809234128
4.374141666666667 332.6634805536218
4.376930555555556 332.666942638761
4.381113888888889 332.6731698350684
4.383902777777778 332.67696253412475
4.386691666666667 332.67969567722184
4.389483333333334 332.68349704383616
4.392272222222222 332.6845423675545
4.395063888888889 332.6881193146526
4.3991138888888885 332.69433527614456
4.401916666666667 332.6979888988462
4.404705555555555 332.70057063147624
4.407494444444445 332.7041766537485
4.410286111111111 332.7051736649262
4.413075 332.70855588508545
4.417125 332.71437562689044
4.419944444444444 332.7178041453596
4.422733333333333 332.7201776436996
4.425525 332.7236109333705
4.428313888888889 332.7246500422334
4.431105555555556 332.72787981337797
4.435308333333333 332.7335751052663
4.438125 332.7371319339805
4.440913888888889 332.73961689708864
4.443697222222222 332.7431453344067
4.446486111111111 332.74416754178526
4.449275 332.7474588345885
4.453288888888889 332.7528152278262
4.4561222222222225 332.7559929776472
4.458905555555556 332.7583058321403
4.461697222222222 332.76153508239133
4.464486111111111 332.76243759688435
4.4672777777777775 332.765444390288
4.471258333333333 332.77023082692557
4.474144444444445 332.7731352656896
4.476936111111111 332.77533501131387
4.479725 332.7783600479749
4.482516666666666 332.7791559767097
4.485305555555556 332.7819590192514
4.489405555555556 332.78653589335414
4.492222222222222 332.7894014192728
4.495011111111111 332.7914993359952
4.497802777777777 332.79439868554334
4.500591666666667 332.7951826447182
4.503383333333334 332.79786047261075
4.507472222222222 332.801891897839
4.510288888888889 332.8044644526371
4.513080555555556 332.80638413219344
4.515869444444444 332.8090092553599
4.518661111111111 332.8096988911409
4.52145 332.8121115553801
4.525538888888889 332.81579378209284
4.528358333333333 332.8182407468857
4.531147222222223 332.82011252079394
4.533938888888889 332.82260326837604
4.536727777777778 332.82320723754646
4.539519444444444 332.825485823678
4.543572222222222 332.82918809575733
4.546366666666667 332.83167130857373
4.549155555555555 332.8335696683365
4.551944444444445 332.8360323988521
4.554733333333333 332.8365763547434
4.557525 332.8388213785238
4.561627777777778 332.8421342423593
4.564444444444445 332.844402548339
4.567233333333333 332.84623023676295
4.570013888888889 332.8485193719901
4.572805555555555 332.84896982331844
4.5755944444444445 332.85103046221514
4.579694444444445 332.8543186458412
4.582486111111111 332.8566371797431
4.585275 332.8584850388009
4.588066666666666 332.860788202048
4.59085 332.86121567178446
4.593638888888889 332.86329031957445
4.597830555555555 332.86665095001854
4.60065 332.86900315579027
4.603441666666667 332.8708743805308
4.606230555555555 332.8732644850155
4.609022222222222 332.87377176176824
4.6118083333055555 332.8757204805419
4.615888888888889 332.8789021005038
4.618677777777778 332.8810950885032
4.621469444444444 332.8829132754487
4.624258333333334 332.8851128887895
4.627047222222222 332.8854810645021
4.629838888861111 332.8872398536883
4.633883333333333 332.8907803980459
4.636708333333333 332.89263264276576
4.639497222222222 332.8942840969575
4.642286111111111 332.89607193208406
4.645066666666667 332.896186369083
4.647858333333334 332.89751503637063
4.65187777775 332.9006065939099
4.654711111111111 332.9021796047549
4.6575 332.9036021974075
4.660291666666667 332.9051659527818
4.663080555555555 332.90529769502484
4.665872222222222 332.9064260488777
4.669905555555555 332.909093884857
4.672777777777778 332.91055514466717
4.675566666666667 332.91192738533863
4.678358333333334 332.9134743328367
4.681147222222222 332.9136425145448
4.683938888888889 332.9147544726634
4.6880333333055555 332.9171933907529
4.690894444444444 332.91842271700136
4.693683333305556 332.9196197258251
4.696475 332.9208920145435
4.699263888888889 332.92095124664945
4.702055555555556 332.92178684544024
4.706152777777778 332.92370629384754
4.708952777777778 332.9249719979528
4.711741666666667 332.9262140229603
4.714533333333334 332.92741907871863
4.717322222222222 332.92737485182647
4.720113888888889 332.9281431600132
4.724263888888889 332.930470957953
4.727055555555555 332.9319769248826
4.729844444444445 332.9333998723525
4.732636111111111 332.93490758667014
4.735425 332.9349860648216
4.738216666666666 332.9360588787434
4.742419444444445 332.93863210906704
4.745297222222222 332.94033363499307
4.748086111111111 332.94194994237284
4.750877777777778 332.94369863633324
4.753666666666667 332.94382328159793
4.756458333333334 332.94513610540156
4.760527777777778 332.9482511503481
4.763325 332.94973196817506
4.766116666666667 332.95113288702174
4.7689055555555555 332.95262098140194
4.7716972222222225 332.95269919251155
4.774486111111111 332.9537499693547
4.778505555555555 332.95588445976443
4.781366666638889 332.9566944154985
4.784152777777778 332.95762283807824
4.786944444444444 332.9584436614904
4.789733333333333 332.9583367117946
4.792511111111111 332.9587118768022
4.796525 332.9594831983629
4.79935277775 332.9600948167165
4.802144444444444 332.9609409213816
4.804933333305556 332.9615150995823
4.807725 332.9612369166255
4.810513888888889 332.9613799691391
4.814708333333333 332.9620675311192
4.817497222222222 332.96241058447845
4.820288888888889 332.9630616093952
4.823069444444444 332.9634085063373
4.825858333333334 332.9630994899094
4.82865 332.9630024529537
4.832633333333333 332.96311147963
4.835486111111111 332.96313539386813
4.838277777777778 332.96332127565285
4.841066666666666 332.9630999791351
4.843858333333333 332.9627863076351
4.846647222222222 332.9623513615052
4.850838888888889 332.9623905496299
4.853683333305556 332.9627609527161
4.856466666666667 332.9629989255819
4.859255555555555 332.96313621221174
4.862047222222222 332.96310172634685
4.864836111111111 332.9630250063169
4.868966666666667 332.96310060188824
4.871766666666667 332.96333690833734
4.874558333333334 332.96352620024254
4.877347222222222 332.9635009858763
4.880136111111111 332.9633508716208
4.882927777777778 332.96310905701876
4.887011111111111 332.9627623294703
4.889788888888889 332.96275265389903
4.8925777777777775 332.96283371973067
4.895369444444444 332.9625928126471
4.898158333333333 332.9622750844483
4.900949999972222 332.9618205783536
4.905252777777778 332.9617282827112
4.9080361111111115 332.9621801077248
4.910825 332.9625423561761
4.913616666666667 332.9627048229637
4.9164055555555555 332.96256827926453
4.919191666666666 332.962510801063
4.923327777777778 332.9626478327836
4.926116666666666 332.9627723371494
4.928905555555556 332.9629151004834
4.931697222222223 332.9628142528501
4.934486111111111 332.9625768362274
4.937272222222222 332.9622537854334
4.94125 332.96175329354037
4.944133333333333 332.961695917467
4.946925 332.96180461070395
4.949713888888889 332.96162813373485
4.952505555555556 332.9613412333608
4.955294444444444 332.9609510294414
4.959488888888889 332.9606014829006
4.962283333333334 332.9607541340476
4.965075 332.9609776408669
4.967863888888889 332.9608431863436
4.97065 332.960558650269
4.9734388888888885 332.9602047573997
4.977447222222223 332.95984127699745
4.980324999972222 332.95966331867623
4.983116666666667 332.95960334459613
4.985905555527777 332.9593091605949
4.988697222222222 332.9590683387243
4.9914861111111115 332.95856647091557
4.995613888888889 332.9580127075368
4.998408333333333 332.95808685928597
5.0012 332.9581902524505
5.003988888888889 332.9580389759438
5.006780555555555 332.95781035753674
5.009569444444445 332.9574509878451
5.013725 332.95731394869097
5.016525 332.95733177846876
5.019308333305555 332.95727877343757
5.022097222222222 332.9570742204451
5.024886111111111 332.9569434639168
5.027677777777778 332.95652843831687
5.031705555555556 332.9554435068399
5.034594444444444 332.9549017732106
5.037386111111111 332.9546227798654
5.040166666666667 332.95395592372887
5.042958333333333 332.9535748697767
5.045747222222222 332.9526870727334
5.049727777777778 332.9507073333649
5.052591666666666 332.94977137736385
5.055380555555556 332.94929741074145
5.058166666666667 332.9479944980519
5.060958333333334 332.9471873886378
5.063747222222222 332.9459023894339
5.067963888861111 332.9442490241516
5.070775 332.94392019098234
5.073563888888889 332.9437173559852
5.076355555555556 332.94309251294015
5.0791444444166665 332.94277209729404
5.081933333333334 332.9419290616212
5.086 332.9403602166978
5.088802777777778 332.93964540441533
5.0915944444444445 332.9392277862453
5.094383333333333 332.9380988023095
5.097175 332.9373886459953
5.0999638888888885 332.9362658584185
5.104144444416667 332.934713502209
5.106933333333333 332.9342897564109
5.109724999972222 332.93403540062167
5.112511111111111 332.9331532513525
5.115302777777778 332.932555929807
5.1180916666666665 332.9316848367663
5.122222222222222 332.9303704278562
5.125038888888889 332.9299998873186
5.127830555555556 332.92980545147117
5.130619444444444 332.9292479896759
5.133411111111111 332.9288855274975
5.1362 332.92811224533904
5.140288888888889 332.9271027470072
5.143122222222222 332.9267852037183
5.145911111111111 332.9265866615731
5.148702777777777 332.92609079558105
5.151483333333333 332.9258020477313
5.154275 332.9250847574078
5.158236111111111 332.92343244249224
5.161111111111111 332.9227823883745
5.1639 332.9225184961041
5.166691666666667 332.9214763704938
5.169480555555555 332.9207463373703
5.172272222222222 332.9197073506926
5.176363888888889 332.9180296574586
5.179211111111111 332.9174775405736
5.182002777777778 332.91723406120076
5.1847916666666665 332.91626486716257
5.187580555555556 332.9155924967916
5.190372222222222 332.9146234272203
5.194444444444445 332.91297093982814
5.197297222222222 332.91241324186797
5.200088888888889 332.9121600683613
5.202877777777778 332.9113673401579
5.205669444444444 332.9109163977283
5.208455555555555 332.9099109774781
5.212525 332.9083171946129
5.2154 332.90781816836017
5.218191666666667 332.9075903517433
5.220980555555555 332.9066856585413
5.223769444444445 332.90607012013
5.226561111111111 332.90516535733315
5.230533333305556 332.9032895423931
5.233330555555556 332.902483342617
5.236119444444444 332.9020992543332
5.2388972222222225 332.90080467655787
5.241688888888889 332.899949504786
5.244477777777778 332.89865044161047
5.248780555555555 332.8965255795656
5.251569444444445 332.89577557443687
5.25435277775 332.8954525152824
5.257141666666667 332.8942644513976
5.259933333305556 332.8934122001796
5.262716666666667 332.89223330758614
5.266966666666667 332.89070113053964
5.269758333333334 332.8902753178763
5.272538888888889 332.89007857559125
5.275327777777778 332.88919057041034
5.278116666666667 332.8885214164562
5.2809083333333335 332.88763329208496
5.284922222222222 332.8859087560927
5.2877833333333335 332.8851221721652
5.290575 332.88476973052246
5.293363888888889 332.88358730800076
5.296155555555556 332.8828119618875
5.2989444444444445 332.8816331008794
5.303025 332.879363336386
5.305880555527778 332.87852949211606
5.308669444444445 332.8781851623226
5.311461111083333 332.87696343672627
5.314244444444444 332.8761045752058
5.317036111111111 332.8748837366173
5.320974999972222 332.8722123389649
5.323866666638889 332.870990159064
5.326655555555556 332.8705081217248
5.329447222194444 332.86896396640986
5.332236111111111 332.8679055606615
5.3350277777777775 332.8663772360585
5.339133333333334 332.86386730974436
5.341925 332.86280749769884
5.344713888888889 332.8623287734825
5.347505555555555 332.8608462929787
5.350294444444445 332.8598458775409
5.353086111111111 332.8583762468569
5.3571583333333335 332.85545901237646
5.359997222222222 332.8542488484528
5.362786111111111 332.8538227546109
5.365575 332.85222815774307
5.368366666666667 332.85107205518756
5.371155555555555 332.84949064467133
5.375197222222222 332.846629526131
5.378019444444444 332.84530461046825
5.380808333333333 332.8447449732845
5.3836 332.84302143617776
5.386388888888889 332.8418651251195
5.389177777777777 332.84014398550056
5.393197222194445 332.8365513554345
5.396019444416667 332.8349645624989
5.398808333333333 332.8343736864994
5.401599999972222 332.83237558193906
5.404388888888889 332.83099715804894
5.407177777777778 332.82901065945055
5.411155555555555 332.8248352532593
5.413944444444445 332.8228944991932
5.416736111111111 332.8221802419389
5.419525 332.81978159351587
5.422316666666666 332.8181396081373
5.425105555555556 332.81574818455886
5.429186111111111 332.8114604644231
5.432075 332.8094908085501
5.434863888861111 332.80868277836106
5.437655555555556 332.80634282956834
5.440444444444444 332.8048529661032
5.443236111111111 332.802528453231
5.447311111111111 332.7981205910607
5.450138888888889 332.7961936973196
5.452930555555556 332.79542961580165
5.455719444444444 332.7930673867742
5.458511111111111 332.7915281926231
5.4613 332.7891786699012
5.465336111111111 332.7846543099378
5.468227777777778 332.7827361496309
5.471016666666666 332.7820519600834
5.473805555555556 332.7796954375314
5.476597222222222 332.77813791474347
5.479386111111111 332.775788490151
5.483449999972223 332.77084119453974
5.486263888888889 332.7685555078604
5.489052777777777 332.76771633862836
5.491844444444444 332.7649847892752
5.494633333333334 332.76313402948557
5.497425 332.76041070769065
5.501613888888889 332.755290336929
5.5044055555555556 332.75304432622016
5.5071916666666665 332.7522339912138
5.509975 332.74950261807084
5.512755555527778 332.747620413905
5.515544444444444 332.744872132265
5.519694444444444 332.73981637642754
5.52250277775 332.7375537839157
5.5252944444444445 332.736727485453
5.528075 332.73400458333595
5.530866666666666 332.7321634835053
5.533655555555556 332.729451550995
5.537713888888889 332.724204037937
5.540522222222222 332.7218273275791
5.543311111083334 332.7209395011412
5.546102777777778 332.7181299338023
5.548891666638889 332.7162390706273
5.5516805555555555 332.7134491236543
5.555858333333333 332.7099792866521
5.5586472222222225 332.7075012698216
5.561438888888889 332.70480653160416
5.564227777777778 332.70208656707644
5.567019444444444 332.7002746927893
5.5698083333333335 332.6975740990049
5.5738972222222225 332.6925055501674
5.576688888888889 332.6901793614481
5.579477777777778 332.68924077171704
5.582261111111111 332.68646208170117
5.58505 332.6846387275324
5.587838888888889 332.6818572357561
5.591875 332.6781776768631
5.594738888888889 332.6753827350262
5.597527777777778 332.67244725778954
5.600313888888889 332.669489328111
5.603105555555556 332.6676669236464
5.605894444444444 332.6647262570643
5.610072222194445 332.6609800370853
5.612861111111111 332.65841509972415
5.615652777777778 332.6556363604221
5.618441666666667 332.652857628161
5.6212333333333335 332.6511605806372
5.624022222222222 332.6483985810419
5.628247222222222 332.64331307434264
5.631105555555555 332.6412216599246
5.633891666638889 332.6403649547088
5.6366805555555555 332.6378579283845
5.639469444444445 332.6362590292369
5.642261111111111 332.6337651301917
5.646280555555555 332.62917174859376
5.649077777777777 332.62709173773146
5.651869444444444 332.626169929723
5.65465 332.62361251836717
5.657438888888889 332.62203143601243
5.660230555555556 332.6194705530488
5.664263888888889 332.6159643582668
5.667080555555556 332.6134031175852
5.669866666666667 332.6106584325876
5.672655555555555 332.6078240836303
5.675447222222222 332.6060898735577
5.6782361111111115 332.60326406179604
5.6824055555555555 332.59922776347764
5.685277777777777 332.5964206929544
5.688066666666667 332.593480585739
5.690858333333333 332.59046763194823
5.693647222222222 332.5885210331367
5.696438888888889 332.5855227250057
5.700630555555556 332.5801331316954
5.703419444444444 332.57775904145785
5.706211111111111 332.5767554316921
5.709 332.5739355020839
5.711788888888889 332.57214454891556
5.714580555555556 332.5693303199913
5.718536111111111 332.5655058554442
5.721380555555555 332.5624970783796
5.724169444416667 332.5593275203403
5.726958333333333 332.55615236690664
5.72975 332.5542088689819
5.732538888888889 332.5510432792635
5.736727777777777 332.54803134507546
5.739561111083333 332.54475485931965
5.74235 332.54130628567674
5.745130555555556 332.5379884848281
5.747919444416667 332.5360133799269
5.750708333333334 332.53269161123234
5.7547194444444445 332.528075806251
5.7575972222222225 332.52480681047916
5.760386111111111 332.5214192615679
5.763177777777778 332.51802330487044
5.7659666666666665 332.5160248172139
5.768758333333333 332.5126390893017
5.772938888888889 332.5092304243683
5.7758 332.5060663588134
5.778591666666666 332.5027130872506
5.781380555555556 332.4995131723558
5.784172222222222 332.49760106006454
5.786961111111111 332.49441357671867
5.791166666666666 332.49024528127427
5.793955555555556 332.4873394422952
5.796744444444444 332.48418500937066
5.799536111111111 332.4812257735615
5.802322222222222 332.47944391473004
5.805113888888889 332.4765047216549
5.809316666666667 332.4728255134046
5.812119444444445 332.47027673338783
5.814911111111111 332.4675242493076
5.817691666666667 332.46476618467113
5.820483333333334 332.4632093457342
5.823272222222222 332.4604595885214
5.827325 332.4563215500101
5.830116666638889 332.4534660287189
5.832905555555556 332.45039259127174
5.835697222194445 332.44725753559646
5.838486111111111 332.4453692104968
5.841277777777778 332.44224359776024
5.845219444444444 332.43799476667897
5.848030555555556 332.43471863766985
5.850819444444444 332.43124502013353
5.853608333333334 332.4277153617749
5.8564 332.42578014994
5.859188888888889 332.42226950428295
5.863386111111111 332.41727094890854
5.866241666666666 332.4139643781794
5.869030555527778 332.4105050407075
5.871822222222222 332.40704007864315
5.874602777777778 332.4050948002731
5.877391666666667 332.4016235490887
5.8816138888888885 332.39802811886915
5.884422222194445 332.3946463534054
5.887213888888889 332.3909993619338
5.89000277775 332.3876047775721
5.892794444444444 332.3856373630417
5.895583333333334 332.38226691201874
5.899697222222223 332.3777252853647
5.902488888888889 332.37443004257636
5.905277777777778 332.3709175310132
5.908069444444444 332.3674134132037
5.9108583333333335 332.3655791458393
5.91365 332.36208558260154
5.917872222222222 332.35715747738493
5.920669444444444 332.3540024137004
5.9234583333333335 332.3506354216243
5.92625 332.34727680179043
5.929038888888889 332.34554770272337
5.931830555555556 332.34220198158675
5.9359416666666664 332.3375273997411
5.938741666666667 332.3345993026507
5.941530555527778 332.3314616904785
5.9443222222222225 332.3282316536611
5.947111111111111 332.32662948345956
5.949902777777778 332.32341752404153
5.954094444444444 332.31863087466957
5.956886111111111 332.315481778902
5.959677777777777 332.3121205740346
5.962466666666667 332.3087649398323
5.9652555555277775 332.3071101066208
5.968047222222222 332.3037701337603
5.972088888888889 332.2988627410389
5.974897222222222 332.29565528223014
5.977686111083333 332.2922580021558
5.980475 332.2887683102717
5.9832666666388885 332.2870707795769
5.986055555555556 332.2835943803489
5.990188888888889 332.2782797319515
5.9929805555555555 332.27473433442464
5.995769444444444 332.2709741172366
5.998558333333333 332.26720550982697
6.001338888888889 332.26528928882004
6.004130555555555 332.2615236425151
6.008208333333333 332.2561924183615
6.011 332.2526156913263
6.0137833333333335 332.24882996182043
6.016572222222222 332.24502463477376
6.01935277775 332.24323360662953
6.022141666666666 332.2394258270485
6.026525 332.23397934854995
6.029313888888889 332.2308511296557
6.032102777777777 332.2275046528461
6.034894444444444 332.2240573823131
6.037683333333334 332.22244351406886
6.040472222222222 332.2190122208954
6.044766666666667 332.214176381355
6.047558333333333 332.2114511894932
6.050338888888889 332.20849880513504
6.053130555555556 332.2054652551165
6.055908333333333 332.2026419854912
6.058694444444445 332.1998018956063
6.062647222222222 332.1968780900696
6.065480555555555 332.1936513722505
6.0682583333333335 332.1902376066689
6.07105 332.18679302873903
6.073838888888889 332.1853192126968
6.076630555555556 332.1818850100017
6.080808333333334 332.1766688874617
6.083686111111111 332.1735684936099
6.086477777777778 332.17034781899946
6.089266666666667 332.16711594783027
6.092058333333333 332.16410249148225
6.0948472222222225 332.16108624552095
6.098872222222222 332.157902651178
6.101730555555555 332.1545618725496
6.104511111111111 332.15106470559766
6.1073 332.14755913956634
6.110088888888889 332.14426896319833
6.112869444444445 332.14096761410053
6.116969444444444 332.1375937111205
6.1198194444444445 332.1342363317669
6.122608333333333 332.13072247787153
6.1254 332.1271806271232
6.1281888888888885 332.12570284797147
6.130980555555555 332.1221716654481
6.134980555555556 332.1166840082788
6.137838888888889 332.11324817468034
6.14062777775 332.10966441792647
6.1434194444444445 332.10603586121783
6.146208333333333 332.10460231098716
6.148988888888889 332.10097634388785
6.153272222222222 332.0956582392275
6.156063888888889 332.09279632285217
6.158852777777778 332.08971838250875
6.161644444416667 332.0865536869516
6.164433333333333 332.0836075966776
6.167224999972222 332.0806615064036
6.171338888888889 332.07751739327387
6.174130555555555 332.07435111383154
6.176919444444445 332.0709689698946
6.179699999972223 332.0675168978383
6.1824916666666665 332.06427490743795
6.185280555527778 332.06103293511154
6.189422222194445 332.0578299811483
6.192222222222222 332.0547027562289
6.1950111111111115 332.05136805541804
6.1978027777777775 332.0479689828181
6.200591666666667 332.046727012891
6.203380555527778 332.04333817846145
6.207411111111111 332.03762234430246
6.210288888888889 332.0341265352967
6.213072222222222 332.03050464708366
6.215863888888889 332.02680154207286
6.218652777777778 332.0233168614486
6.221444444444445 332.01983775485184
6.225666666666666 332.0165231099772
6.228458333333333 332.0133940735534
6.231247222222223 332.01004875953754
6.234038888888889 332.0079788750295
6.236827777777778 332.0046197198388
6.239616666666667 332.00125775117385
6.243858333333334 331.99831251845717
6.246727777777778 331.99539505706207
6.249519444444444 331.9923398031265
6.252308333333334 331.9892873468271
6.2550888888888885 331.9864512807516
6.257877777777778 331.9836012062408
6.261897222222222 331.9807762648551
6.264741666666667 331.9777045210514
6.267525 331.9744646271278
6.2703138888888885 331.9721353492844
6.2731055555555555 331.9688765772089
6.275894444444445 331.9656206194719
6.280077777777778 331.9630342087653
6.282908333333333 331.96031244468
6.2857 331.957416300257
6.288477777777778 331.95444742559727
6.291266666666667 331.95241470900794
6.294058333333333 331.94941440260374
6.298313888888889 331.94716610433494
6.301097222222222 331.94455663963
6.303877777777778 331.9417193114072
6.306669444416666 331.93880646004203
6.309458333333334 331.9361128792071
6.312241666666667 331.9334193284042
6.316511111111111 331.930921041911
6.319319444444444 331.9287787186757
6.3221 331.92643025943454
6.324880555555556 331.9239615987797
6.327672222222223 331.92170440021874
6.33045 331.91943605146906
6.3344555555555555 331.91708392429456
6.3373333333333335 331.91467551146394
6.340125 331.9121398096328
6.342908333333333 331.90959573625867
6.3456972221944445 331.9072630503532
6.348488888888889 331.9049331549463
6.352738888888889 331.90256419397065
6.355586111111111 331.90040810922955
6.358377777777778 331.8980904836942
6.361158333305555 331.8957169703793
6.36395 331.8935692691063
6.366738888861111 331.8914187773347
6.370841666666666 331.88927386657616
6.373636111111111 331.8871515407702
6.376425 331.88481440062645
6.379208333333334 331.8828586838663
6.382 331.8804599655695
6.384788888888889 331.8780640580944
6.389088888888889 331.8769106539603
6.391897222222222 331.8751688176765
6.3946861111111115 331.873225489916
6.397466666666666 331.8712374758848
6.400252777777777 331.8694564772985
6.403041666666667 331.86767267782045
6.407330555555555 331.8661205813376
6.410127777777777 331.86489046444393
6.412911111111111 331.863438566048
6.415688888888889 331.8619699149432
6.418480555555556 331.86070905564424
6.4212694444444445 331.8594481963453
6.4253 331.8581259127302
6.42812777775 331.8567811599668
6.430916666666667 331.8552538756957
6.433708333333334 331.853626066603
6.436497222222222 331.8522197211977
6.439288888888889 331.85081337579226
6.443422222222222 331.8493511935205
6.446294444444445 331.8480231856282
6.449083333333333 331.84656570152544
6.451863888888889 331.845057961596
6.454652777777778 331.84377192308546
6.4574444444444445 331.84248308524496
6.461569444444445 331.8411188725091
6.464438888888889 331.83984702181283
6.467219444444445 331.83843139841247
6.470008333333333 331.8369013238344
6.472797222222222 331.8355931017081
6.475588888888889 331.8342820805798
6.479963888888889 331.83329221370326
6.482808333333334 331.8326297038875
6.485588888888889 331.8317919535567
6.488377777777778 331.83091793162254
6.491169444444444 331.83026662155885
6.4939583333333335 331.8296153151249
6.498186111111111 331.82905619929534
6.5010111111111115 331.82857256546
6.503788888888889 331.827891211152
6.506580555555556 331.82719590899137
6.509369444444444 331.82674024864906
6.512158333333334 331.82629018424825
6.516272222222222 331.8258177669281
6.519125 331.82531737360716
6.521916666666667 331.82465831604213
6.524705555555555 331.8239825221238
6.527486111111111 331.8235240905911
6.530275 331.8230656488388
6.534461111111111 331.8226602977843
6.537252777777778 331.82238357633634
6.540036111111111 331.82187799904597
6.542827777777778 331.8213501168142
6.545608333333333 331.8210342612781
6.548397222222222 331.82071001748596
6.552544444444444 331.82051432804957
6.5553333333333335 331.82019285886037
6.558125 331.8198825677501
6.560913888888889 331.81957227663986
6.563705555555556 331.81926478008825
6.566494444444444 331.818954488978
6.570633333333333 331.8187280414025
6.573422222222222 331.8185491293352
6.576213888888889 331.81814698451575
6.579002777777778 331.81796853186506
6.581794444444444 331.8180189039348
6.584583333333334 331.8178483797963
6.588761111111111 331.8178120337253
6.591552777777777 331.8178343954902
6.594341666666667 331.8177840778738
6.597119444444444 331.8179489590024
6.5999 331.818094301258
6.602688888888889 331.8180048477176
6.606741666666666 331.8178734683214
6.609586111083333 331.8176442180694
6.612375 331.8174680970862
6.615166666666667 331.8175128363224
6.617952777777778 331.81755758373185
6.620738888888889 331.8173702804639
6.624944444444444 331.81720533716907
6.627769444444445 331.81705715951045
6.630558333305555 331.81671931041154
6.633344444444444 331.8165436202091
6.636136111111111 331.8165909760233
6.638919444444444 331.81641203902535
6.642961111111111 331.8162442809148
6.645769444444444 331.81607093956274
6.648558333333333 331.8156940326169
6.651338888888889 331.815521140277
6.654130555555556 331.815568569525
6.656919444444444 331.8153952320374
6.661111111111111 331.8151883511233
6.663977777777777 331.8151939419073
6.666758333333333 331.81523866543705
6.66955 331.815504121202
6.672338888861111 331.8157751602772
6.675130555555556 331.81582267968963
6.679608333333333 331.81614701746605
6.682433333305555 331.8167591418397
6.685222222222222 331.81732377644755
6.6880138888888885 331.81811127746545
6.690802777777778 331.8188959888818
6.693588888861111 331.8194550299316
6.697697222222223 331.8200308582608
6.700488888861111 331.8205228692135
6.7032694444444445 331.8207823929983
6.70605 331.8212452494371
6.708838888888889 331.82192100140736
6.711630555555556 331.82237666936834
6.715766666638889 331.82279038739773
6.7186361111111115 331.8234640074848
6.721425 331.8241627659912
6.724216666666667 331.82508430467806
6.7270055555555555 331.8260058466571
6.729797222222222 331.8267046051636
6.734105555555556 331.82626510129273
6.736894444444444 331.82749000817074
6.739680555555555 331.8287121083789
6.742469444444445 331.8300940515051
6.745261111111111 331.83131423605397
6.74805 331.8323149866289
6.752191666666667 331.83329615030704
6.755030555555556 331.83445891711034
6.757811111111111 331.8355714028553
6.76060277775 331.8369004795961
6.763391666666666 331.8382267652306
6.766183333305555 331.8393336729289
6.770358333333333 331.83930599501196
6.773194444444444 331.8406993343234
6.775986111111111 331.8421404112988
6.778775 331.84364089629275
6.7815666666666665 331.8450760417931
6.784355555555556 331.8462893708282
6.788466666666666 331.84751109715035
6.791286111111111 331.8486616696579
6.794069444444444 331.8499848187316
6.796858333333334 331.8514169368488
6.799641666666667 331.8527264342172
6.802422222222222 331.8538027894038
6.806388888888889 331.85478961525524
6.809255555555556 331.8556173558573
6.812047222222223 331.85650935698504
6.814836111111111 331.8576233329029
6.817627777777778 331.85874569002135
6.820416666666667 331.8596460723497
6.824852777777778 331.86078160297905
6.827641666638889 331.86226331842636
6.830433333333334 331.8637422423025
6.833222222222222 331.8654426360262
6.836013888888889 331.8671514087216
6.838802777777778 331.86864152370435
6.842816666666667 331.8701036489314
6.845661111111111 331.8716943476409
6.848452777777778 331.8733185393291
6.851241666666667 331.87516409922733
6.854033333333334 331.87701245195535
6.856822222222222 331.87863943462406
6.861111111111111 331.88036442827155
6.863941666666666 331.8822179245095
6.866733333333333 331.8840463059789
6.869519444444444 331.8861012958655
6.872308333333334 331.8881479109614
6.875097222222222 331.8899818735992
6.879366666666667 331.8912730163015
6.882224999972222 331.89370270025285
6.885005555555556 331.89619129221984
6.887791666666667 331.8981570430831
6.890580555555555 331.9006115142032
6.8933583333333335 331.90283177577044
6.897413888888889 331.90490357330765
6.9002027777777775 331.9068355300988
6.902994444444444 331.908767497658
6.905783333333333 331.91092025523506
6.908572222222222 331.9130674282402
6.911363888888889 331.91499659451705
6.915555555555556 331.9167969186964
6.918344444444444 331.91856654619284
6.921136111111111 331.9203278015402
6.9239194444444445 331.9223045999635
6.926708333333333 331.92427302614465
6.929497222222222 331.9260202983847
6.933513888888889 331.9277759820069
6.936338888888889 331.9294591749845
6.939130555555556 331.9311702898692
6.941919444444444 331.93310246268936
6.944711111111111 331.9350318443425
6.947491666666667 331.93673454767105
6.951825 331.9386053598105
6.9546166666666664 331.94061570238915
6.957405555555556 331.94262324334153
6.960186111083333 331.9448458416188
6.9629666666666665 331.94705168538775
6.9657583333333335 331.94903128817253
6.969880555555555 331.95097447184816
6.972722222222222 331.9530209860282
6.975502777777778 331.9550925757247
6.978294444444445 331.95737651712784
6.981080555555556 331.95966045424194
6.983872222222222 331.96172088421156
6.988247222222222 331.9639802436906
6.991075 331.96646265240435
6.993863888888889 331.96898131155865
6.996655555555556 331.97172862349885
6.999436111111111 331.9744731333318
7.002224999972222 331.9769973833121
7.0062 331.9804985244252
7.009033333333333 331.9837220417457
7.011811111111111 331.9867553173408
7.014602777777778 331.98956382305784
7.017391666666667 331.99215183071533
7.020183333333334 331.99452649746
7.0243722222222225 331.9981222273265
7.027238888888889 332.00137996179376
7.030027777777778 332.00449141871496
7.032819444444445 332.0073800863061
7.035608333333333 332.01004177121575
7.0384 332.0124780621825
7.042466666666667 332.01603075025633
7.045302777777778 332.0191771601944
7.048094444444445 332.0221426121594
7.050883333333333 332.02488934147556
7.053675 332.0274049946103
7.056463888888889 332.02970199493956
7.060497222222223 332.03310117680564
7.063366666666667 332.0364362252296
7.066158333305555 332.03957767315217
7.0689472222222225 332.0424988153471
7.071736111111111 332.0451815038138
7.074527777777778 332.04763012662045
7.078719444444444 332.0540388415596
7.081572222222222 332.05761938130706
7.084355555555556 332.05869623914293
7.087144444444444 332.06177272030175
7.089933333305556 332.06460935938827
7.092725 332.0672049722811
7.096916666666667 332.073926553745
7.099775 332.0778396930065
7.102563888888889 332.0791366190323
7.105352777777778 332.0825862315542
7.108144444444444 332.08579485052337
7.1109333333333336 332.08876059990865
7.115097222222222 332.0959731052012
7.1179 332.1000883505748
7.120688888888889 332.10148874453813
7.123480555555555 332.10507923270234
7.1262694444444445 332.10842087267054
7.1290611111111115 332.1115152801968
7.13315 332.11876445732264
7.135941666666667 332.1229481079383
7.138730555555555 332.1244398718931
7.141522222222222 332.1280693128516
7.144308333305555 332.1314414280334
7.1471 332.1345583068025
7.151077777777778 332.1415647387783
7.153941666666666 332.14536245879754
7.156730555555556 332.14669603271284
7.159522222222222 332.1500669485963
7.162311111111111 332.1531782282297
7.165102777777777 332.15603148491346
7.169413888888889 332.1635157620439
7.17225 332.16793519315763
7.1750388888888885 332.16957959956505
7.1778305555555555 332.173537181254
7.180619444444445 332.17724163681453
7.183411111111111 332.1806806440635
7.187511111111111 332.1885629761645
7.190305555555556 332.19305004893107
7.193094444444444 332.19473408241123
7.195886111111111 332.1986979905352
7.198675 332.20239179715895
7.201463888888889 332.2058136104435
7.2058583333333335 332.2144359939894
7.208647222222222 332.21970155670056
7.211427777777778 332.22174208949565
7.214208333333334 332.2263660531263
7.216997222222222 332.23070381110733
7.219783333333333 332.2347609486974
7.223841666666667 332.24351121884405
7.2267 332.2485682144766
7.229488888888889 332.25057889337063
7.232280555555556 332.25516521506904
7.235069444444444 332.25969862729653
7.237861111111111 332.263952356564
7.241891666666667 332.2714230930892
7.2447027777777775 332.2763384701796
7.2474944444444445 332.2781653686967
7.250283333333333 332.28247085762996
7.253072222222222 332.28648820281177
7.2558638888888884 332.29022737061877
7.259863888861111 332.29852154860293
7.262722222222222 332.3033931200194
7.2655111111111115 332.30530733273184
7.268302777777778 332.309633164985
7.271091666666667 332.31389146908765
7.273883333333333 332.3178561042975
7.277905555555556 332.3250151098505
7.280766666638889 332.3298067073515
7.283555555555555 332.331677987027
7.286336111111111 332.33590201689464
7.289125 332.3398261855881
7.291916666666666 332.3436738674655
7.296186111111111 332.3513605914578
7.298977777777778 332.3564982704228
7.301761111111111 332.35847250647873
7.3045527777777775 332.36302139857304
7.307341666666667 332.3672608544349
7.310130555555555 332.3711883642368
7.314197222222222 332.38013128876656
7.316983333333333 332.38509701007575
7.319769444416667 332.38694001188253
7.322558333333333 332.39127223215115
7.325347222222222 332.39529509557093
7.328138888888889 332.398998965749
7.332213888888889 332.4077386010042
7.3350472221944445 332.41288025104797
7.337836111111111 332.41485742205356
7.34062777775 332.41932743729916
7.343416666666666 332.4234797306036
7.346205555555556 332.4273031390586
7.350494444444444 332.4368897254605
7.353308333333334 332.44244536981444
7.3561 332.4445202329167
7.358888888888889 332.44940481259516
7.361666666666666 332.45394649214995
7.364458333333333 332.4581419374923
7.368555555555556 332.4678940244795
7.371388888888889 332.47355928273953
7.374177777777778 332.4757588398689
7.376969444444445 332.4808082227301
7.379758333333333 332.4857474797949
7.38255 332.49034533107266
7.386727777777778 332.4993853786141
7.389519444444445 332.5052184702237
7.392308333333333 332.50738251296866
7.3951 332.51252646435563
7.397888888888889 332.51732942561364
7.400677777777778 332.5217797342622
7.404736111111111 332.532012375681
7.407525 332.53765665124547
7.410316666666667 332.5396925697094
7.413105555555555 332.54464306261616
7.415897222222222 332.549246598232
7.4186861111111115 332.5534837257487
7.422777777777778 332.5636444699533
7.425577777777778 332.5694918789309
7.428366666666666 332.5716770271151
7.4311583333055555 332.5767819934454
7.433947222222222 332.58151294916627
7.436738888861111 332.58587116119156
7.440927777777778 332.5966183318974
7.443725 332.60280423910496
7.446505555527778 332.60507048448795
7.4492972222222225 332.6104227660006
7.452075 332.61538066709875
7.454866666666667 332.61994346395875
7.459069444444444 332.6312234478584
7.461936111111111 332.6378554296846
7.4647194444444445 332.6402945760088
7.467511111111111 332.6461616865086
7.4703 332.651635567428
7.473091666666667 332.65671455130445
7.47715 332.66843768694446
7.479980555555556 332.67491449492644
7.482769444444444 332.67713886278284
7.485561111111111 332.682829773115
7.48835 332.68811421834084
7.491141666666667 332.6929876306844
7.495275 332.7049666511308
7.498063888888889 332.711595242975
7.500852777777777 332.71381029156555
7.503644444444444 332.7160499753331
7.506427777777778 332.71830327419946
7.509219444444445 332.7205646732257
7.513355555555555 332.7228427318032
7.5162 332.7251574619558
7.5189916666666665 332.7274778996249
7.521780555555556 332.7298126609832
7.524572222222222 332.7321618790683
7.52735 332.73453717722316
7.531483333333333 332.73691575030006
7.534275 332.7392542737681
7.537066666666667 332.7416074588253
7.5398555555555555 332.7439841696099
7.5426472222222225 332.7463729576489
7.545436111111111 332.74878857250064
7.549455555555555 332.7512195245896
7.552338888861111 332.75353044614474
7.555119444444444 332.7559566200873
7.557908333333334 332.7583864876315
7.560697222194444 332.76083198133364
7.563488888888889 332.763290268547
7.567544444444445 332.7657674605285
7.570336111111111 332.76817063359437
7.57312777775 332.77059247602347
7.575916666666667 332.77303014748816
7.578705555555556 332.77303014748816
7.5814972222222226 332.7752410426743
7.585541666666667 332.7799509765415
7.588416666666666 332.78230486074136
7.591205555555556 332.78476660955386
7.593991666666667 332.78724477002504
7.596780555555555 332.78724477002504
7.599572222222222 332.78950127677166
7.603666666666666 332.7943339458831
7.606483333333333 332.79694668061336
7.609275 332.7995457677487
7.612063888888889 332.8021656826
7.614855555555556 332.8021656826
7.617644444444444 332.8045508179221
7.621825 332.80963419568104
7.624613888888889 332.8123027028071
7.627405555555556 332.81494805726294
7.630194444444444 332.81761499498646
7.6329722222222225 332.81761499498646
7.635763888888889 332.8200330827972
7.639786111111111 332.8251862305419
7.642622222222222 332.8279007161615
7.645411111111111 332.83066708100995
7.648202777777778 332.83345306546727
7.650991666666667 332.83345306546727
7.653783333333333 332.83600870691487
7.6580055555555555 332.8414401804882
7.660819444444445 332.84435492518406
7.663611111111111 332.8472272514757
7.6664 332.8501338014302
7.669188888888889 332.8501338014302
7.671975 332.8527890799891
7.676180555555556 332.85841885217224
7.679027777777778 332.86106562383816
7.681816666666666 332.8637592575729
7.684608333333333 332.8664728441501
7.687397222222223 332.8664728441501
7.690188888888889 332.8689323727029
7.694275 332.87419338029116
7.697066666666666 332.8769661170263
7.699858333333333 332.87975978007637
7.702647222222223 332.8825886339021
7.705438888888889 332.8825886339021
7.708227777777778 332.88517257185475
7.712405555555556 332.8906789590044
7.715197222222222 332.893657417624
7.717986111111111 332.89655879714553
7.720777777777778 332.89948266798126
7.723566666666667 332.89948266798126
7.726358333333334 332.90214236567294
7.730369444444444 332.9078171408427
7.733238888888889 332.910441261962
7.736027777777778 332.9131923013412
7.738816666666667 332.9159688497674
7.741608333333334 332.9159688497674
7.744397222222222 332.91847814684553
7.748558333333333 332.9238451954298
7.751347222222222 332.9267356243021
7.754138888888889 332.92958196045845
7.756927777777777 332.9324664984528
7.759716666666667 332.9324664984528
7.762508333333333 332.9350706482256
7.766594444444444 332.9406496749642
7.769386111111111 332.9435013092857
7.772175 332.9463151018058
7.774966666666667 332.94914848222055
7.777755555555555 332.94914848222055
7.780544444444445 332.9517022376093
7.7846472222222225 332.9571763963463
7.787525 332.9600920450415
7.790313888888889 332.9631152972899
7.793091666666666 332.96617230720506
7.795883333333333 332.96617230720506
7.798672222222222 332.9689283432209
7.802716666666667 332.97485806875653
7.8055055555555555 332.9781401229083
7.8082972222222224 332.98133758105087
7.811086111111111 332.98456308707176
7.813875 332.98456308707176
7.816666666666666 332.9874933391567
7.820869444444445 332.99375853296215
7.823697222222222 332.99674961437756
7.826488888888889 332.99982570495513
7.829277777777778 333.0029295080604
7.8320694444444445 333.0029295080604
7.83485 333.0057338772142
7.838888888888889 333.01172038277525
7.841677777777778 333.0149612053443
7.844469444444444 333.0181464814247
7.8472583333333334 333.0213612508021
7.85005 333.0213612508021
7.852838888888889 333.0242694177412
7.857030555555555 333.0305029987459
7.859825 333.0336836830329
7.862616666666667 333.0368374005216
7.865405555555555 333.04002115341495
7.868188888888889 333.04002115341495
7.870980555555556 333.04288090537835
7.874969444444444 333.04904565998453
7.877777777777778 333.051895838461
7.880566666666667 333.05469237305783
7.883358333333334 333.05752996685914
7.886147222222222 333.05752996685914
7.888938888888889 333.06004560793764
7.8931305555555555 333.06554228413626
7.896 333.0687505840777
7.898788888888889 333.07212626195826
7.901580555555555 333.07553135464326
7.904369444444445 333.07553135464326
7.907161111111111 333.0786047333674
7.911480555555555 333.0852255942285
7.914269444444445 333.08899302537606
7.917061111111111 333.0927994972609
7.91985 333.09664561989456
7.922641666666666 333.09664561989456
7.925430555555556 333.10016331959315
7.929436111111111 333.10769770392517
7.932238888888889 333.11169997395587
7.935027777777778 333.11570539083925
7.937819444444444 333.1197488926724
7.9406083333333335 333.1197488926724
7.9434 333.1234455874964
7.947555555555556 333.1313752316289
7.95035 333.13528803234703
7.953141666666666 333.1392491918768
7.955930555555556 333.1432595161695
7.958713888888889 333.1432595161695
7.961502777777778 333.1469118127501
7.965661111111111 333.15477899449996
7.968480555555556 333.159052999524
7.971269444444444 333.1633334606689
7.974058333333334 333.1676791102157
7.97685 333.1676791102157
7.979638888888889 333.171652693229
7.983819444444444 333.18017193643163
7.986666666666666 333.1843369911633
7.989455555555556 333.1885897587346
7.992247222222222 333.19289315449123
7.995027777777778 333.19289315449123
7.997813888888889 333.19679488988476
