# SectorTime BundleTurnoverTimeAvg
0.24940277777777778 954.1783734939756
0.2522027777777778 959.5981437125746
0.25498333333333334 965.0130952380949
0.25777222222222224 970.4503550295856
0.2605638888888889 975.8827058823528
0.26334722222222223 981.3102923976606
0.26750277777777776 992.1510404624277
0.27029444444444445 997.564540229885
0.27308055555555555 997.564540229885
0.27586944444444444 1003.004057142857
0.2786472222222222 1008.4388068181817
0.2814277777777778 1013.8689265536723
0.28560555555555556 1019.2944382022471
0.28846944444444444 1030.1319999999998
0.29126111111111114 1030.1319999999998
0.29404166666666665 1035.573591160221
0.2968222222222222 1041.0109890109889
0.2996083333333333 1046.4453551912566
0.30386944444444447 1051.8752173913042
0.3067111111111111 1062.7188709677416
0.3095 1062.7188709677416
0.3122916666666667 1065.2881818181816
0.31508055555555553 1067.883563829787
0.3178611111111111 1070.5046560846558
0.32182222222222223 1073.1509999999996
0.3247111111111111 1075.8222513089001
0.3274944444444444 1078.5179687499997
0.3302833333333333 1081.2632642487042
0.333075 1084.032010309278
0.3358638888611111 1086.8238461538456
0.3400166666666667 1089.6384693877546
0.34284444444444445 1092.4753299492381
0.34563333333333335 1095.3342929292924
0.34841666666666665 1098.2368341708536
0.35120555555555555 1101.1605999999995
0.3539861111111111 1104.1052238805964
0.3582194444444444 1107.0703465346528
0.36099722222222225 1110.0557142857137
0.36377777777777776 1113.061078431372
0.3665638888888889 1118.733121951219
0.36935 1124.4004368932033
0.37214166666666665 1130.0614975845403
0.3761833333333333 1135.7163942307686
0.37904444444444446 1141.365263157894
0.381825 1147.008142857142
0.3846138888611111 1150.1164454976295
0.38740277777777776 1153.243632075471
0.39019166666666666 1156.3884037558676
0.39448333333333335 1162.7303720930224
0.39729444444444445 1165.9270833333326
0.40008333333333335 1165.9270833333326
0.40287222222222224 1169.1623041474647
0.4056638888888889 1172.4146788990818
0.40844722222222224 1175.683196347031
0.41283888888888887 1182.267782805429
0.41563055555555556 1185.5834684684676
0.41841944444444445 1185.5834684684676
0.4212111110833333 1188.9355156950664
0.424 1192.3035714285706
0.4267888888888889 1195.6861777777772
0.43091666666666667 1202.4946255506602
0.43370555555555557 1205.9199122807013
0.4364972222222222 1205.9199122807013
0.4392861111111111 1209.3808296943225
0.4420777777777778 1212.8553478260865
0.4448666666666667 1216.3431601731595
0.44874444444444445 1223.358197424892
0.45163055552777776 1226.8849145299139
0.4544222222222222 1226.8849145299139
0.4572111111111111 1230.4488085106377
0.46000277777777776 1234.0250423728808
0.46279166666666666 1237.6134599156112
0.4668 1241.2139495798315
0.4696194444444444 1244.8263179916312
0.4724111111111111 1248.4504583333328
0.4751972222222222 1252.109668049792
0.4779833333333333 1255.7815702479334
0.4807722222222222 1259.4645679012342
0.48493055555555553 1263.15856557377
0.4877194444444444 1266.8633877551017
0.4905111111111111 1270.5789430894306
0.4933 1274.3252631578944
0.4960833333333333 1278.081774193548
0.498875 1281.848473895582
0.5030527777777778 1285.6251999999997
0.5058972222222222 1289.4118326693224
0.5086833333333334 1293.2082936507934
0.5114722222222222 1297.0377865612645
0.5142638888888889 1300.8766535433067
0.5170527777777778 1304.7248235294114
0.5210527777777778 1308.5821484374997
0.5238777777777778 1312.4485603112837
0.5266694444444444 1316.3239147286818
0.5294527777777778 1320.2283011583008
0.5322416666666666 1324.1425769230766
0.5350333333333334 1328.0652873563213
0.5391361111111111 1331.996374045801
0.5419277777777778 1335.93577946768
0.5447166666666666 1339.883295454545
0.5475055555555556 1345.88558490566
0.5502972222222222 1351.8817293233078
0.5530833333333334 1357.8705617977523
0.557325 1363.852164179104
0.5601138888888889 1369.8266542750926
0.5629055555555555 1375.7940740740737
0.5656861111111111 1379.7874907749074
0.568475 1383.7891544117645
0.5712666666666667 1387.7983150183145
0.5755 1391.8148540145983
0.5782888888888889 1395.8387272727268
0.581075 1399.8698188405792
0.5838638888888888 1405.867184115523
0.5866555555555556 1411.8579856115105
0.5894444444444444 1417.8418279569887
0.5935194444444445 1423.8187857142852
0.5963944444444444 1429.7889323843413
0.5991777777777778 1435.7523758865243
0.6019694444444444 1441.7259717314485
0.6047583333333333 1447.6934154929572
0.6075472222222222 1453.6541403508768
0.6116277777777778 1459.6082867132861
0.6144305555555556 1465.555958188153
0.6172194444166667 1471.4971874999997
0.6200083333333334 1475.3988581314875
0.6228 1479.30824137931
0.6255888888888889 1483.2252577319584
0.6297166666666667 1487.1498630136982
0.6325388888888889 1491.0819453924912
0.6353305555555555 1495.0214625850335
0.6381194444444445 1500.9926440677962
0.6409111111111111 1506.9574999999998
0.6437 1512.9160269360268
0.6479111111111111 1518.8682550335568
0.650725 1524.8142140468226
0.6535166666666666 1530.754
0.6562944444444444 1534.518803986711
0.6590805555555556 1538.2922185430464
0.6618694444444444 1542.0738613861386
0.6660611111111111 1545.8636842105263
0.66885 1549.6615737704917
0.6716416666666667 1553.4674836601307
0.6744277777777777 1557.086026058632
0.6772194444166667 1560.713668831169
0.6800083333333333 1564.350355987055
0.6841277777777778 1567.9959032258064
0.6869694444444444 1571.6502893890674
0.6897583333333334 1575.3134615384615
0.6925416666666667 1578.7937380191693
0.6953222222222222 1582.2845859872612
0.6981111111111111 1585.7851428571428
0.7021361111111111 1589.2953164556961
0.7049777777777778 1592.815047318612
0.7077555555555556 1596.344213836478
0.7105361111111111 1599.6940438871475
0.7133249999722222 1603.0545625
0.7161083333055556 1606.4254205607476
0.7202027777777777 1609.8065527950312
0.72305 1613.1978328173375
0.7258388888888889 1616.5991049382717
0.7286305555555556 1619.8253846153846
0.7314194444444444 1623.063374233129
0.7342083333333334 1626.3122935779816
0.7382111111111112 1629.572012195122
0.7410694444444444 1632.8424620060791
0.7438611111111111 1636.1235151515152
0.74665 1639.2316616314201
0.7494416666388889 1647.1341087613298
0.752225 1655.0364350453178
0.7562805555555555 1662.938882175227
0.7590694444444445 1670.8412990936558
0.7618611111111111 1678.7437462235655
0.7646444444166667 1686.4633836858009
0.7674333333333333 1689.4407831325304
0.7702222222222223 1697.1529216867475
0.7744944444444445 1709.578640483384
0.7772833333055555 1717.2837462235655
0.780075 1724.9889728096682
0.7828638888888889 1732.5115709969791
0.7856555555555556 1740.019395770393
0.7884444444444444 1742.8653614457833
0.7927111111111111 1755.0333232628402
0.7955222222222222 1762.5403625377646
0.7983138888888889 1770.0475226586107
0.80110277775 1777.401812688822
0.8038916666666667 1784.740151057402
0.8066833333333333 1787.4805120481933
0.8110333333055556 1799.4157099697888
0.8138222222222222 1806.7535045317225
0.8166138888888889 1813.9396374622356
0.8194027777777778 1820.973504531722
0.8221944444444444 1827.9951963746225
0.8249833333333333 1835.183202416919
0.8291361111111111 1842.3712688821756
0.8319277777777778 1849.559305135952
0.8347166666666667 1856.7473413897285
0.8375083333333333 1863.5874320241694
0.8402888888888889 1870.4128096676739
0.8430805555555556 1877.4346525679762
0.8470777777777778 1884.4564954682783
0.8498666666666667 1891.4783081571
0.8526583333333333 1898.3032326283987
0.8554444444444445 1909.1854682779456
0.8582333333333333 1920.0530513595165
0.8610222222222222 1930.920785498489
0.8650694444444444 1941.788610271903
0.86795 1952.656435045317
0.8707416666666666 1963.524350453172
0.8735305555555556 1969.9696072507552
0.8763194444444444 1976.4011480362535
0.8791111111111111 1983.0288821752265
0.8831666666666667 1989.65670694864
0.8860055555555556 1996.2845619335346
0.8887833333333334 2002.7154078549847
0.891575 2008.9642900302113
0.8943638888888888 2010.8796084337346
0.8971555555555556 2017.321174698795
0.90125 2028.058096676737
0.9040861111111111 2034.4884290030209
0.9068777777777778 2040.7211480362537
0.9096666666666666 2046.7700906344412
0.9124555555555556 2048.570421686747
0.9152472222222222 2054.811445783132
0.9193416666666666 2065.261450151057
0.9222 2071.490996978852
0.9249805555555556 2077.523262839879
0.9277694444166666 2083.373867069486
0.9305555555555556 2085.064367469879
0.9333333333333333 2091.1094277108427
0.9375027777777778 2101.2759214501507
0.9402944444444444 2107.3088821752262
0.943075 2113.1449848942593
0.9458666666666666 2118.798549848942
0.9486527777777778 2120.381897590361
0.9514305555555556 2126.2321385542164
0.9558166666666666 2136.1132930513586
0.9586055555555556 2141.9497583081566
0.9613944444444444 2147.5904229607245
0.9641861111111111 2153.046767371601
0.966975 2158.4903927492446
0.9697666666666667 2164.1305135951657
0.9741277777777778 2169.7704833836856
0.9770138888888888 2176.94234939759
0.9798027777777778 2180.8536253776433
0.9825944444444444 2186.1147432024163
0.9853833333333334 2191.3613293051353
0.988175 2196.8038972809663
0.99235 2203.863012048192
0.9951333333333333 2209.12391566265
0.9979222222222223 2212.9355287009057
1.000713888888889 2218.00006042296
1.0035027777777779 2223.0501208459204
1.0062944444444444 2228.295256797582
1.010725 2235.063012048192
1.0135138888888888 2240.127530120481
1.0163055555555556 2243.8351057401806
1.0190944444444445 2248.703232628398
1.021886111111111 2253.558157099697
1.024675 2258.6108761329297
1.0289166666666667 2265.0985843373487
1.0317972222222223 2269.968855421686
1.0345861111111112 2273.5710271903317
1.037375 2278.2416012084586
1.0401666666666667 2282.8978549848935
1.04295 2287.752477341389
1.0469194444444445 2293.9531024096377
1.0498 2298.6256024096374
1.0525916666666666 2302.118006042295
1.0553805555555555 2306.5890634441075
1.0581722222222223 2311.044984894259
1.060961111111111 2315.6999093655577
1.0651527777777778 2321.615271084336
1.0679944444444445 2326.0879819277097
1.0707861111111112 2329.465619335346
1.073575 2333.7399395770385
1.0763666666666667 2337.9996676737146
1.0791555555555556 2342.4561933534733
1.083213888888889 2348.0925903614443
1.086038888888889 2352.3697590361435
1.088825 2355.629093655588
1.0916166666666667 2359.707915407854
1.0944055555555556 2363.772809667673
1.0971972222222222 2368.031933534742
1.1013055555555555 2373.3940060240952
1.1041416666666666 2377.4760542168665
1.106925 2380.6143504531715
1.1097138888888889 2384.4973413897274
1.1125055555555556 2388.36673716012
1.1152944444444444 2392.432749244712
1.1192722222222222 2397.531777108433
1.122063888888889 2401.419668674698
1.1248527777777777 2404.434078549848
1.1276444444444444 2408.1209365558902
1.1304333333333334 2411.793474320241
1.133225 2415.661873111782
1.1374861111111112 2420.4933132530114
1.1402833333333333 2424.184608433734
1.1430722222222223 2427.070815709969
1.1458638888888888 2430.5614501510568
1.1486472222222222 2434.0367069486397
1.151438888888889 2437.708459214501
1.1556305555555555 2442.278524096385
1.1584444444444444 2445.7734036144575
1.1612333333055556 2448.5272205438064
1.164025 2451.819425981873
1.1668138888888888 2455.0969788519637
1.1696055555555556 2458.571299093655
1.1738194444444445 2462.8814156626504
1.1766083333333333 2466.179277108434
1.1793972222222222 2468.7974622356496
1.1821833333333334 2471.8920241691844
1.1849722222222223 2474.9720845921456
1.1877638888888888 2478.248398791541
1.1918194444444445 2482.3008433734944
1.1946777777777777 2485.401295180723
1.1974638888888889 2487.880664652568
1.2002555555555556 2490.8066767371606
1.2030444444444444 2493.71993957704
1.205836111111111 2496.8015709969795
1.2098916666666666 2500.6053614457837
1.2127055555555555 2503.5396987951813
1.2154944444444444 2505.8780664652572
1.2182833333333334 2508.604864048339
1.221075 2511.3190634441094
1.2238555555555555 2514.2328398791547
1.2280472222222223 2517.644819277109
1.2309027777777777 2520.3804819277116
1.2336916666666666 2522.5737462235656
1.2364833333333334 2531.8296072507565
1.2392722222222223 2541.0728398791553
1.2420638888888889 2550.315317220545
1.246163888861111 2566.6328012048207
1.249 2575.877590361447
1.2517916666666666 2578.0425377643514
1.2545805555555556 2580.373413897282
1.2573722222222221 2582.691208459215
1.260161111111111 2585.2089425981876
1.2641166666666668 2588.0082530120485
1.266936111111111 2590.3493975903616
1.2697277777777778 2592.3623564954682
1.2725166666666667 2594.49664652568
1.2753083333333333 2596.615921450151
1.2780972222222222 2598.9340181268885
1.2821305555555556 2601.2520845921454
1.28495 2603.6356626506026
1.287738888888889 2605.490604229607
1.290525 2607.4281570996977
1.293316666638889 2609.3504531722056
1.2961055555277778 2611.4683685800605
1.3002333333333334 2613.585438066465
1.3030305555555555 2615.5067069486404
1.3058194444444444 2617.4287915407854
1.3086111111111112 2619.1665558912387
1.3114 2622.5127190332323
1.3141916666666666 2626.0567975830813
1.3183583333333333 2629.755361445783
1.3211972222222221 2633.1217168674693
1.3239888888888889 2636.2932024169177
1.3267777777777778 2639.456616314199
1.3295694444444444 2642.6061027190326
1.3323555555277777 2645.951812688821
1.3366444444444445 2649.392921686746
1.3394444444444444 2652.563192771084
1.3422333333333334 2655.5966163141984
1.345025 2658.5617220543795
1.3478055555555555 2661.5146525679747
1.3505944444444444 2664.664410876132
1.3545444444444446 2667.8523493975895
1.3574333333333333 2670.826686746987
1.3602222222222222 2673.7201208459205
1.363013888888889 2676.497009063444
1.3658027777777777 2677.634803625377
1.3685944444166667 2678.9666163141987
1.3727722221944445 2680.2984290030204
1.3755527777777778 2681.435256797582
1.3783416666666666 2682.572084592144
1.3811333333333333 2683.523836858006
1.3839222222222223 2686.088338368579
1.3867138888888888 2688.850453172204
1.390938888888889 2691.583222891565
1.393775 2694.1698192771078
1.396563888888889 2696.7408157099694
1.3993416666666667 2699.12256797583
1.4021333333333332 2701.4906042296066
1.4049222222222222 2704.0556797583076
1.4089472222222221 2706.6207854984887
1.4118083333333333 2708.9371084337345
1.4145972222222223 2711.355951661631
1.4173888888888888 2713.5400302114795
1.4201777777777778 2715.710785498489
1.4229694444166667 2718.0782779456185
1.427161111111111 2720.3292771084334
1.42995 2722.5231024096383
1.4327388888888888 2724.7861329305133
1.4355305555555555 2726.7741389728094
1.4383194444444445 2728.747160120846
1.441111111111111 2730.9167069486402
1.4451222221944444 2733.086344410876
1.447913888888889 2735.0594259818727
1.4507027777777777 2737.0325377643503
1.4534916666666666 2738.8233534743204
1.4562805555555556 2740.5967975830818
1.4590694444444445 2742.5663444108764
1.4630083333333332 2744.5359214501514
1.4658444444444445 2746.309395770393
1.468636111111111 2748.082779456194
1.4714138888888888 2749.673595166164
1.4742055555555555 2751.2473111782483
1.476986111111111 2751.173614457832
1.4810583333333334 2754.788549848943
1.4838805555555556 2756.3611480362542
1.4866694444444444 2757.9337764350457
1.4894583333333333 2759.323172205439
1.49225 2758.9963554216874
1.4950305555555556 2760.5930421686753
1.4990805555277777 2763.8399395770402
1.501925 2765.2143202416923
1.504713888888889 2766.5886706948645
1.5075055555555557 2767.783172205439
1.5102944444444444 2767.4336144578324
1.5130861111111111 2768.8320481927717
1.5174222222222222 2771.705015105741
1.5202083333333334 2772.882265861028
1.523 2774.059486404835
1.5257888888888889 2775.055861027191
1.5285777777777778 2774.6866867469885
1.5313694444444443 2775.8909036144587
1.535475 2778.3905740181276
1.5382638888888889 2779.371268882176
1.5410527777777778 2780.351963746225
1.5438444444444444 2791.222990936557
1.5466333333333333 2800.847138554218
1.549425 2810.082048192772
1.5534833333333333 2818.9184592145025
1.5563305555555556 2828.1499697885206
1.5591194444444445 2837.381450151058
1.5619083333333332 2836.357975830816
1.5646888888888888 2835.8045783132534
1.5674777777777777 2836.6180421686754
1.5716694444444443 2838.515951661632
1.574561111111111 2839.1033534743206
1.5773527777777778 2839.6907552870093
1.5801416666666668 2840.0926888217523
1.5829333333333333 2839.5256626506025
1.5857222222222223 2838.520813253012
1.5898222222222222 2836.778912386707
1.5926111111111112 2835.5418731117825
1.5954027777777777 2834.304743202417
1.5981916666666667 2832.887552870091
1.6009833333333334 2832.343915662651
1.6037722222222222 2831.1418975903616
1.6080055555555555 2828.983021148036
1.6108361111111111 2827.550996978852
1.613625 2826.118942598187
1.6164166666666666 2824.5044108761326
1.6192055555555556 2823.985993975903
1.6219972221944445 2824.37328313253
1.6260555555555556 2825.3817522658605
1.6288666666666667 2825.5428096676733
1.6316555555555556 2825.7038670694865
1.6344472222222222 2825.682779456193
1.6372361111111111 2825.1613253012047
1.6400222222222223 2823.569879518072
1.6442194444166667 2820.6047432024166
1.647013888888889 2818.7799999999993
1.6498027777777777 2816.955317220543
1.6525944444444445 2814.9505740181266
1.6553833333333334 2814.4634337349394
1.658175 2814.6570180722883
1.6622416666666666 2815.245287009063
1.6650833333333332 2815.2125981873105
1.6678666666666666 2815.179909365558
1.6706583333333334 2814.963655589123
1.6734472222222223 2814.475993975903
1.6762388888888888 2814.6689156626503
1.6803055555555555 2815.25586102719
1.6830888888888889 2815.2217824773406
1.6858805555555556 2815.1877341389722
1.6886666666666668 2814.9722356495463
1.6914555555555555 2814.4854518072284
1.6942416666666666 2814.6765060240955
1.6984472222222222 2815.259305135951
1.7012944444444444 2815.224441087613
1.7040833333333334 2815.189577039274
1.706875 2814.974169184289
1.7096638888888889 2814.488945783132
1.7124472222222222 2814.680210843372
1.7165333333333332 2815.2633232628386
1.7193916666666667 2815.229667673715
1.7221805555555556 2815.1960422960715
1.7249694444444446 2814.981480362537
1.7277611110833333 2814.4972891566254
1.7305499999722223 2814.690361445782
1.7346333333333332 2815.273746223564
1.737475 2815.24009063444
1.7402638888888888 2815.2064350453165
1.7430555555555556 2814.9916314199386
1.7458333333333333 2814.5083132530112
1.7486222222222223 2814.7029518072277
1.7526722222222222 2815.289033232627
1.755525 2815.2571601208447
1.758313888888889 2815.2252870090624
1.7611027777777777 2815.00924471299
1.7638916666666666 2814.5240361445776
1.7666833333333334 2814.719728915662
1.770875 2815.307583081571
1.773763888888889 2815.2743504531722
1.7765555555555557 2815.241117824773
1.7793444444444444 2815.026344410876
1.7821333333333333 2814.9944410876133
1.7849249999722223 2814.73593373494
1.7890111110833333 2815.3227492447127
1.7918777777777777 2815.290574018127
1.7946666666666666 2815.258429003021
1.7974583333333334 2815.044712990936
1.8002472222222223 2814.9838972809666
1.803038888861111 2815.119516616314
1.80707777775 2815.2551057401815
1.809911111111111 2815.194259818731
1.8127 2815.133383685801
1.8154916666666667 2815.0410876132933
1.8182805555555555 2814.55593373494
1.8210722222222222 2814.843825301205
1.8250972222222221 2815.4493957703935
1.8279722222222223 2815.341450151058
1.830761111111111 2815.2335045317227
1.8335527777777778 2814.9437462235655
1.8363416666666668 2814.459006024097
1.8391333333333333 2814.7430120481936
1.8430583333333332 2815.3138670694866
1.8459388888888888 2815.1750755287017
1.8487277777777777 2815.0364048338374
1.8515166666666667 2814.911329305136
1.8543083333333332 2814.4254819277107
1.8570972222222222 2810.4836746987953
1.8616277777777779 2802.7588519637466
1.8644444444444443 2798.575558912387
1.8672333333333333 2794.392265861027
1.870025 2790.0280966767373
1.8728138888888888 2790.0865861027196
1.8756055555555555 2790.3412688821754
1.8795972222222221 2790.398972809668
1.8824611111111111 2790.2604833836863
1.88525 2790.121963746224
1.888038888861111 2789.9979758308164
1.89082777775 2789.587861445784
1.8936194444444445 2789.8727108433736
1.8978111111111111 2790.368096676737
1.9006472222222222 2790.2279758308155
1.903436111111111 2790.087854984894
1.9062277777777779 2789.9628096676734
1.9090166666666666 2790.0216314199397
1.9118083333333333 2789.8369879518073
1.9158833333333334 2790.333383685801
1.9187527777777778 2790.1941691842903
1.9215416666666667 2790.0549546827797
1.9243333333333332 2789.9341087613298
1.9271222222222222 2789.5267469879523
1.929913888888889 2789.812891566265
1.9340166666666667 2790.311299093655
1.9368055555555554 2790.1751963746224
1.9395944444444444 2790.039093655589
1.9423861111111111 2789.9172205438063
1.945175 2789.9780664652562
1.9479666666666666 2790.236978851963
1.9520111111111111 2790.30006042296
1.9548 2790.165135951661
1.9575916666666666 2790.03009063444
1.9603805555555556 2789.9105438066454
1.9631722222222223 2789.9754380664644
1.9659527777777779 2790.2366465256787
1.9701555555555557 2790.3010574018112
1.9729472222222222 2790.1687915407842
1.9757361111111111 2790.0365256797577
1.9785277777777779 2789.918489425981
1.9813083333333332 2789.9825377643497
1.9841 2790.2429003021143
1.9881416666666667 2790.307280966767
1.9909333333333334 2790.174984894259
1.9937222222222222 2790.042688821752
1.996513888888889 2789.927039274924
1.9993027777777779 2789.9933836858004
2.0020861111111112 2790.2554078549847
2.0062777777777776 2790.3217522658606
2.009122222222222 2790.1918126888213
2.011911111111111 2790.061873111782
2.014702777777778 2789.943444108761
2.0174916666666665 2790.006374622356
2.0202833333333334 2790.2677341389726
2.02445 2790.330936555891
2.0273416666666666 2790.195740181269
2.0301305555555555 2790.060513595166
2.0329194444444445 2789.9403927492444
2.035711111111111 2790.004773413897
2.0385 2790.2661631419937
2.0424805555555556 2790.3292145015103
2.045272222222222 2790.1952265861023
2.048061111111111 2790.0611782477336
2.05085 2789.9425679758306
2.0536416666666666 2790.01003021148
2.0564305555555555 2790.2729909365553
2.0607527777777777 2790.3369486404827
2.063633333333333 2790.204773413897
2.066422222222222 2790.0727190332323
2.069211111111111 2789.956888217522
2.0720027777777776 2790.022598187311
2.0747916666666666 2790.2836555891236
2.078777777777778 2790.3478851963746
2.0816583333333334 2790.2156797583084
2.0844388888888887 2790.0834441087613
2.0872277777777777 2789.9678851963745
2.0900194444444447 2790.0334138972808
2.0927972222222224 2790.294320241692
2.0970222222222223 2790.360060422961
2.0998027777777777 2790.230362537764
2.1025944444444447 2790.1005740181267
2.105383333333333 2789.9795468277944
2.108175 2790.039697885196
2.110963888888889 2790.300694864048
2.1150944444444444 2790.364984894259
2.1179194444444445 2790.2279758308155
2.1207083333333334 2790.0909667673714
2.1235 2789.969969788519
2.126288888888889 2790.031631419939
2.1290805555555554 2790.289033232628
2.1333333333333333 2790.350181268882
2.1361777777777777 2790.2154078549847
2.1389666666666667 2790.0806344410876
2.141758333333333 2789.958640483383
2.144547222222222 2790.018126888217
2.147336111111111 2790.2753776435043
2.1516166666666665 2790.3357401812686
2.1544083333333335 2790.1983081570993
2.1571972222222224 2790.060815709969
2.159988888888889 2789.93836858006
2.162777777777778 2789.9992145015103
2.165566666666667 2790.256435045317
2.169625 2790.316858006042
2.172502777777778 2790.1803625377643
2.1752944444444444 2790.043836858006
2.1780833333333334 2789.9216616314197
2.180875 2789.9830211480357
2.183663888888889 2790.2407854984895
2.187736111111111 2790.3017220543807
2.19055 2790.1663141993954
2.193338888888889 2790.030785498489
2.1961305555555555 2789.9101510574014
2.1989111111111113 2789.943716012084
2.201702777777778 2790.1723564954677
2.2058138888888887 2790.232054380664
2.2086166666666665 2790.0960120845916
2.2114055555555554 2789.959999999999
2.2141944444444444 2789.811480362537
2.2169861111111113 2789.8496676737154
2.219775 2790.084471299093
2.2239694444444447 2790.1190634441077
2.226758333333333 2789.956314199395
2.229547222222222 2789.9937160120835
2.232338888888889 2789.8509365558903
2.2351277777777776 2783.1658610271893
2.2379194444444446 2776.675861027189
2.242097222222222 2770.185861027189
2.2448888888888887 2763.5002114803615
2.2476777777777777 2756.814712990936
2.2504694444444446 2749.9461027190323
2.253258333333333 2749.9893655589112
2.256047222222222 2750.2297885196367
2.2601916666666666 2750.2702719033223
2.263 2750.112960725075
2.265791666666667 2750.155558912386
2.2685805555555554 2750.013504531721
2.2713722222222223 2750.0553172205427
2.2741611111111113 2750.294108761328
2.2783166666666665 2750.334078549848
2.281113888888889 2750.1759214501503
2.2839055555555556 2750.216616314199
2.2866944444444446 2750.07752265861
2.289486111111111 2750.1209667673716
2.292275 2750.3586102719028
2.296436111111111 2750.4004229607244
2.299227777777778 2750.247220543806
2.302016666666667 2750.2898489425975
2.3048083333333333 2750.1474924471295
2.3075972222222223 2750.1894561933527
2.3103861111111113 2750.4306344410866
2.3145777777777776 2750.473897280966
2.3173694444444446 2750.3174924471286
2.3201583333333335 2750.358942598186
2.322938888888889 2750.2198489425973
2.3257305555277776 2750.263504531721
2.3285194444444444 2750.5021752265848
2.3326416666666665 2750.5446525679745
2.3354305555555555 2750.391208459213
2.3382194444444444 2750.4339577039264
2.341011111111111 2750.294471299092
2.3438 2750.3395166163127
2.346591666666667 2750.5810574018114
2.35075277775 2750.625770392748
2.3535416666666666 2750.473021148035
2.356333333333333 2750.517099697884
2.359122222222222 2750.380241691842
2.361913888888889 2750.419335347431
2.3647027777777776 2750.65504531722
2.3688944444444444 2750.6957703927483
2.371686111111111 2750.539365558912
2.374475 2750.5779758308154
2.377266666666667 2750.433051359516
2.3800444444444446 2750.473141993957
2.382833333333333 2750.7108761329305
2.3869944444444444 2750.750483383686
2.3897833333333334 2750.5915105740182
2.3925722222222223 2750.630725075529
2.395363888888889 2750.4848338368583
2.3981416666666666 2750.521691842901
2.4009305555555556 2750.756314199396
2.405002777777778 2750.793413897281
2.4077944444444443 2750.6322054380666
2.4105861111111113 2750.668549848943
2.413375 2750.5222960725077
2.4161638888888888 2750.5597583081576
2.4189555555555557 2750.793172205438
2.423302777777778 2750.829093655589
2.4260944444444443 2750.668217522659
2.4288833333333333 2750.7048036253777
2.431675 2750.5605135951664
2.4344638888888888 2750.5985196374627
2.4372527777777777 2750.8327794561933
2.4414583333333333 2750.870483383686
2.4442694444444446 2750.7118126888217
2.447058333333333 2750.7496978851964
2.4498499999722223 2750.6064652567975
2.452638888888889 2750.6456797583082
2.455416666666667 2750.881389728097
2.459725 2750.9209969788517
2.462527777777778 2750.764108761329
2.465316666666667 2750.80329305136
2.4681083333333333 2750.6589728096683
2.4708972222222223 2750.6980664652574
2.473688888888889 2750.9345015105746
2.4777694444444442 2750.972990936557
2.480561111111111 2750.8141389728107
2.48335 2750.8533232628406
2.4861416666666667 2750.7105438066474
2.4889305555555556 2750.750996978853
2.4917194444444446 2750.9886404833846
2.4960583333333335 2751.0293655589135
2.49885 2750.872900302116
2.501638888888889 2750.9132024169194
2.504427777777778 2750.770000000001
2.5072194444444444 2750.8074018126895
2.5100083333333334 2751.041148036255
2.514108333333333 2751.0797885196384
2.516897222222222 2750.9214501510583
2.519686111111111 2750.958157099699
2.5224777777777776 2761.4510574018136
2.5252666666388888 2772.1248036253787
2.5280583333333335 2782.9941691842914
2.5321277777777778 2793.6676737160133
2.5349583333333334 2804.144471299095
2.53775 2814.8171601208473
2.540538888888889 2814.6696072507566
2.543327777777778 2804.632054380666
2.546111111111111 2794.791480362539
2.550116666666667 2784.9509063444125
2.552983333333333 2774.9133232628415
2.555775 2764.8757401812704
2.558563888888889 2754.6548036253794
2.5613527777777776 2754.6888217522674
2.5641444444444446 2754.91900302115
2.5681861111111113 2754.9515709969805
2.570975 2754.786918429005
2.5737666666666668 2754.8197583081587
2.5765555555555557 2754.672447129911
2.5793472222222222 2754.710604229609
2.582133333333333 2754.9443202416933
2.586325 2754.9796978851978
2.5891305555555557 2754.8185498489443
2.5919194444444447 2754.8558308157117
2.5947111110833334 2754.712175226588
2.5974944444444446 2754.7485498489445
2.600275 2754.982024169186
2.604436111111111 2755.0198489426
2.6072416666666665 2754.86069486405
2.6100305555555554 2754.8971601208477
2.6128222222222224 2754.751570996981
2.6156111111111113 2754.788942598189
2.6184 2755.0232628398808
2.6225916666666667 2755.060513595168
2.625402777777778 2754.9004229607267
2.6281916666666665 2754.93740181269
2.6309833333333335 2754.792054380666
2.6337722222222224 2754.8293353474332
2.636563888861111 2755.0628700906354
2.6406666666666667 2755.098338368581
2.6434583333333332 2754.9368882175236
2.646247222222222 2754.9734441087626
2.6490305555555556 2754.8280966767384
2.6518194444444445 2754.8630513595176
2.654602777777778 2755.093927492448
2.6587944444444442 2755.1285196374633
2.6616138888888887 2754.9672205438073
2.6644055555555557 2755.002175226587
2.6671944444444446 2754.8529607250766
2.669986111111111 2754.888338368581
2.672772222222222 2755.1217522658617
2.676836111111111 2755.157854984895
2.6796805555555556 2754.9949244713
2.6824694444444446 2755.029305135952
2.6852583333333335 2754.8797280966774
2.688047222222222 2754.912205438067
2.690827777777778 2755.1421148036256
2.6948805555555557 2755.1766163142
2.697725 2755.013474320242
2.7005166666666667 2755.0457703927495
2.7033055555555556 2754.8932326283993
2.706097222222222 2754.9212386706954
2.708886111111111 2755.1477039274923
2.7131333333333334 2755.179244712991
2.715977777777778 2755.012084592145
2.7187666666666668 2755.039879154079
2.7215583333333333 2754.885981873112
2.7243472222222223 2754.9130815709973
2.7271305555555556 2755.136344410877
2.731341666666667 2755.1633232628405
2.7341305555555557 2754.9940785498497
2.7369222222222223 2755.021087613294
2.7397111110833334 2754.6678247734153
2.7425 2754.49574018127
2.7452916666666667 2754.5198489425993
2.749436111111111 2754.3476737160136
2.7522555555555557 2753.9791842900318
2.755047222222222 2753.806978851965
2.7578361110833334 2753.4509365558924
2.7606277777777777 2753.27990936556
2.7634166666666666 2753.305015105741
2.767447222222222 2753.131238670696
2.770263888888889 2752.7610271903336
2.7730472222222224 2752.5896978851974
2.775838888888889 2752.237824773415
2.778627777777778 2752.068338368581
2.7814194444444444 2752.094773413898
2.7856083333333332 2751.924743202418
2.7884777777777776 2751.558640483385
2.7912666666666666 2751.388912386708
2.7940583333333335 2751.0394864048353
2.796847222222222 2750.8724471299106
2.799636111111111 2750.9011178247747
2.8037805555555555 2750.7332326284
2.8065694444444444 2750.3696676737172
2.809361111111111 2750.2025377643517
2.81215 2749.8536555891255
2.8149416666666665 2749.688277945621
2.8177305555555554 2749.7203625377656
2.8219333333055556 2749.5541087613306
2.824725 2749.1905135951674
2.827513888888889 2749.025196374623
2.8303055555555554 2748.676858006043
2.8330944444444444 2748.510362537765
2.8358861111111113 2748.5408459214505
2.8400777777777777 2748.3750151057407
2.8428694444444442 2748.0122054380668
2.8456611110833334 2747.845709969789
2.84845 2747.4955589123874
2.8512416666666667 2747.3286102719044
2.8540305555555556 2747.3591842900314
2.858299999972222 2747.19157099698
2.86107777775 2746.826404833838
2.8638583333333334 2746.659365558913
2.86665 2746.311117824774
2.8694277777777777 2746.1438972809674
2.8722194444444447 2746.1729305135955
2.8763944444444443 2746.005861027191
2.8791777777777776 2745.6425075528705
2.8819583333333334 2745.475317220544
2.8847472222222224 2745.125740181269
2.8875361110833335 2744.9586102719036
2.890327777777778 2744.9890634441094
2.8943305555555554 2744.822145015106
2.897161111111111 2744.4576737160123
2.89995 2744.290604229607
2.9027416666666666 2743.9425377643506
2.9055305555555555 2743.777794561933
2.9083222221944443 2743.8094259818727
2.9124194444166664 2743.6445921450145
2.915227777777778 2743.283293051359
2.9180194444444445 2743.1183383685798
2.9208083333333335 2742.773806646526
2.923599999972222 2742.608580060423
2.926388888888889 2742.639667673716
2.9305916666388887 2742.474773413897
2.9333833333333335 2742.1134743202415
2.9361722222222224 2741.9479154078545
2.938963888888889 2741.598700906344
2.9417444444444443 2741.4327190332324
2.9445333333333332 2741.4650453172208
2.9487361111111112 2741.2993051359517
2.9515277777777778 2740.935075528701
2.9543166666666667 2740.7688821752267
2.9571055555555557 2745.3487009063447
2.9598972221944444 2750.1087009063444
2.962686111111111 2755.0655589123867
2.966738888888889 2759.8256193353477
2.9696055555555554 2764.388640483384
2.9723972221944446 2769.148429003021
2.9751861111111113 2768.7998187311177
2.977977777777778 2768.6338670694868
2.980766666666667 2768.6648942598194
2.984958333333333 2768.499244712992
2.98775 2768.1364652567986
2.990538888888889 2767.9703625377647
2.9933222221944447 2767.6248036253787
2.996111111111111 2767.458670694865
2.9988944444444443 2767.4883383685815
3.0029222222222223 2767.3216918429016
3.0057833333333335 2766.9592749244725
3.008563888888889 2766.7931419939587
3.0113527777777778 2766.445679758309
3.0141444444444443 2766.28241691843
3.0169333333055555 2766.3172809667685
3.021138888888889 2766.153655589125
3.0239277777777778 2765.7918731117834
3.0267194444444443 2765.6284894259825
3.0295083333333332 2765.2838368580065
3.032297222222222 2765.1222658610277
3.0350888888888887 2765.157039274925
3.0392166666666665 2764.994712990937
3.0420305555555553 2764.6355891238672
3.0448194444444443 2764.4734743202425
3.0476111111111113 2764.1276435045324
3.0504 2763.9651359516624
3.0531916666666667 2763.999184290031
3.057252777777778 2763.8370392749252
3.0600416666666668 2763.4774320241704
3.062825 2763.3139577039283
3.0656138888611113 2762.9689728096687
3.0684 2762.8067975830822
3.0711833333333334 2762.8419939577043
3.0754805555555556 2762.6807250755287
3.078272222222222 2762.322114803626
3.081061111111111 2762.15996978852
3.083852777777778 2761.813806646526
3.0866416666666665 2761.648247734139
3.0894305555555555 2761.6803323262843
3.093688888888889 2761.516978851964
3.096477777777778 2761.155709969789
3.0992694444444444 2760.989879154078
3.1020583333333334 2760.6430815709964
3.1048472222222223 2760.4826888217517
3.107638888888889 2760.518972809667
3.1118333333333332 2760.3539879154073
3.114663888888889 2759.992145015105
3.1174555555555554 2759.831601208459
3.1202444444166666 2759.4903323262843
3.1230333333333333 2759.329758308157
3.1258222221944445 2759.3646525679756
3.1299444444444444 2759.203625377644
3.1327805555555557 2758.846858006043
3.135572222222222 2758.6858610271906
3.138361111111111 2758.343625377644
3.1411416666666665 2758.1860120845927
3.1439305555555555 2758.2248942598194
3.1480055555555557 2758.065951661632
3.1508194444444446 2757.7105740181273
3.153608333333333 2757.552990936557
3.1564 2757.2138972809676
3.159188888888889 2757.0572205438075
3.161980555527778 2757.0976435045327
3.1661333333333332 2756.941087613294
3.1690194444444444 2756.5870996978856
3.1718083333333333 2756.4300604229616
3.1745972222222223 2756.090966767372
3.177388888888889 2755.934380664653
3.1801777777777778 2755.9745015105746
3.1842305555555557 2755.8183081571005
3.1870777777777777 2755.4647129909367
3.1898694444444446 2755.3074924471302
3.192658333333333 2754.9705135951667
3.195447222222222 2755.3063333333344
3.198236111111111 2755.120212121213
3.2022916666666665 2754.7029003021157
3.2050805555555555 2754.3519033232633
3.207872222222222 2754.1966163142
3.210661111083333 2753.85743202417
3.2134444444444443 2754.188696969698
3.2162333333333333 2754.0003333333343
3.220352777777778 2753.582809667675
3.223141666666667 2753.227915407856
3.2259333333333333 2753.0703927492455
3.2287222222222223 2752.730000000001
3.2315027777777776 2752.5697885196387
3.2342916666666666 2752.605679758309
3.2384555555555554 2752.445951661633
3.2412472222222224 2752.0901208459227
3.2440277777777777 2751.9298187311188
3.2468166666666667 2751.586072507554
3.2496055555555556 2751.4260120845934
3.2523972221944444 2751.4630815709984
3.2563444444444443 2751.3023262839897
3.259213888888889 2750.94401812689
3.2619972222222224 2750.7834743202434
3.264786111111111 2750.951515151517
3.267577777777778 2750.764575757578
3.270366666666667 2750.5773939393953
3.274586111111111 2750.1699395770406
3.27745 2749.815619335349
3.280238888888889 2749.6594259818744
3.2830194444444443 2749.826424242425
3.285808333333333 2749.642121212122
3.2885999999722224 2749.4576060606073
3.2928611111111112 2749.0628700906354
3.2957277777777776 2748.7142598187324
3.2985194444444446 2748.56066465257
3.3013 2748.721181818183
3.304088888888889 2748.536939393941
3.3068805555555554 2748.353575757577
3.311111111111111 2747.9619335347443
3.3139416666666666 2747.6097280966783
3.3167305555555555 2747.4572205438085
3.319522222222222 2747.6173333333345
3.322311111111111 2747.433969696971
3.3250972222222224 2747.250606060608
3.3291694444444446 2746.866888217525
3.331961111111111 2746.5184894259837
3.33475 2746.365951661633
3.3375416666666666 2746.5212424242445
3.3403305555555556 2746.3386060606076
3.343122222222222 2746.156939393941
3.347186111111111 2745.7777945619346
3.3499694444444446 2745.4295468277955
3.352761111111111 2745.278761329306
3.35555 2745.4308787878795
3.358338888888889 2745.247333333334
3.3611222222222223 2745.0645454545465
3.3652972222222224 2744.6866163142004
3.3681055555555557 2744.337824773415
3.370891666638889 2744.186163141995
3.3736805555555556 2744.334151515153
3.376472222222222 2748.699121212122
3.3792555555555555 2753.06490909091
3.3834388888611113 2761.72993957704
3.3862305555555556 2765.914410876134
3.3890194444444446 2770.2974622356505
3.391811111111111 2770.526212121213
3.3946 2770.34793939394
3.3973805555555554 2770.1692424242437
3.4015916666666666 2769.719577039276
3.4044583333333334 2769.3734743202426
3.4072388888888887 2769.2256495468287
3.4100305555555557 2769.453727272728
3.4128194444444446 2769.2745454545466
3.4156 2769.0958484848497
3.4199277777777777 2768.6475226586117
3.4227527777777778 2768.302900302116
3.4255416666666667 2768.1549546827805
3.4283222221944443 2768.380121212122
3.431102777777778 2768.2027575757584
3.433883333333333 2768.025454545456
3.4380361111111113 2767.5837462235654
3.4408805555555557 2767.2410876132935
3.4436722222222222 2767.094773413898
3.446461111111111 2767.3156363636376
3.4492527777777777 2767.1373030303034
3.4520416666666667 2766.9589090909094
3.456325 2766.5200604229613
3.4591055555555554 2766.1760725075537
3.4618944444444444 2766.028580060424
3.464686111111111 2766.2452727272735
3.467475 2766.0677878787887
3.4702611111111112 2765.890303030304
3.47450277775 2765.4554984894266
3.4772916666666664 2765.111510574019
3.4800694444444447 2764.964833836859
3.482861111111111 2765.1789696969704
3.48565 2765.0043030303036
3.4884416666666667 2764.829515151516
3.4927305555555557 2764.4009667673727
3.4955194444444446 2764.059758308158
3.498311111111111 2763.9156495468283
3.5010999999722223 2764.1266363636373
3.503888888888889 2763.950151515152
3.5066805555555556 2763.773181818183
3.5110166666666665 2763.3486102719044
3.5138083333055556 2763.0055589123876
3.5165972222222224 2762.8595166163154
3.5193777777777777 2763.068121212122
3.5221694444444442 2752.220363636365
3.524958333333333 2741.372757575759
3.529175 2730.3784894259834
3.5319666666666665 2719.397190332328
3.5347555555555554 2708.6125075528716
3.5375361110833334 2697.986242424244
3.5403277777777777 2697.8096060606076
3.5431166666666667 2697.632727272729
3.547163888888889 2697.4081268882187
3.5499888888611113 2697.065135951663
3.5527722222222224 2696.9191540785514
3.5555555555555554 2696.9276060606076
3.5583472222222223 2696.7536969696985
3.5611361111111113 2696.5798181818195
3.5653833333055553 2696.3585196374634
3.568175 2696.0183685800616
3.570963888888889 2695.8754682779468
3.5737555555555556 2695.8822727272736
3.5765444444444445 2695.705424242425
3.5793333333333335 2695.529696969698
3.5834027777777777 2695.30993957704
3.5862333333333334 2694.968519637463
3.5890138888888887 2694.8236253776445
3.591797222222222 2694.825303030304
3.594588888888889 2694.648484848486
3.5973777777777776 2694.471636363637
3.6016194444444443 2694.2561329305145
3.6044111110833335 2693.9130211480374
3.6072027777777778 2693.766888217523
3.6099916666666667 2695.9973413897287
3.6127805555555557 2696.153727272728
3.615572222222222 2698.54290909091
3.619738888888889 2703.429758308158
3.6225277777777776 2705.644743202418
3.6253194444444445 2708.057069486406
3.6281083333333335 2707.922839879155
3.6308944444444444 2707.9709365558924
3.633675 2708.2157099697897
3.637863888888889 2708.263625377644
3.6407583333333333 2708.1144108761337
3.6435472222222223 2708.1621148036256
3.6463361111111112 2708.0262537764356
3.649125 2708.072326283988
3.6519138888888887 2708.3163141993964
3.656161111111111 2708.3644108761337
3.659016666638889 2708.214380664653
3.6618083333333336 2708.260211480363
3.6645944444444445 2708.1211782477353
3.6673833333333334 2708.1667975830824
3.670174999972222 2708.410332326285
3.6743694444444444 2708.454833836859
3.6771583333333333 2708.3003927492455
3.67995 2708.344833836859
3.682738888888889 2708.2061027190343
3.6855222221944444 2708.251842900303
3.6883138888888887 2708.494259818732
3.6926444444444444 2708.538972809669
3.695472222222222 2708.460000000001
3.6982555555555554 2708.474848484849
3.7010444444444444 2708.2925377643514
3.7038333333333333 2708.3392145015114
3.706625 2708.584048338369
3.7106416666666666 2708.630302114804
3.7135055555555554 2708.5550909090916
3.7162972222222224 2708.571515151516
3.7190861110833335 2708.3877039274935
3.7218666666666667 2708.4325981873117
3.724658333333333 2708.675196374623
3.728658333333333 2708.72163141994
3.73145 2708.570392749245
3.7342416666666667 2708.6153474320245
3.7370305555555556 2708.47583081571
3.739822222222222 2708.717039274925
3.742602777777778 2709.1565861027198
3.7466805555555553 2709.3999697885206
3.749525 2709.4449848942604
3.7523166666666667 2709.6862839879163
3.755105555527778 2709.7437160120853
3.757886111111111 2709.984864048339
3.7606722222222224 2710.423957703929
3.765 2710.7830606060616
3.7677944444444442 2710.9937575757585
3.770586111111111 2711.2044242424254
3.773375 2711.0082779456206
3.7761666666666667 2711.246163141995
3.7789555555555556 2711.680694864049
3.7834805555555557 2712.0374545454556
3.786325 2712.24490909091
3.7891166666666667 2712.452363636364
3.7919055555555556 2712.254018126889
3.794697222222222 2712.4907552870104
3.797486111111111 2712.922658610273
3.8015305555555554 2713.2780909090925
3.804402777777778 2713.4843333333347
3.8071916666666668 2713.690606060607
3.8099777777777777 2713.4870996978857
3.812766666638889 2713.7210574018136
3.815558333333333 2714.1525075528707
3.819958333333333 2714.5069696969704
3.822747222222222 2714.7106666666677
3.825536111111111 2714.914424242425
3.828327777777778 2714.7078851963756
3.8311166666666665 2714.9428398791547
3.8339 2715.3740181268886
3.8381944444444445 2715.6461631419943
3.8410777777777776 2715.8810876132934
3.8438666666666665 2716.144242424243
3.8466555555555555 2715.932205438067
3.849447222222222 2716.1669184290035
3.852236111111111 2716.599577039275
3.8563388888888888 2716.871782477341
3.859186111111111 2717.106465256798
3.861975 2717.375090909091
3.8647666666666667 2717.1579758308158
3.8675555555555556 2717.390725075529
3.870347222222222 2717.8203625377646
3.8744722222222223 2718.089909365559
3.877327777777778 2718.32247734139
3.8801194444444445 2718.5938484848484
3.8829083333333334 2718.3719637462236
3.8856972222222224 2718.6038368580057
3.888488888888889 2719.033987915407
3.8926 2719.30087613293
3.895391666666667 2719.5327492447127
3.8981805555555558 2719.8082121212115
3.9009722222222223 2719.579879154078
3.9037611111111112 2719.808126888217
3.90655 2720.2341389728094
3.9105666666666665 2720.4948640483376
3.913422222222222 2720.722386706948
3.916211111111111 2720.999787878787
3.919 2720.7664048338365
3.9217916666666666 2720.990271903323
3.9245694444444443 2721.411117824773
3.9288666666666665 2721.6629909365556
3.931663888888889 2721.8867069486396
3.9344555555555556 2722.16506060606
3.9372444444444445 2721.926827794561
3.9400333333333335 2722.1508761329296
3.942825 2722.5734441087607
3.946913888888889 2722.8223262839874
3.9497027777777776 2723.045679758308
3.9524916666666665 2723.328545454545
3.9552805555555555 2723.0861027190326
3.9580722222222224 2718.3811178247724
3.960861111111111 2713.8724471299083
3.9649472222222224 2704.2648942598184
3.9678166666666668 2699.5599999999995
3.970597222222222 2694.8289999999993
3.973388888888889 2694.6729305135946
3.9761777777777776 2694.8953474320233
3.9789694444444446 2695.3129003021145
3.9832666666666667 2695.5588519637454
3.986047222222222 2695.781359516616
3.9888305555555554 2695.9803030303024
3.9916222222222224 2695.8215407854977
3.9944 2696.041480362537
3.9971805555555555 2696.458036253776
4.0011833333333335 2696.702990936555
4.004 2696.9229607250745
4.006788888888889 2697.122757575757
4.009572222222222 2696.9583383685795
4.012363888888889 2697.1753776435035
4.015152777777778 2697.591087613292
4.0194527777777775 2697.8276435045304
4.022255555555556 2698.044743202416
4.025041666666667 2698.247303030302
4.027830555555555 2698.0744410876127
4.030611111111111 2698.285740181268
4.033394444444444 2698.698580060422
4.037738888888889 2698.9292145015093
4.040530555555556 2699.140604229606
4.043319444444444 2699.3457878787867
4.046111111111111 2699.1692145015095
4.0489 2699.3816314199385
4.051691666666667 2699.790181268881
4.055913888888889 2700.016012084591
4.0587027777777775 2700.228126888216
4.0614944444444445 2700.4380606060595
4.064283333333333 2700.2549848942585
4.067072222222222 2700.463625377642
4.0698638888888885 2700.8718429003006
4.0738111111111115 2701.0938066465237
4.0767 2701.302356495466
4.079491666666667 2701.5149696969675
4.082280555555555 2701.3258006042274
4.085069444444445 2701.533262839877
4.087861111111111 2701.939637462233
4.092038888888889 2702.157401812686
4.094825 2702.3645317220517
4.097613888888889 2702.582060606058
4.100402777777778 2702.389939577037
4.103183333333333 2702.5967069486383
4.105972222222222 2703.0004229607225
4.109991666666667 2703.135240963853
4.112805555555555 2703.4239577039248
4.115597222222222 2703.643666666664
4.1183861111111115 2703.4474018126866
4.121177777777778 2703.6515709969767
4.123966666666667 2704.053051359514
4.128025 2704.182349397588
4.130813888888889 2704.221054216865
4.1336055555555555 2704.4715407854965
4.136394444444444 2704.493081570995
4.139186111111111 2704.6962235649526
4.141975 2705.094743202415
4.146102777777778 2705.216626506022
4.148897222222222 2705.252319277106
4.151688888888889 2705.5041691842875
4.154477777777778 2705.523444108759
4.157269444444444 2705.724773413895
4.160058333333334 2706.1214803625357
4.164144444444444 2706.23737951807
4.166975 2706.270843373492
4.169766666666667 2706.5246223564936
4.172555555555555 2706.540392749243
4.175344444444445 2706.739123867068
4.178125 2707.1362839879134
4.1822083333333335 2707.2477710843355
4.18505 2707.27939759036
4.187838888888889 2707.536283987914
4.190630555555556 2707.553081570996
4.193419444444444 2707.7505438066455
4.196211111111111 2708.143776435044
4.200288888888889 2708.2499096385536
4.203161111111111 2708.2806626506017
4.205947222222222 2708.5380362537758
4.208738888888889 2708.5524773413886
4.2115277777777775 2708.7509063444095
4.214316666666667 2709.145438066464
4.218352777777778 2709.248704819276
4.2212 2709.279337349396
4.223991666666667 2709.5408459214486
4.226780555555556 2709.5550453172195
4.229572222222222 2709.752205438065
4.232355555555555 2710.1476435045306
4.236422222222222 2710.2485240963847
4.239255555555555 2710.279789156625
4.242044444444445 2710.545166163141
4.244836111111111 2710.5625377643487
4.247625 2710.7642900302103
4.250416666666666 2711.160694864047
4.254580555555555 2711.261295180722
4.257358333333333 2711.295240963854
4.26015 2711.564652567975
4.262938888888889 2711.581329305135
4.265730555555556 2711.7782477341384
4.268519444444444 2712.173685800603
4.272627777777778 2712.2683433734933
4.275427777777778 2712.298554216867
4.278219444444445 2712.5690634441085
4.281008333333333 2712.5804531722047
4.2838 2712.7695770392743
4.286588888888889 2713.156888217522
4.290791666666666 2713.238885542168
4.293627777777778 2713.2617168674697
4.2964166666666666 2713.529395770392
4.2992083333333335 2713.5333836858
4.301997222222222 2713.7225377643495
4.304786111111111 2714.1084290030203
4.308861111111111 2714.1816566265056
4.3116666666666665 2714.2018975903607
4.314455555555556 2714.4742598187304
4.317247222222222 2714.4820845921445
4.320027777777778 2714.670453172205
4.322819444444445 2715.054561933534
4.326961111111111 2715.1248795180713
4.329747222222222 2715.145421686746
4.332538888888889 2715.419063444108
4.335327777777778 2715.4232628398786
4.338119444444445 2715.2149096385533
4.340908333333333 2715.627439759035
4.344991666666667 2716.0568373493966
4.347775 2716.0746686746984
4.3505666666666665 2716.349546827794
4.353347222222222 2716.3545317220537
4.356136111111111 2716.1456927710838
4.358927777777778 2716.5586746987947
4.362986111111111 2716.9919277108424
4.365777777777778 2717.0128012048185
4.368566666666666 2717.2906042296067
4.37135 2717.297009063443
4.374141666666667 2717.0861445783125
4.376930555555556 2712.980963855421
4.381113888888889 2704.377018072289
4.383902777777778 2699.878975903614
4.386691666666667 2695.5719335347426
4.389483333333334 2691.044803625377
4.392272222222222 2690.91234939759
4.395063888888889 2691.3263855421683
4.3991138888888885 2691.760993975903
4.401916666666667 2691.781596385542
4.404705555555555 2691.9835347432017
4.407494444444445 2691.991631419939
4.410286111111111 2691.858162650602
4.413075 2692.2749698795187
4.417125 2692.715331325301
4.419944444444444 2692.739548192771
4.422733333333333 2692.9446827794563
4.425525 2692.9532024169184
4.428313888888889 2692.816927710843
4.431105555555556 2693.230572289157
4.435308333333333 2693.6664457831325
4.438125 2693.688704819277
4.440913888888889 2693.8941087613293
4.443697222222222 2693.8979154078547
4.446486111111111 2693.7578012048193
4.449275 2694.1709638554216
4.453288888888889 2694.6051807228914
4.4561222222222225 2694.626174698795
4.458905555555556 2694.834682779456
4.461697222222222 2694.84084592145
4.464486111111111 2694.69906626506
4.4672777777777775 2695.113373493976
4.471258333333333 2695.54843373494
4.474144444444445 2695.5700602409643
4.476936111111111 2695.781268882176
4.479725 2695.786253776436
4.482516666666666 2695.641475903615
4.485305555555556 2696.0519578313256
4.489405555555556 2696.4825602409646
4.492222222222222 2696.502590361447
4.495011111111111 2696.7138972809676
4.497802777777777 2696.7169788519645
4.500591666666667 2696.569186746989
4.503383333333334 2696.9834337349407
4.507472222222222 2697.4173192771095
4.510288888888889 2697.437349397592
4.513080555555556 2697.654410876134
4.515869444444444 2697.6607250755296
4.518661111111111 2697.5105722891576
4.52145 2697.924969879519
4.525538888888889 2698.3593373493986
4.528358333333333 2698.3794578313264
4.531147222222223 2698.5996978851977
4.533938888888889 2698.60407854985
4.536727777777778 2698.4496987951816
4.539519444444444 2698.8634638554227
4.543572222222222 2699.295903614459
4.546366666666667 2699.3146686747
4.549155555555555 2699.5370090634447
4.551944444444445 2699.5403927492457
4.554733333333333 2699.382740963856
4.557525 2699.7926506024105
4.561627777777778 2700.2213554216873
4.564444444444445 2700.2402108433744
4.567233333333333 2700.4636858006047
4.570013888888889 2700.4670694864053
4.572805555555555 2700.307710843374
4.5755944444444445 2700.7203915662653
4.579694444444445 2701.152198795181
4.582486111111111 2701.1724397590365
4.585275 2701.3988519637464
4.588066666666666 2701.4025981873115
4.59085 2701.240542168675
4.593638888888889 2701.6515963855427
4.597830555555555 2702.081837349398
4.60065 2702.100963855422
4.603441666666667 2702.330392749245
4.606230555555555 2702.3358610271903
4.609022222222222 2702.1723493975906
4.6118083333055555 2700.033855421687
4.615888888888889 2695.365512048193
4.618677777777778 2692.8359638554216
4.621469444444444 2690.4785196374623
4.624258333333334 2687.924501510574
4.627047222222222 2687.804126506024
4.629838888861111 2688.0238554216867
4.633883333333333 2688.0701204819275
4.636708333333333 2687.8966867469876
4.639497222222222 2687.888791540785
4.642286111111111 2687.699879154078
4.645066666666667 2687.580933734939
4.647858333333334 2687.8016566265055
4.65187777775 2687.8500301204817
4.654711111111111 2687.6777409638553
4.6575 2687.670664652568
4.660291666666667 2687.4823262839877
4.663080555555555 2687.363614457831
4.665872222222222 2687.5868373493972
4.669905555555555 2687.6384638554214
4.672777777777778 2687.4673795180715
4.675566666666667 2687.4620241691837
4.678358333333334 2687.275679758308
4.681147222222222 2687.1568072289156
4.683938888888889 2687.38156626506
4.6880333333055555 2687.436295180722
4.690894444444444 2687.2667771084334
4.693683333305556 2687.261540785498
4.696475 2687.076646525679
4.699263888888889 2686.959307228915
4.702055555555556 2687.18469879518
4.706152777777778 2687.240993975903
4.708952777777778 2687.072710843373
4.711741666666667 2687.0681268882167
4.714533333333334 2686.88504531722
4.717322222222222 2686.7690963855416
4.720113888888889 2686.9968072289157
4.724263888888889 2687.0584337349396
4.727055555555555 2686.892951807229
4.729844444444445 2686.8892749244715
4.732636111111111 2686.706948640484
4.735425 2686.5899096385547
4.738216666666666 2686.818373493976
4.742419444444445 2686.8803614457834
4.745297222222222 2686.714457831326
4.748086111111111 2686.712235649547
4.750877777777778 2686.533806646526
4.753666666666667 2686.4191566265063
4.756458333333334 2686.650662650603
4.760527777777778 2686.7197891566266
4.763325 2686.5572289156626
4.766116666666667 2686.556435045317
4.7689055555555555 2686.381208459214
4.7716972222222225 2686.268313253012
4.774486111111111 2686.502319277108
4.778505555555555 2686.5771686746984
4.781366666638889 2686.418192771084
4.784152777777778 2686.4179456193347
4.786944444444444 2686.243141993957
4.789733333333333 2686.130903614457
4.792511111111111 2686.3629819277103
4.796525 2686.435451807228
4.79935277775 2686.2763855421686
4.802144444444444 2686.2737764350454
4.804933333305556 2686.0973716012086
4.807725 2685.985843373494
4.810513888888889 2686.2203012048194
4.814708333333333 2686.2955120481924
4.817497222222222 2686.136445783132
4.820288888888889 2686.135226586102
4.823069444444444 2685.9595166163135
4.825858333333334 2685.8477108433726
4.82865 2686.080602409638
4.832633333333333 2686.155060240963
4.835486111111111 2685.9966265060234
4.838277777777778 2685.994471299093
4.841066666666666 2685.8182175226584
4.843858333333333 2685.7056626506023
4.846647222222222 2685.940391566265
4.850838888888889 2686.0157530120478
4.853683333305556 2685.8564156626503
4.856466666666667 2685.855740181269
4.859255555555555 2685.681359516616
4.862047222222222 2685.5696987951806
4.864836111111111 2685.804759036144
4.868966666666667 2685.882921686746
4.871766666666667 2685.726114457831
4.874558333333334 2685.726283987915
4.877347222222222 2685.5532326283983
4.880136111111111 2685.4418975903604
4.882927777777778 2685.678012048192
4.887011111111111 2685.7570783132524
4.889788888888889 2685.600060240963
4.8925777777777775 2685.60090634441
4.895369444444444 2685.4288519637453
4.898158333333333 2685.317861445782
4.900949999972222 2685.5564156626497
4.905252777777778 2685.6401506024085
4.9080361111111115 2685.4853915662643
4.910825 2685.4885196374616
4.913616666666667 2685.3179456193348
4.9164055555555555 2685.2057530120474
4.919191666666666 2685.444939759035
4.923327777777778 2685.530030120481
4.926116666666666 2685.376234939758
4.928905555555556 2685.3803021148024
4.931697222222223 2685.210030211479
4.934486111111111 2685.0983132530105
4.937272222222222 2685.3394879518055
4.94125 2685.4263554216855
4.944133333333333 2685.2723795180714
4.946925 2685.27758308157
4.949713888888889 2685.1095166163127
4.952505555555556 2684.998162650601
4.955294444444444 2685.239487951806
4.959488888888889 2685.329759036143
4.962283333333334 2685.1791867469865
4.965075 2685.1845619335336
4.967863888888889 2685.0161027190325
4.97065 2684.9048493975893
4.9734388888888885 2685.146204819276
4.977447222222223 2685.2359036144567
4.980324999972222 2685.0853313253
4.983116666666667 2685.089516616313
4.985905555527777 2684.9187613293043
4.988697222222222 2684.8056024096377
4.9914861111111115 2685.045451807228
4.995613888888889 2685.130753012047
4.998408333333333 2684.9765060240957
5.0012 2684.980332326283
5.003988888888889 2684.8110271903315
5.006780555555555 2684.6993975903606
5.009569444444445 2684.9403012048183
5.013725 2685.0276807228906
5.016525 2684.874518072288
5.019308333305555 2684.8802416918415
5.022097222222222 2684.713595166162
5.024886111111111 2684.6029216867455
5.027677777777778 2684.849668674697
5.031705555555556 2684.94581325301
5.034594444444444 2684.7956325301184
5.037386111111111 2684.806163141992
5.040166666666667 2684.6448640483363
5.042958333333333 2684.534698795179
5.045747222222222 2684.7816265060223
5.049727777777778 2684.8843975903596
5.052591666666666 2684.7403012048176
5.055380555555556 2684.7513595166147
5.058166666666667 2684.5908761329288
5.060958333333334 2684.4807831325284
5.063747222222222 2684.7323795180705
5.067963888861111 2684.839427710842
5.070775 2684.695240963854
5.073563888888889 2684.7091842900286
5.076355555555556 2684.552175226585
5.0791444444166665 2684.4426506024083
5.081933333333334 2684.6960542168663
5.086 2684.808825301204
5.088802777777778 2684.668222891565
5.0915944444444445 2684.685196374621
5.094383333333333 2684.5289728096664
5.097175 2684.4180120481915
5.0999638888888885 2684.6717168674686
5.104144444416667 2684.7847891566257
5.106933333333333 2684.644518072288
5.109724999972222 2684.6607552870078
5.112511111111111 2684.5050755287
5.115302777777778 2684.3945481927703
5.1180916666666665 2684.648463855421
5.122222222222222 2684.763403614457
5.125038888888889 2684.6244277108426
5.127830555555556 2684.6418429003015
5.130619444444444 2684.4889728096673
5.133411111111111 2684.3809036144576
5.1362 2684.6371385542166
5.140288888888889 2684.757620481927
5.143122222222222 2684.622228915662
5.145911111111111 2684.640120845921
5.148702777777777 2684.4854380664647
5.151483333333333 2684.374397590361
5.154275 2684.6305421686743
5.158236111111111 2684.7483734939756
5.161111111111111 2684.610602409638
5.1639 2684.6286404833827
5.166691666666667 2684.4730815709963
5.169480555555555 2684.361234939758
5.172272222222222 2684.617018072288
5.176363888888889 2684.7328915662642
5.179211111111111 2684.5939156626496
5.182002777777778 2684.6138066465246
5.1847916666666665 2684.4615105740177
5.187580555555556 2684.3516265060234
5.190372222222222 2684.607740963854
5.194444444444445 2684.7274999999986
5.197297222222222 2684.59189759036
5.200088888888889 2684.6109365558896
5.202877777777778 2684.4585800604214
5.205669444444444 2684.3486144578296
5.208455555555555 2684.605933734938
5.212525 2684.727228915661
5.2154 2684.591295180721
5.218191666666667 2684.6108459214483
5.220980555555555 2684.4575226586085
5.223769444444445 2684.346686746986
5.226561111111111 2684.6032530120465
5.230533333305556 2684.723042168673
5.233330555555556 2684.5862650602394
5.236119444444444 2684.607220543805
5.2388972222222225 2684.456525679757
5.241688888888889 2684.3467469879506
5.244477777777778 2684.6026204819264
5.248780555555555 2684.7215060240947
5.251569444444445 2684.585572289155
5.25435277775 2684.6033534743187
5.257141666666667 2684.4482477341376
5.259933333305556 2684.337710843372
5.262716666666667 2684.5947289156616
5.266966666666667 2684.7142168674686
5.269758333333334 2684.576777108433
5.272538888888889 2684.597039274923
5.275327777777778 2684.446042296072
5.278116666666667 2684.3369879518063
5.2809083333333335 2684.598313253011
5.284922222222222 2684.725301204818
5.2877833333333335 2684.591716867469
5.290575 2684.614652567975
5.293363888888889 2684.4688821752256
5.296155555555556 2684.36141566265
5.2989444444444445 2684.625331325301
5.303025 2684.7600301204816
5.305880555527778 2684.6312349397585
5.308669444444445 2684.656283987915
5.311461111083333 2684.511963746223
5.314244444444444 2684.4041265060237
5.317036111111111 2684.6678012048187
5.320974999972222 2684.8025903614453
5.323866666638889 2684.6739156626504
5.326655555555556 2684.697583081571
5.329447222194444 2684.551570996978
5.332236111111111 2684.4432530120475
5.3350277777777775 2684.706987951807
5.339133333333334 2684.841084337349
5.341925 2684.7121084337346
5.344713888888889 2684.737250755287
5.347505555555555 2684.5900302114796
5.350294444444445 2684.479277108433
5.353086111111111 2684.739337349397
5.3571583333333335 2684.866777108433
5.359997222222222 2684.7347590361437
5.362786111111111 2684.757734138972
5.365575 2684.608942598187
5.368366666666667 2684.499246987951
5.371155555555555 2684.7588855421677
5.375197222222222 2684.8862951807223
5.378019444444444 2684.7541566265054
5.380808333333333 2684.7762839879147
5.3836 2684.628157099697
5.386388888888889 2684.5194879518062
5.389177777777777 2684.7803915662644
5.393197222194445 2684.9103313253
5.396019444416667 2684.7792168674687
5.398808333333333 2684.8020845921437
5.401599999972222 2684.6556495468267
5.404388888888889 2684.5477409638543
5.407177777777778 2684.8066867469865
5.411155555555555 2684.933644578312
5.413944444444445 2684.801566265059
5.416736111111111 2684.8226586102705
5.419525 2684.6752265861014
5.422316666666666 2684.568132530119
5.425105555555556 2684.8291566265048
5.429186111111111 2684.958945783131
5.432075 2684.827710843372
5.434863888861111 2684.8488217522645
5.437655555555556 2684.7011480362526
5.440444444444444 2684.593795180722
5.443236111111111 2684.8565060240953
5.447311111111111 2684.9874096385533
5.450138888888889 2684.856626506023
5.452930555555556 2684.8787915407847
5.455719444444444 2684.73256797583
5.458511111111111 2684.625602409638
5.4613 2684.886837349397
5.465336111111111 2685.01719879518
5.468227777777778 2684.8864156626496
5.471016666666666 2684.90758308157
5.473805555555556 2684.7610876132917
5.476597222222222 2684.6550301204807
5.479386111111111 2684.9162951807216
5.483449999972223 2685.0468373493964
5.486263888888889 2684.9170783132517
5.489052777777777 2684.9384290030202
5.491844444444444 2684.7904531722043
5.494633333333334 2684.6825602409626
5.497425 2684.944909638553
5.501613888888889 2685.0752710843362
5.5044055555555556 2684.943343373493
5.5071916666666665 2684.964984894259
5.509975 2684.815438066464
5.512755555527778 2684.7056927710832
5.515544444444444 2684.965120481927
5.519694444444444 2685.0906325301194
5.52250277775 2684.956807228915
5.5252944444444445 2684.978066465256
5.528075 2684.8311782477326
5.530866666666666 2684.724367469878
5.533655555555556 2684.9876204819266
5.537713888888889 2685.1190662650592
5.540522222222222 2684.988373493975
5.543311111083334 2685.0111178247726
5.546102777777778 2684.867190332325
5.548891666638889 2684.76189759036
5.5516805555555555 2685.027499999999
5.555858333333333 2685.1808459214485
5.5586472222222225 2685.0230211480343
5.561438888888889 2685.0613595166146
5.564227777777778 2684.9166767371585
5.567019444444444 2684.8105421686732
5.5698083333333335 2685.0725602409625
5.5738972222222225 2685.205060240962
5.576688888888889 2685.0757530120472
5.579477777777778 2685.098066465256
5.582261111111111 2684.9533836858
5.58505 2684.8487349397583
5.587838888888889 2685.1130722891558
5.591875 2685.2650755287
5.594738888888889 2685.1073413897275
5.597527777777778 2685.145558912386
5.600313888888889 2685.000664652567
5.603105555555556 2684.895572289156
5.605894444444444 2685.15813253012
5.610072222194445 2685.307432024168
5.612861111111111 2685.1480966767363
5.615652777777778 2685.1844410876124
5.618441666666667 2685.039003021147
5.6212333333333335 2684.934518072288
5.624022222222222 2685.197951807228
5.628247222222222 2685.3321686746976
5.631105555555555 2685.203283132529
5.633891666638889 2685.224773413896
5.6366805555555555 2685.079728096676
5.639469444444445 2684.9753313253004
5.642261111111111 2685.2381024096376
5.646280555555555 2685.372289156626
5.649077777777777 2685.244036144578
5.651869444444444 2685.264984894259
5.65465 2685.1232628398784
5.657438888888889 2685.021957831325
5.660230555555556 2685.2880722891555
5.664263888888889 2685.44009063444
5.667080555555556 2685.284682779455
5.669866666666667 2685.3253776435035
5.672655555555555 2685.1832930513583
5.675447222222222 2685.081144578312
5.6782361111111115 2685.3492771084325
5.6824055555555555 2685.502900302113
5.685277777777777 2685.3459214501495
5.688066666666667 2685.386616314198
5.690858333333333 2685.245528700905
5.693647222222222 2685.14346385542
5.696438888888889 2685.410301204818
5.700630555555556 2685.5515662650587
5.703419444444444 2685.426626506023
5.706211111111111 2685.448308157098
5.709 2685.109063444107
5.711788888888889 2684.8115963855403
5.714580555555556 2684.8817469879496
5.718536111111111 2684.8349848942576
5.721380555555555 2684.481782477339
5.724169444416667 2684.324682779454
5.726958333333333 2683.9859818731097
5.72975 2683.6923192771064
5.732538888888889 2683.764668674697
5.736727777777777 2683.7187311178227
5.739561111083333 2683.3672205438047
5.74235 2683.2123262839864
5.745130555555556 2682.876314199394
5.747919444416667 2682.5878313252997
5.750708333333334 2682.6597590361434
5.7547194444444445 2682.6084290030203
5.7575972222222225 2682.256827794561
5.760386111111111 2682.10172205438
5.763177777777778 2682.550271903322
5.7659666666666665 2683.0465662650586
5.768758333333333 2683.9007530120466
5.772938888888889 2684.6364954682767
5.7758 2685.0698187311164
5.778591666666666 2685.699637462234
5.781380555555556 2685.3611782477324
5.784172222222222 2685.065542168673
5.786961111111111 2685.137319277107
5.791166666666666 2685.091450151056
5.793955555555556 2684.739214501509
5.796744444444444 2684.582809667672
5.799536111111111 2684.246223564953
5.802322222222222 2683.955632530119
5.805113888888889 2684.027620481926
5.809316666666667 2683.9778549848925
5.812119444444445 2683.626344410875
5.814911111111111 2683.471359516615
5.817691666666667 2683.7257401812676
5.820483333333334 2684.0263855421676
5.823272222222222 2684.689066265059
5.827325 2685.2341691842885
5.830116666638889 2685.474954682778
5.832905555555556 2685.911933534742
5.835697222194445 2685.575347432023
5.838486111111111 2685.2813554216855
5.841277777777778 2685.3562349397575
5.845219444444444 2685.314864048337
5.848030555555556 2684.964833836856
5.850819444444444 2684.812386706947
5.853608333333334 2684.4774622356476
5.8564 2684.1869277108412
5.859188888888889 2684.2631927710827
5.863386111111111 2684.2203927492433
5.866241666666666 2683.8715105740166
5.869030555527778 2683.718731117823
5.871822222222222 2683.384743202415
5.874602777777778 2683.0983433734923
5.877391666666667 2683.1724397590347
5.8816138888888885 2683.124410876131
5.884422222194445 2682.776465256796
5.887213888888889 2682.624622356494
5.89000277775 2682.293353474319
5.892794444444444 2682.0130120481913
5.895583333333334 2682.0903313252993
5.899697222222223 2682.0425075528683
5.902488888888889 2681.697552870089
5.905277777777778 2681.5484290030195
5.908069444444444 2681.21761329305
5.9108583333333335 2680.940843373492
5.91365 2681.0216867469862
5.917872222222222 2680.975347432022
5.920669444444444 2680.631510574016
5.9234583333333335 2680.4841993957684
5.92625 2680.1530211480344
5.929038888888889 2679.8778915662633
5.931830555555556 2679.9575903614436
5.9359416666666664 2679.905226586101
5.938741666666667 2679.559395770391
5.941530555527778 2679.4105740181253
5.9443222222222225 2679.0810574018105
5.947111111111111 2678.8114156626484
5.949902777777778 2678.8906325301186
5.954094444444444 2678.8356797583065
5.956886111111111 2678.492507552868
5.959677777777777 2678.345770392747
5.962466666666667 2678.0159214501496
5.9652555555277775 2677.749216867468
5.968047222222222 2677.8311746987933
5.972088888888889 2677.7749244712973
5.974897222222222 2677.431178247732
5.977686111083333 2677.28432024169
5.980475 2676.958429003019
5.9832666666388885 2676.698403614456
5.986055555555556 2676.7839156626483
5.990188888888889 2676.7296072507534
5.9929805555555555 2676.390090634439
5.995769444444444 2676.2489728096657
5.998558333333333 2675.9254984894237
6.001338888888889 2675.6685542168652
6.004130555555555 2675.75424698795
6.008208333333333 2675.698429003019
6.011 2675.3600604229587
6.0137833333333335 2675.2178851963727
6.016572222222222 2674.892628398789
6.01935277775 2674.638373493973
6.022141666666666 2674.722771084335
6.026525 2674.661510574016
6.029313888888889 2674.321933534741
6.032102777777777 2674.1785800604207
6.034894444444444 2673.852930513593
6.037683333333334 2673.601475903612
6.040472222222222 2673.68518072289
6.044766666666667 2673.6203323262816
6.047558333333333 2673.2805438066443
6.050338888888889 2673.1364350453146
6.053130555555556 2672.811238670692
6.055908333333333 2672.6681873111756
6.058694444444445 2672.7209667673687
6.062647222222222 2672.576525679756
6.065480555555555 2672.2362235649525
6.0682583333333335 2672.0931722054356
6.07105 2671.7699697885173
6.073838888888889 2671.527560240962
6.076630555555556 2671.6109036144558
6.080808333333334 2671.5391540785477
6.083686111111111 2671.2019033232605
6.086477777777778 2671.0604229607225
6.089266666666667 2670.7359516616293
6.092058333333333 2670.595770392747
6.0948472222222225 2670.6529003021124
6.098872222222222 2670.512054380662
6.101730555555555 2670.1730513595144
6.104511111111111 2670.03187311178
6.1073 2669.706676737158
6.110088888888889 2669.563716012082
6.112869444444445 2669.6185196374595
6.116969444444444 2669.476555891236
6.1198194444444445 2669.136827794559
6.122608333333333 2668.993836858003
6.1254 2668.6697280966737
6.1281888888888885 2668.435391566262
6.130980555555555 2668.5186445783097
6.134980555555556 2668.4352265860994
6.137838888888889 2668.0951661631393
6.14062777775 2667.9510574018095
6.1434194444444445 2667.622809667671
6.146208333333333 2667.389668674696
6.148988888888889 2667.4745180722857
6.153272222222222 2667.3906344410843
6.156063888888889 2667.0490936555857
6.158852777777778 2666.906042296069
6.161644444416667 2666.5816616314164
6.164433333333333 2666.441208459211
6.167224999972222 2666.4969486404802
6.171338888888889 2666.35610271903
6.174130555555555 2666.0187009063416
6.176919444444445 2665.877975830813
6.179699999972223 2665.5582477341363
6.1824916666666665 2665.4198489425953
6.185280555527778 2665.477915407852
6.189422222194445 2665.3400302114774
6.192222222222222 2665.004773413894
6.1950111111111115 2664.8654380664625
6.1978027777777775 2664.544592145012
6.200591666666667 2664.3260843373464
6.203380555527778 2664.413253012045
6.207411111111111 2664.322537764347
6.210288888888889 2663.9862235649516
6.213072222222222 2663.8473111782446
6.215863888888889 2663.5263746223536
6.218652777777778 2663.3898489425956
6.221444444444445 2663.4494259818703
6.225666666666666 2663.3127794561906
6.228458333333333 2662.97942598187
6.231247222222223 2662.842326283985
6.234038888888889 2662.766575757573
6.236827777777778 2662.600696969694
6.239616666666667 2662.4343333333304
6.243858333333334 2662.314803625375
6.246727777777778 2661.9826888217494
6.249519444444444 2661.847250755284
6.252308333333334 2661.527250755284
6.2550888888888885 2661.3914501510544
6.257877777777778 2661.4538670694837
6.261897222222222 2661.319335347429
6.264741666666667 2660.985558912384
6.267525 2660.848700906342
6.2703138888888885 2660.766636363634
6.2731055555555555 2660.5970909090884
6.275894444444445 2660.4272424242395
6.280077777777778 2660.3125981873086
6.282908333333333 2659.977069486402
6.2857 2659.8380664652536
6.288477777777778 2659.5185800604195
6.291266666666667 2659.581515151511
6.294058333333333 2659.4118787878756
6.298313888888889 2659.296042296069
6.301097222222222 2658.9613293051325
6.303877777777778 2658.822265861024
6.306669444416666 2658.4978851963715
6.309458333333334 2658.356797583079
6.312241666666667 2658.4136858006013
6.316511111111111 2658.27277945619
6.319319444444444 2657.9338368580034
6.3221 2657.792658610269
6.324880555555556 2657.473262839876
6.327672222222223 2657.336223564951
6.33045 2657.3953172205406
6.3344555555555555 2657.2583081570965
6.3373333333333335 2656.925166163139
6.340125 2656.788157099694
6.342908333333333 2656.4675830815677
6.3456972221944445 2656.3322356495437
6.348488888888889 2656.393504531719
6.352738888888889 2656.2576435045285
6.355586111111111 2655.9249244712955
6.358377777777778 2655.789365558909
6.361158333305555 2655.4741389728065
6.36395 2655.340966767368
6.366738888861111 2655.403081570994
6.370841666666666 2655.268217522656
6.373636111111111 2654.9373716012055
6.376425 2654.8035649546796
6.379208333333334 2654.7019393939363
6.382 2654.536242424239
6.384788888888889 2654.3710909090873
6.389088888888889 2654.284350453169
6.391897222222222 2653.953202416915
6.3946861111111115 2653.818580060419
6.397466666666666 2653.5013293051325
6.400252777777777 2653.36531722054
6.403041666666667 2653.4256797583053
6.407330555555555 2653.290422960722
6.410127777777777 2652.958761329302
6.412911111111111 2652.8227492447095
6.415688888888889 2652.505105740178
6.418480555555556 2652.368731117822
6.4212694444444445 2652.429154078547
6.4253 2652.292658610269
6.42812777775 2651.9592749244684
6.430916666666667 2651.82271903323
6.433708333333334 2651.5030815709943
6.436497222222222 2651.366193353472
6.439288888888889 2651.425619335345
6.443422222222222 2651.2883383685776
6.446294444444445 2650.9546223564935
6.449083333333333 2650.817522658608
6.451863888888889 2650.4995468277925
6.454652777777778 2650.3632326283964
6.4574444444444445 2650.4245317220525
6.461569444444445 2650.288851963744
6.464438888888889 2649.9554078549827
6.467219444444445 2649.8188519637442
6.470008333333333 2649.4980966767353
6.472797222222222 2649.3591238670674
6.475588888888889 2649.418580060421
6.479963888888889 2649.283202416916
6.482808333333334 2648.9490634441067
6.485588888888889 2648.8098187311157
6.488377777777778 2648.491933534741
6.491169444444444 2648.3583081570973
6.4939583333333335 2648.420513595164
6.498186111111111 2648.2842900302094
6.5010111111111115 2647.9521148036233
6.503788888888889 2647.8184894259794
6.506580555555556 2647.50021148036
6.509369444444444 2647.366132930511
6.512158333333334 2647.429456193351
6.516272222222222 2647.2951057401788
6.519125 2646.9632024169164
6.521916666666667 2646.829184290028
6.524705555555555 2646.5125679758285
6.527486111111111 2646.375619335345
6.530275 2646.436555891237
6.534461111111111 2646.3012990936536
6.537252777777778 2645.9681873111767
6.540036111111111 2645.831268882174
6.542827777777778 2645.510181268881
6.545608333333333 2645.3700604229593
6.548397222222222 2645.4280060422943
6.552544444444444 2645.289214501509
6.5553333333333335 2644.952356495467
6.558125 2644.812447129908
6.560913888888889 2652.5665558912374
6.563705555555556 2660.5045317220524
6.566494444444444 2668.638398791539
6.570633333333333 2676.5767673716
6.573422222222222 2684.318761329304
6.576213888888889 2692.2563746223555
6.579002777777778 2692.1326888217513
6.581794444444444 2692.1909667673704
6.584583333333334 2692.4442900302106
6.588761111111111 2692.5011782477336
6.591552777777777 2692.3620241691838
6.594341666666667 2692.419274924471
6.597119444444444 2692.293262839879
6.5999 2692.351117824773
6.602688888888889 2692.6067371601207
6.606741666666666 2692.6658912386706
6.609586111083333 2692.5265558912383
6.612375 2692.583776435045
6.615166666666667 2692.4597280966764
6.617952777777778 2692.5175830815706
6.620738888888889 2692.7711178247732
6.624944444444444 2692.828610271903
6.627769444444445 2692.6897885196367
6.630558333305555 2692.747009063444
6.633344444444444 2692.619788519637
6.636136111111111 2692.6751661631415
6.638919444444444 2692.92836858006
6.642961111111111 2692.9858308157095
6.645769444444444 2692.8446827794555
6.648558333333333 2692.899305135951
6.651338888888889 2692.7687613293047
6.654130555555556 2692.817734138973
6.656919444444444 2693.064924471299
6.661111111111111 2693.1171299093653
6.663977777777777 2692.9711480362535
6.666758333333333 2693.0201510574016
6.66955 2692.8897280966767
6.672338888861111 2692.9425679758306
6.675130555555556 2693.191359516616
6.679608333333333 2693.242960725075
6.682433333305555 2693.0987311178246
6.685222222222222 2693.1516616314198
6.6880138888888885 2693.0213897280964
6.690802777777778 2693.0729305135947
6.693588888861111 2693.321842900302
6.697697222222223 2693.374259818731
6.700488888861111 2693.2292145015103
6.7032694444444445 2693.280664652568
6.70605 2693.1522054380666
6.708838888888889 2693.4031722054383
6.711630555555556 2693.8504229607256
6.715766666638889 2694.101389728097
6.7186361111111115 2694.155045317221
6.721425 2694.404803625378
6.724216666666667 2694.468549848943
6.7270055555555555 2694.7146525679764
6.729797222222222 2695.160574018127
6.734105555555556 2695.4806666666673
6.736894444444444 2695.697090909092
6.739680555555555 2695.913515151516
6.742469444444445 2695.7659818731127
6.745261111111111 2696.008972809668
6.74805 2696.4490634441095
6.752191666666667 2696.692265861028
6.755030555555556 2696.7374924471305
6.757811111111111 2696.9797280966777
6.76060277775 2697.0379758308163
6.763391666666666 2696.4933534743213
6.766183333305555 2696.1452870090648
6.770358333333333 2694.8827272727285
6.773194444444444 2694.3055151515164
6.775986111111111 2693.7283030303042
6.778775 2693.584833836859
6.7815666666666665 2693.825105740182
6.784355555555556 2694.261993957705
6.788466666666666 2694.50160120846
6.791286111111111 2694.778333333334
6.794069444444444 2694.9884242424255
6.796858333333334 2694.84326283988
6.799641666666667 2695.0826283987926
6.802422222222222 2695.5187311178256
6.806388888888889 2695.758791540786
6.809255555555556 2695.802145015107
6.812047222222223 2696.0416314199406
6.814836111111111 2696.0983081571007
6.817627777777778 2695.7456193353482
6.820416666666667 2695.5893957703934
6.824852777777778 2695.237220543807
6.827641666638889 2694.6884290030216
6.830433333333334 2694.335649546828
6.833222222222222 2693.79993957704
6.836013888888889 2694.0382477341395
6.838802777777778 2694.4726283987916
6.842816666666667 2694.709879154079
6.845661111111111 2694.750151057402
6.848452777777778 2694.9875830815718
6.851241666666667 2695.045045317221
6.854033333333334 2695.2852265861034
6.856822222222222 2695.721057401813
6.861111111111111 2695.958519637463
6.863941666666666 2695.9996978851964
6.866733333333333 2696.2392447129914
6.869519444444444 2696.2952567975835
6.872308333333334 2696.5329305135956
6.875097222222222 2696.96827794562
6.879366666666667 2697.281363636364
6.882224999972222 2697.4893333333334
6.885005555555556 2697.697303030304
6.887791666666667 2697.545196374623
6.890580555555555 2697.781691842901
6.8933583333333335 2698.213716012085
6.897413888888889 2698.4499093655595
6.9002027777777775 2698.4905135951662
6.902994444444444 2698.7270090634447
6.905783333333333 2698.7792145015114
6.908572222222222 2699.0131117824785
6.911363888888889 2699.4449546827805
6.915555555555556 2699.678912386708
6.918344444444444 2699.7149546827804
6.921136111111111 2699.948972809669
6.9239194444444445 2699.996314199397
6.926708333333333 2700.227613293053
6.929497222222222 2700.659305135953
6.933513888888889 2700.893655589125
6.936338888888889 2700.927220543808
6.939130555555556 2701.158066465258
6.941919444444444 2701.2080060422973
6.944711111111111 2701.4387311178257
6.947491666666667 2701.8646223564965
6.951825 2702.0951963746234
6.9546166666666664 2702.129607250756
6.957405555555556 2702.3593655589134
6.960186111083333 2702.406888217524
6.9629666666666665 2702.638338368581
6.9657583333333335 2703.066435045318
6.969880555555555 2703.2970090634453
6.972722222222222 2703.3300302114817
6.975502777777778 2703.5606646525694
6.978294444444445 2703.60655589124
6.981080555555556 2703.8319335347446
6.983872222222222 2704.255256797585
6.988247222222222 2704.4823867069504
6.991075 2704.5110271903345
6.993863888888889 2704.7359516616334
6.996655555555556 2704.7782477341407
6.999436111111111 2705.0029305135968
7.002224999972222 2705.424441087615
7.0062 2705.648066465258
7.009033333333333 2705.674441087615
7.011811111111111 2705.898821752268
7.014602777777778 2705.940181268884
7.017391666666667 2706.165226586104
7.020183333333334 2706.5872205438077
7.0243722222222225 2706.8117522658617
7.027238888888889 2706.838640483384
7.030027777777778 2707.062960725076
7.032819444444445 2707.105196374623
7.035608333333333 2707.329758308158
7.0384 2707.7509969788525
7.042466666666667 2707.9748338368586
7.045302777777778 2708.0019939577046
7.048094444444445 2708.2267371601215
7.050883333333333 2708.2693051359515
7.053675 2708.4939274924473
7.056463888888889 2708.913987915408
7.060497222222223 2709.1382477341385
7.063366666666667 2709.1669486404835
7.066158333305555 2709.3914803625375
7.0689472222222225 2709.4297885196374
7.071736111111111 2709.648277945619
7.074527777777778 2710.0667371601203
7.078719444444444 2710.210271084337
7.081572222222222 2710.264126506024
7.084355555555556 2710.53253776435
7.087144444444444 2710.5687009063436
7.089933333305556 2710.7887613293046
7.092725 2711.2048036253773
7.096916666666667 2711.339759036144
7.099775 2711.3919879518066
7.102563888888889 2711.664954682779
7.105352777777778 2711.700634441087
7.108144444444444 2711.9206042296064
7.1109333333333336 2712.3387915407848
7.115097222222222 2712.470722891566
7.1179 2712.5225903614455
7.120688888888889 2712.8003625377637
7.123480555555555 2712.8362235649543
7.1262694444444445 2713.0531722054375
7.1290611111111115 2713.468489425981
7.13315 2713.593734939758
7.135941666666667 2713.643945783132
7.138730555555555 2713.923836858005
7.141522222222222 2713.958126888217
7.144308333305555 2714.177009063443
7.1471 2714.591419939576
7.151077777777778 2714.7114156626494
7.153941666666666 2714.7626807228903
7.156730555555556 2715.048006042295
7.159522222222222 2715.085166163141
7.162311111111111 2715.303897280966
7.165102777777777 2715.719063444108
7.169413888888889 2715.8383433734934
7.17225 2715.889909638554
7.1750388888888885 2716.1771299093652
7.1778305555555555 2716.2146525679755
7.180619444444445 2716.431782477341
7.183411111111111 2716.844350453172
7.187511111111111 2716.9589759036144
7.190305555555556 2717.0085843373495
7.193094444444444 2717.2957099697887
7.195886111111111 2717.3279456193354
7.198675 2717.541722054381
7.201463888888889 2717.9541993957705
7.2058583333333335 2718.064518072289
7.208647222222222 2718.1128614457834
7.211427777777778 2718.4030513595167
7.214208333333334 2718.435226586103
7.216997222222222 2718.6494561933537
7.219783333333333 2719.059728096677
7.223841666666667 2719.163885542169
7.2267 2719.21078313253
7.229488888888889 2719.5033836858006
7.232280555555556 2719.5303323262838
7.235069444444444 2719.7375528700904
7.237861111111111 2720.1444712990938
7.241891666666667 2720.239337349398
7.2447027777777775 2720.280903614458
7.2474944444444445 2720.5741087613296
7.250283333333333 2720.601087613293
7.253072222222222 2720.8125981873113
7.2558638888888884 2721.218791540786
7.259863888861111 2721.3081927710846
7.262722222222222 2721.3502409638554
7.2655111111111115 2721.648731117825
7.268302777777778 2721.6758006042296
7.271091666666667 2721.886132930513
7.273883333333333 2722.294078549849
7.277905555555556 2722.3809036144576
7.280766666638889 2722.4225903614456
7.283555555555555 2722.72501510574
7.286336111111111 2722.752628398792
7.289125 2722.9616918429
7.291916666666666 2723.366918429003
7.296186111111111 2723.451837349397
7.298977777777778 2723.4958433734932
7.301761111111111 2723.799788519637
7.3045527777777775 2723.82586102719
7.307341666666667 2724.037280966767
7.310130555555555 2724.444290030211
7.314197222222222 2724.523795180722
7.316983333333333 2724.5664156626503
7.319769444416667 2724.876132930513
7.322558333333333 2724.9041691842895
7.325347222222222 2725.11084592145
7.328138888888889 2725.515407854985
7.332213888888889 2725.5912048192768
7.3350472221944445 2725.6318975903614
7.337836111111111 2725.9409969788517
7.34062777775 2725.9630815709966
7.343416666666666 2726.168731117824
7.346205555555556 2726.571812688821
7.350494444444444 2726.639759036144
7.353308333333334 2726.6781626506017
7.3561 2726.991299093655
7.358888888888889 2777.251842900301
7.361666666666666 2827.692114803625
7.364458333333333 2878.33087613293
7.368555555555556 2978.1131626506017
7.371388888888889 3028.2359337349394
7.374177777777778 3029.457311178248
7.376969444444445 3029.4765558912386
7.379758333333333 3029.678126888218
7.38255 3030.075166163142
7.386727777777778 3029.2209337349395
7.389519444444445 3029.2539759036144
7.392308333333333 3030.4779154078547
7.3951 3030.498519637462
7.397888888888889 3030.7026283987916
7.400677777777778 3031.10250755287
7.404736111111111 3030.252108433735
7.407525 3030.290030120482
7.410316666666667 3031.5177945619334
7.413105555555555 3031.5394259818727
7.415897222222222 3031.742688821752
7.4186861111111115 3032.1450755287005
7.422777777777778 3031.29313253012
7.425577777777778 3031.329819277108
7.428366666666666 3032.560362537764
7.4311583333055555 3032.5805740181263
7.433947222222222 3032.7840181268875
7.436738888861111 3033.18341389728
7.440927777777778 3032.3248795180716
7.443725 3032.3617168674696
7.446505555527778 3033.5960422960725
7.4492972222222225 3033.614712990936
7.452075 3033.8143504531718
7.454866666666667 3034.2132628398786
7.459069444444444 3033.3475
7.461936111111111 3033.3797289156623
7.4647194444444445 3034.616223564954
7.467511111111111 3034.6342598187302
7.4703 3034.836827794561
7.473091666666667 3035.235438066464
7.47715 3034.366054216867
7.479980555555556 3034.39969879518
7.482769444444444 3035.6409667673715
7.485561111111111 3035.662416918429
7.48835 3035.8631117824766
7.491141666666667 3036.2591842900297
7.495275 3035.388885542168
7.498063888888889 3035.423403614457
7.500852777777777 3036.6639879154072
7.503644444444444 3037.8816666666658
7.506427777777778 3039.26197568389
7.509219444444445 3040.619634146341
7.513355555555555 3041.7550458715596
7.5162 3042.866595092024
7.5189916666666665 3044.155261538461
7.521780555555556 3045.4208950617285
7.524572222222222 3046.8504024767803
7.52735 3048.256739130435
7.531483333333333 3049.4365420560753
7.534275 3050.59234375
7.537066666666667 3051.9291849529786
7.5398555555555555 3053.2428616352204
7.5426472222222225 3054.7254574132494
7.545436111111111 3056.185094936709
7.549455555555555 3057.4139682539685
7.552338888861111 3058.618694267516
7.555119444444444 3060.0084984025557
7.557908333333334 3061.375
7.560697222194444 3054.316366559486
7.563488888888889 3047.178870967742
7.567544444444445 3039.7522977346275
7.570336111111111 3032.244902597403
7.57312777775 3024.8675895765477
7.575916666666667 3017.409248366013
7.578705555555556 3017.409248366013
7.5814972222222226 3018.617573770491
7.585541666666667 3020.743102310231
7.588416666666666 3021.659139072847
7.591205555555556 3022.7634883720925
7.593991666666667 3023.841699999999
7.596780555555555 3023.841699999999
7.599572222222222 3025.096421404681
7.603666666666666 3027.3068686868673
7.606483333333333 3028.2614189189176
7.609275 3029.4111186440664
7.612063888888889 3030.5344557823114
7.614855555555556 3030.5344557823114
7.617644444444444 3031.8361092150158
7.621825 3034.1390721649473
7.624613888888889 3035.1384827586194
7.627405555555556 3036.3349134948085
7.630194444444444 3037.504756944443
7.6329722222222225 3037.504756944443
7.635763888888889 3038.8604529616714
7.639786111111111 3041.2640701754376
7.642622222222222 3042.3097887323934
7.645411111111111 3043.559681978798
7.648202777777778 3044.782836879431
7.650991666666667 3044.782836879431
7.653783333333333 3046.1971886120987
7.6580055555555555 3048.7112544802853
7.660819444444445 3049.8096762589917
7.663611111111111 3051.116570397111
7.6664 3052.3965579710134
7.669188888888889 3052.3965579710134
7.671975 3053.8652727272715
7.676180555555556 3056.4857875457865
7.679027777777778 3057.63588235294
7.681816666666666 3058.9967527675262
7.684608333333333 3060.3305185185172
7.687397222222223 3060.3305185185172
7.690188888888889 3061.862267657991
7.694275 3064.6024719101106
7.697066666666666 3065.808533834585
7.699858333333333 3067.232415094338
7.702647222222223 3068.6290530303013
7.705438888888889 3068.6290530303013
7.708227777777778 3070.2245627376415
7.712405555555556 3073.0866283524897
7.715197222222222 3074.350846153845
7.717986111111111 3075.8382239382236
7.720777777777778 3077.298294573643
7.723566666666667 3077.298294573643
7.726358333333334 3078.9701945525285
7.730369444444444 3081.973882352941
7.733238888888889 3083.3039763779525
7.736027777777778 3084.8662450592883
7.738816666666667 3086.4010714285714
7.741608333333334 3086.4010714285714
7.744397222222222 3088.151354581673
7.748558333333333 3091.309317269076
7.751347222222222 3092.7145564516127
7.754138888888889 3094.3557894736837
7.756927777777777 3095.9695121951213
7.759716666666667 3095.9695121951213
7.762508333333333 3097.804
7.766594444444444 3101.1237037037035
7.769386111111111 3102.6070247933885
7.772175 3104.331742738589
7.774966666666667 3106.0290000000005
7.777755555555555 3106.0290000000005
7.780544444444445 3107.95280334728
7.7846472222222225 3111.444556962025
7.787525 3113.010762711864
7.790313888888889 3114.82514893617
7.793091666666666 3116.612136752137
7.795883333333333 3116.612136752137
7.798672222222222 3118.627896995708
7.802716666666667 3122.299567099567
7.8055055555555555 3123.952347826087
7.8082972222222224 3125.860043668122
7.811086111111111 3127.740394736842
7.813875 3127.740394736842
7.816666666666666 3129.859735682819
7.820869444444445 3133.7317333333335
7.823697222222222 3135.4811160714285
7.826488888888889 3137.493139013453
7.829277777777778 3139.478063063063
7.8320694444444445 3139.478063063063
7.83485 3141.709683257918
7.838888888888889 3145.7972602739724
7.841677777777778 3147.650458715596
7.844469444444444 3149.775023041475
7.8472583333333334 3151.8727314814814
7.85005 3151.8727314814814
7.852838888888889 3154.220325581395
7.857030555555555 3158.534366197183
7.859825 3160.497641509434
7.862616666666667 3162.7399999999993
7.865405555555555 3164.955857142857
7.868188888888889 3164.955857142857
7.870980555555556 3167.435502392344
7.874969444444444 3172.0034299516906
7.877777777777778 3174.0886407766984
7.880566666666667 3176.4644878048775
7.883358333333334 3178.8143627450977
7.886147222222222 3178.8143627450977
7.888938888888889 3181.432413793103
7.8931305555555555 3186.274427860696
7.896 3188.49445
7.898788888888889 3191.0118592964823
7.901580555555555 3193.5039393939396
7.904369444444445 3193.5039393939396
7.907161111111111 3196.279949238579
7.911480555555555 3201.4267179487183
7.914269444444445 3203.793298969072
7.917061111111111 3206.4720207253886
7.91985 3209.1263020833335
7.922641666666666 3209.1263020833335
7.925430555555556 3212.079267015707
7.929436111111111 3217.567460317459
7.932238888888889 3220.098457446808
7.935027777777778 3222.9582352941165
7.937819444444444 3225.7947849462357
7.9406083333333335 3225.7947849462357
7.9434 3228.9314054054053
7.947555555555556 3234.787923497267
7.95035 3237.503406593406
7.953141666666666 3240.5523204419883
7.955930555555556 3243.5792777777774
7.958713888888889 3243.5792777777774
7.961502777777778 3246.9208938547486
7.965661111111111 3253.1746892655356
7.968480555555556 3256.0835795454536
7.971269444444444 3259.341999999999
7.974058333333334 3262.5801724137928
7.97685 3262.5801724137928
7.979638888888889 3266.1511560693643
7.983819444444444 3272.856198830409
7.986666666666666 3275.986
7.989455555555556 3279.4821893491126
7.992247222222222 3282.960238095238
7.995027777777778 3282.960238095238
7.997813888888889 3286.7817365269457
