# SectorTime OrderTurnoverTimeAvg
0.014197222222222222 525.9423517786563
0.015644444444444443 527.5854133858269
0.01863333333333333 525.0002148437502
0.019616666666666668 525.0002148437502
0.019802777777777777 525.0002148437502
0.021469444444444444 523.5504280155644
0.021994444444444445 523.755941747573
0.022430555555555554 522.3891682785301
0.02266111111111111 522.3891682785301
0.022847222222222224 522.3891682785301
0.024283333333333334 525.0196911196913
0.0248 524.8110597302506
0.02521111111111111 523.9371153846155
0.025522222222222224 523.9371153846155
0.02570277777777778 523.0318042226489
0.027125 523.0318042226489
0.027680555555555555 523.2050957854407
0.028519444444444444 523.9504007633589
0.03 525.1390476190477
0.030466666666666666 525.431958174905
0.03086388888888889 525.431958174905
0.031216666666666667 525.431958174905
0.03333333333333333 528.1696401515153
0.03365555555555556 528.1696401515153
0.033911111111111114 528.1696401515153
0.033994444444444445 528.1696401515153
0.03644722222222222 531.7112641509435
0.03691111111111111 531.7112641509435
0.038969444444444445 536.1167293233084
0.03935 538.7524202626644
0.04113611111111111 539.7771161048692
0.04175 539.7771161048692
0.04210833333333333 542.4148785046731
0.04239999997222222 542.2219962686569
0.04245555555555556 542.2219962686569
0.04385 542.2219962686569
0.04457777777777778 542.2219962686569
0.04493333333333333 544.8652513966483
0.04525 544.8652513966483
0.045422222222222225 544.8652513966483
0.046669444444444444 546.5839219330858
0.047308333333333334 546.5839219330858
0.04779722222222222 545.8514471243046
0.048119444444444444 545.8514471243046
0.050152777777777775 547.0934259259262
0.050722222222222224 546.360239852399
0.05096111111111111 546.360239852399
0.052275 546.0008839779009
0.053533333333333336 546.5749908256885
0.05506388888888889 547.4845238095243
0.05575833333333333 547.4845238095243
0.05657499997222222 549.3078427787939
0.058652777777777776 551.178145454546
0.059366666666666665 551.178145454546
0.060644444444444445 554.1644303797474
0.06144444444444445 554.1644303797474
0.061872222222222224 557.0396756756762
0.06214444444444445 557.0396756756762
0.06346944444444444 556.4394424460437
0.06465277777777778 559.1217741935491
0.06492222222222223 559.1217741935491
0.06503333333333333 559.1217741935491
0.06627222222222222 558.530554561718
0.06761388888888889 560.3353119429596
0.06909166666666666 561.0224156305512
0.07191944444444444 563.4223674911666
0.07258333333333333 566.0605996472668
0.07314999997222223 568.5634622144117
0.073325 568.5634622144117
0.07337777777777778 568.5634622144117
0.07470277777777778 569.1975131348516
0.07543333333333334 569.1975131348516
0.07608888888888889 569.1975131348516
0.07754166666666666 569.7111692844683
0.07828611111111111 569.7111692844683
0.07888055555555555 569.9077526132409
0.08038611111111112 569.9077526132409
0.08166666666666667 570.3653645833339
0.08183888888888889 570.3653645833339
0.08321666666666666 571.1192201039867
0.08448333333333333 571.7280310880834
0.08465 571.7280310880834
0.08727222222222222 574.7834423407924
0.08727222222222222 574.7834423407924
0.08751111111111111 574.7834423407924
0.09011944444444445 574.62262886598
0.09036944444444445 574.62262886598
0.09227777777777778 575.1821269296747
0.09295833333333334 575.1821269296747
0.09314444444444445 575.1821269296747
0.09436111111111112 575.1821269296747
0.0957361111111111 577.4806164383567
0.0959138888888889 577.4806164383567
0.09851388888888889 580.7284470989767
0.09874722222222222 580.7284470989767
0.10074166666666666 580.6124829931978
0.10134166666666666 584.8291694915259
0.101525 584.8291694915259
0.10269444444444445 584.8291694915259
0.10354166666666667 584.9538240270733
0.10422222222222222 586.9189020270276
0.10435277777777778 586.9189020270276
0.10627499997222223 585.7159831932779
0.10680833333333334 587.5175503355711
0.10713055555555556 587.5175503355711
0.10987222222222222 590.9111018363947
0.10993333333333333 590.9111018363947
0.111075 592.4311647254583
0.11189722222222222 592.9020232172478
0.11261666666666667 593.4173344370868
0.11271111111111111 593.4173344370868
0.11546944444444444 594.5485808580864
0.11666666666666667 594.1096705107091
0.11795833333333333 596.7904111842112
0.118275 596.7904111842112
0.11943055555555555 596.7140229885065
0.120825 599.3964098360663
0.12112777777777778 599.3964098360663
0.12354722222222222 604.109836601308
0.12390555555555556 604.109836601308
0.1250388888888889 606.0007654723134
0.12676666666666667 606.0007654723134
0.1277861111111111 605.6006504065048
0.12914166666666665 606.764951298702
0.12970277777777778 608.2911993517025
0.13193055555555555 608.2911993517025
0.13218611111111112 608.2911993517025
0.1325 608.1768446601949
0.1341638888888889 608.1016639741526
0.13480555555555557 608.1016639741526
0.13497777777777778 609.6984354838717
0.13536944444444443 612.2546215781006
0.13696111111111112 612.2546215781006
0.1375888888888889 611.9240836012868
0.13776388888888888 611.9822311396476
0.13890833333333333 611.9822311396476
0.13965 611.9822311396476
0.14054166666666668 611.9822311396476
0.14254444444444445 611.9822311396476
0.14322222222222222 614.3428960000008
0.14334166666666667 614.3890575079879
0.14454444444444445 614.3890575079879
0.14535555555555554 614.3890575079879
0.14619166666666666 615.6359713375804
0.1489888888888889 618.5169047619055
0.15018333333333334 619.5229477020611
0.1509361111111111 619.5229477020611
0.15212777777777778 619.8214715189881
0.1529861111111111 619.8214715189881
0.15375555555555556 619.8214715189881
0.15583611111111112 622.061370078741
0.156675 624.7998113207556
0.15945277777777778 628.7672769953059
0.15986111111111112 628.7672769953059
0.16269444444444445 631.740981308412
0.1650888888888889 633.6506055900629
0.1655888888888889 633.6506055900629
0.16700555555555555 633.6506055900629
0.16796111111111112 636.3923100775202
0.16839722222222223 636.3923100775202
0.16851666666666668 636.3923100775202
0.1688138888888889 637.0748606811153
0.16982777777777777 637.0748606811153
0.17075 639.4718856259668
0.17133333333333334 639.4718856259668
0.17261944441666666 640.510693374423
0.17406388888888888 641.3925384615393
0.1743361111111111 641.3925384615393
0.1768611111111111 644.4737519142428
0.17715555555555557 644.4737519142428
0.17915 644.3489755351691
0.17966944441666666 644.3489755351691
0.17990555555555557 644.3075572519092
0.18101944444444446 643.5524847560984
0.18205277777777779 646.0501065449018
0.182875 646.0501065449018
0.18379166666666666 646.0501065449018
0.18530555555555556 646.0501065449018
0.18530555555555556 646.0501065449018
0.1856 646.0501065449018
0.18670833333333334 645.3253039513686
0.18766666666666668 645.3253039513686
0.18803055555555556 645.3253039513686
0.19047777777777777 648.1077845220038
0.19085833333333332 648.1077845220038
0.19089166666666665 648.1077845220038
0.1911861111111111 648.1077845220038
0.19225833333333334 648.1077845220038
0.19344444444444445 651.2368835098345
0.19367222222222222 651.2368835098345
0.19368333333333335 651.2368835098345
0.19502222222222224 651.2368835098345
0.19630277777777777 651.650015105741
0.19647222222222221 651.650015105741
0.19648333333333334 651.650015105741
0.19913055555555556 657.2431475903622
0.19926388888888888 657.2431475903622
0.19936666666666666 657.2431475903622
0.19969166666666666 657.2431475903622
0.20056944444444444 660.043774436091
0.20190277777777776 660.8144977511251
0.20206666666666667 660.8144977511251
0.20220833333333332 660.8144977511251
0.20343333333333333 661.9646407185636
0.20476388888888888 663.2421311475416
0.20495555555555556 663.2421311475416
0.20504722222222221 663.2421311475416
0.207525 665.4652976190483
0.20778055555555555 666.7536404160483
0.20781388888888888 666.7536404160483
0.20900833330555554 666.7536404160483
0.2103861111111111 669.5522848664696
0.21068333333333333 669.5522848664696
0.21093055555555557 669.5522848664696
0.21185277777777778 672.3529481481488
0.21316666666666667 674.8123929098973
0.21356944444444445 676.0829941002957
0.213725 676.0829941002957
0.2143 676.0829941002957
0.21635 676.0829941002957
0.21706944444444445 678.8875846833587
0.21750833333333333 678.8875846833587
0.2187638888888889 678.5722941176477
0.2193388888888889 679.7863289280477
0.22154166666666666 679.4852639296196
0.22188888888888889 679.4852639296196
0.22445 680.2166812865505
0.22730555555555557 682.1163226744194
0.22774444444444444 683.2386792452838
0.2283 683.6464057971023
0.22867222222222222 684.6294500723596
0.23046944444444445 684.6294500723596
0.2310111111111111 684.6294500723596
0.2314138888888889 685.7040317919083
0.23333333333333334 688.5232034632043
0.2339 691.3380403458222
0.23428611108333333 691.3380403458222
0.23598333333333332 691.3380403458222
0.23677777777777778 692.8295827338138
0.23876666666666665 694.1150431034491
0.2388888888888889 694.1150431034491
0.24117222222222223 696.9427977044485
0.24174444444444446 697.3000000000009
0.24405277777777779 698.0389699570825
0.24450555555555556 698.3626857142866
0.2450638888888889 698.3626857142866
0.24708888888888889 700.691522048365
0.24736666666666668 701.4840482954554
0.24787777777777778 701.4840482954554
0.24811944444444445 701.4840482954554
0.249625 701.7165205091947
0.25 701.7165205091947
0.25016666666666665 701.7165205091947
0.252925 702.7172778561362
0.2537138888888889 702.7172778561362
0.2552611111111111 702.2179746835451
0.25555833333333333 702.2179746835451
0.2558638888888889 702.2179746835451
0.25624444444444444 702.2179746835451
0.258025 701.6632303370794
0.2591361111111111 704.5064936886403
0.2593083333333333 704.5064936886403
0.2608861111111111 704.4152374301683
0.2612027777777778 704.4152374301683
0.26201944444444447 704.4152374301683
0.262175 704.4152374301683
0.2641027777777778 707.5903337969409
0.2647527777777778 707.5903337969409
0.2649472222222222 707.5903337969409
0.2669666666666667 707.6933656509701
0.2693361111111111 707.8728137931041
0.27042222222222223 707.8728137931041
0.27218611111111113 709.0032005494511
0.2725861111111111 709.0032005494511
0.272675 709.0032005494511
0.273325 709.0032005494511
0.2733583333333333 709.0032005494511
0.2753277777777778 711.2815226337455
0.27621388888888887 712.4947123287677
0.27829166666666666 715.4655054644815
0.2789611111111111 715.4655054644815
0.2817722222222222 716.639223433243
0.2838638888888889 716.4794429347833
0.2847222222222222 716.4794429347833
0.28609444444444443 716.8887381275447
0.2866638888888889 716.8887381275447
0.28679444444444446 716.8887381275447
0.2874888888888889 717.2334552845535
0.28888888888888886 720.1049932341009
0.2896416666666667 720.1049932341009
0.29008333333333336 720.1049932341009
0.29170833333333335 720.9395810810818
0.29289444444444446 720.9395810810818
0.29306944444444444 720.9395810810818
0.2952194444444444 721.4320647773286
0.29730555555555555 720.0474562584125
0.2973166666666667 720.0474562584125
0.2981361111111111 720.0474562584125
0.30015833333333336 720.8349327956996
0.3008722222222222 720.8349327956996
0.3009861111111111 720.8349327956996
0.30154444444444445 720.8349327956996
0.30290833333333333 720.0939060402692
0.3037416666666667 721.6208176943708
0.3037916666666667 721.6208176943708
0.30570555555555556 720.8146987951815
0.30570555555555556 720.8146987951815
0.3085361111111111 722.1977200000007
0.3093444444444444 722.1977200000007
0.31133333333333335 722.1977200000007
0.3148638888888889 724.9852722443565
0.3149638888611111 724.9852722443565
0.3177527777777778 725.1266137566143
0.31808333333333333 725.6682166446506
0.3183472222222222 725.6682166446506
0.32055833333333333 725.174854881267
0.32090277777777776 725.9008432147567
0.32166944444444445 725.9008432147567
0.3233138888888889 725.4947437582133
0.3233611111111111 725.4947437582133
0.3244611111111111 727.2333813892534
0.3244611111111111 727.2333813892534
0.32608611111111113 727.8693586387438
0.3272305555555556 728.5499738562096
0.3272305555555556 728.5499738562096
0.3288611111111111 728.4306388526733
0.32893055555555556 728.4306388526733
0.3292111111111111 729.4638621586481
0.33159444444444447 731.7925032425426
0.33210555555555554 731.5898963730575
0.33287777775 731.5898963730575
0.33287777775 731.5898963730575
0.3344861111111111 731.9421992238039
0.3346 731.9421992238039
0.3357111111111111 731.9421992238039
0.3373527777777778 732.6101421188637
0.3380722222222222 732.6101421188637
0.34007777777777776 732.6101421188637
0.34081944444444445 732.6101421188637
0.3413638888888889 732.6101421188637
0.34395555555555557 733.5742396907223
0.3456472222222222 733.5742396907223
0.34680555555555553 733.5742396907223
0.3484277777777778 734.2975192802062
0.34973611111111114 734.6377663671379
0.3498222221944444 734.6377663671379
0.3519833333333333 735.0704481434063
0.352575 735.0704481434063
0.35399722222222224 735.0893750000005
0.35409722222222223 735.0893750000005
0.35530555555555554 736.06358778626
0.3568472222222222 736.6447969543151
0.3582444444444444 738.9913291139245
0.35954166666666665 739.8266245259169
0.35970277777777776 739.8266245259169
0.36062777777777777 740.5313888888893
0.36104166666666665 740.5313888888893
0.362575 741.8895471698119
0.36343888888888887 743.3607663316587
0.3680194444166667 744.6396996245311
0.36819444444444444 744.6396996245311
0.36901388888888886 744.6396996245311
0.36909444444444445 744.6396996245311
0.369375 744.6396996245311
0.3709722222222222 744.6396996245311
0.3717861111111111 744.6396996245311
0.37194444444444447 744.6396996245311
0.3721527777777778 744.6396996245311
0.37400555555555554 743.8648375000005
0.37462222222222225 743.8648375000005
0.3747888888888889 743.8648375000005
0.3749416666666667 743.8648375000005
0.37656388888888886 744.3991521197012
0.37746944444444447 744.3991521197012
0.3794361111111111 744.3991521197012
0.38043055555555555 744.3991521197012
0.38059444444444446 744.3991521197012
0.3832305555555556 743.3851741293536
0.38511388888888887 745.4394175960351
0.38600833333333334 745.4394175960351
0.38621944444444445 745.4394175960351
0.38784444444444444 745.28609394314
0.3890777777777778 746.3862515413075
0.39066666666666666 746.3862515413075
0.3934944444444444 746.1513054187196
0.3947083333333333 746.3647109471099
0.3947277777777778 746.3647109471099
0.3962222222222222 746.3647109471099
0.3964111111111111 746.3647109471099
0.3975972222222222 746.5901719901724
0.39761111111111114 746.5901719901724
0.39853333333333335 746.5901719901724
0.39905 746.5901719901724
0.3992222222222222 746.5901719901724
0.400425 746.5901719901724
0.4019583333333333 746.5901719901724
0.40470833333333334 746.5901719901724
0.4047472222222222 746.5901719901724
0.40607777777777776 746.5901719901724
0.40768055555555555 746.5901719901724
0.40873055555555554 746.5901719901724
0.4088583333333333 746.5901719901724
0.41029444444444446 746.2089570552153
0.4104111111111111 746.2089570552153
0.41153055555555557 750.5051529987766
0.411625 750.5051529987766
0.41256944444444443 750.5051529987766
0.41315277777777776 750.5051529987766
0.4132416666666667 750.5051529987766
0.4143527777777778 750.5051529987766
0.41444722222222224 750.5051529987766
0.4159861111111111 749.9237408312964
0.41615 749.9237408312964
0.41726111111111114 749.9237408312964
0.4199833333333333 750.8807448107453
0.42018055555555556 754.0043414634151
0.4229805555555556 754.332362971986
0.423675 754.332362971986
0.42454444441666667 754.332362971986
0.42558611108333333 754.332362971986
0.42709722222222224 755.7122992700736
0.42822499997222224 755.7122992700736
0.4300277777777778 755.2620048602679
0.4301388888888889 755.2620048602679
0.4311138888888889 755.2620048602679
0.43287777775 754.8254611650492
0.4353444444444444 755.5642060606067
0.43575555555555556 758.7263075060539
0.43828055555555556 759.1026844014516
0.4383166666666667 759.1026844014516
0.4385777777777778 759.1026844014516
0.4405833333333333 759.1026844014516
0.441475 759.1026844014516
0.4429361111111111 762.28213768116
0.4442333333333333 762.28213768116
0.4457388888888889 762.28213768116
0.44626944444444444 762.28213768116
0.44684722222222223 762.28213768116
0.44708055555555554 762.28213768116
0.44988333333333336 768.6695783132534
0.451875 768.6695783132534
0.4521277777777778 768.6695783132534
0.4527055555555556 768.6695783132534
0.45413888888888887 768.6695783132534
0.45475 768.6695783132534
0.455175 768.6695783132534
0.45547777777777776 769.0438748495792
0.45759444444444447 769.0438748495792
0.4582583333333333 770.4838100961541
0.46055 770.4838100961541
0.4616416666666667 770.4838100961541
0.46321111111111113 771.8660264105646
0.4632472222222222 771.8660264105646
0.46454444441666665 771.8660264105646
0.4660138888888889 774.2620503597126
0.46610555555555555 774.2620503597126
0.4675638888888889 774.2620503597126
0.4689111111111111 775.2456886227548
0.4701888888888889 775.2456886227548
0.47170833333333334 775.2456886227548
0.47170833333333334 775.2456886227548
0.47296666666666665 775.2456886227548
0.4731361111111111 775.2456886227548
0.477 777.2367105263161
0.4772777777777778 777.2367105263161
0.4772777777777778 777.2367105263161
0.47858333333333336 777.2367105263161
0.47991666666666666 777.2367105263161
0.4800916666666667 777.2367105263161
0.4800916666666667 777.2367105263161
0.48288888888888887 778.5696415770612
0.48288888888888887 778.5696415770612
0.48309166666666664 778.5696415770612
0.48425833333333335 781.8653579952271
0.4846916666666667 781.8653579952271
0.48572777777777776 784.1010476190479
0.48572777777777776 784.1010476190479
0.48756944444444444 784.1010476190479
0.48854166666666665 784.1010476190479
0.4887722222222222 784.1010476190479
0.4898472222222222 784.3115338882286
0.4927416666666667 784.3115338882286
0.4941083333333333 784.3115338882286
0.49414166666666665 784.3115338882286
0.4955333333333333 784.3115338882286
0.49688333333333334 784.3115338882286
0.49694444444444447 784.3115338882286
0.4987027777777778 787.6433135391927
0.4997083333333333 787.6433135391927
0.4997083333333333 787.6433135391927
0.5011777777777778 787.6433135391927
0.5025638888888889 787.6433135391927
0.5025638888888889 787.6433135391927
0.5031194444444445 787.6433135391927
0.5053444444444445 787.6433135391927
0.5054694444444444 787.6433135391927
0.5054694444444444 787.6433135391927
0.5068027777777778 787.6433135391927
0.5082277777777777 789.946607354686
0.5082277777777777 789.946607354686
0.5086944444444444 789.946607354686
0.5111111111111111 789.946607354686
0.5111111111111111 789.946607354686
0.5123638888888888 791.9697393364931
0.5136555555555555 798.6353191489364
0.5138222222222222 798.6353191489364
0.5143555555555556 802.8892434988182
0.5151722222222223 802.8892434988182
0.5165416666666667 804.353995271868
0.5166916666666667 804.353995271868
0.5172527777777778 804.353995271868
0.517975 804.353995271868
0.5199777777777778 809.259112426036
0.5207444444444445 809.259112426036
0.5217194444444444 810.1263744075834
0.5220277777777778 810.9934519572957
0.5223194444444444 810.9934519572957
0.5236111111111111 813.5986904761909
0.5245277777777778 814.4642193087012
0.5249 815.3295942720769
0.52565 817.0616746411488
0.5272777777777777 818.7930215827342
0.5278194444444444 819.6563385354145
0.5284833333333333 819.6563385354145
0.5293055555555556 820.5181009615388
0.53005 821.3755234657044
0.5320944444444444 827.4358986731004
0.5331972222222222 827.4358986731004
0.5348722222222222 830.859078787879
0.5362472222222222 830.859078787879
0.5376666666666666 832.6784325637911
0.538475 834.7379004854371
0.53915 835.5817010935605
0.5404583333333334 836.4258880778591
0.5419388888888889 840.8589159561512
0.5421472222222222 841.6994878048782
0.5449027777777777 845.0609803921571
0.5460027777777777 848.8433415233418
0.5475194444444444 850.5174384236457
0.5488833333333333 852.1911851851854
0.5503083333333333 853.021396786156
0.5505166666666667 853.021396786156
0.5517388888888889 854.6818463444861
0.5531305555555556 855.5087593052111
0.5533055555555556 855.5087593052111
0.5546027777777778 856.3320993788823
0.5559472222222223 857.9680946450811
0.5566222222222222 858.7839276807982
0.5574083333333333 858.7839276807982
0.5576166666666666 858.7839276807982
0.5595361111111111 860.6004875000003
0.5602 860.6004875000003
0.5604583333333333 860.6004875000003
0.5616194444444444 862.2066040100252
0.5617194444444444 862.2066040100252
0.56325 863.9982035175882
0.5644444444444444 864.8948679245286
0.5645138888888889 864.8948679245286
0.5660861111111111 867.7013383838387
0.5672472222222222 868.4966877370421
0.5674444444444444 868.4966877370421
0.5678638888888888 869.287936708861
0.5689083333333333 869.287936708861
0.5700416666666667 870.0744486692018
0.5702333333333334 870.0744486692018
0.5716916666666667 870.0744486692018
0.5720277777777778 870.8500380710664
0.57285 871.7643329097843
0.5730055555555555 871.7643329097843
0.5735416666666666 874.189285714286
0.5745333333333333 874.189285714286
0.5763027777777778 876.7847119078108
0.5773861111111112 876.7847119078108
0.5787138888888889 878.5251347881903
0.5804388888888888 880.2045431145433
0.5813222222222222 880.2045431145433
0.5821972222222223 881.9755870967745
0.5832833333333334 882.7280361757107
0.5840805555555556 882.7280361757107
0.5861194444444444 884.7882124352333
0.5869388888888889 884.7882124352333
0.5888888888888889 887.481352405722
0.5916055555555556 888.9483702737942
0.5945416666666666 892.0356880733948
0.5961333333333333 893.4734428383709
0.5973361111111111 893.4734428383709
0.599475 895.0370882740451
0.6001583333333333 895.0370882740451
0.6007833333333333 895.8606992084436
0.6009583333333334 895.8606992084436
0.6029555555555556 897.9634304635766
0.6036527777777778 898.6600000000005
0.6048805555555555 900.1455186170217
0.6051027777777778 900.1455186170217
0.6058555555555556 900.1455186170217
0.6063916666666667 900.8346737683094
0.6077749999722222 902.4163818424571
0.6086861111111111 902.4163818424571
0.6093111111111111 902.4163818424571
0.6105222222222222 904.1200000000005
0.6108222222222223 904.1200000000005
0.6111138888888888 904.7959383378021
0.6115527777777777 904.7959383378021
0.6122083333333334 905.7825637583898
0.6143888888888889 907.4776581426654
0.6152666666666666 907.4776581426654
0.6161472222222222 908.5069137466312
0.6177777777777778 909.4821727395417
0.6189583333333334 910.9932611637353
0.6202694444166666 911.9618292682931
0.6215833333333334 913.5260190217397
0.6226055555555555 913.5260190217397
0.6244361110833333 915.0790735694828
0.6244805555555556 915.0790735694828
0.6273416666666667 916.9620628415305
0.6286611111111111 917.5871409028733
0.6292722222222222 918.207246575343
0.6322416666666667 921.1750894085287
0.6333249999722222 921.786900826447
0.6348194444444445 923.5482320441996
0.6351722222222222 924.153526970955
0.6375027777777778 926.2550624133155
0.6377194444444444 926.8535833333341
0.6429055555555555 929.8135804195812
0.6431833333333333 929.8135804195812
0.6433111111111111 930.9017086834741
0.6457944444444444 932.890056258791
0.646025 932.890056258791
0.6462194444444445 933.4627323943669
0.6488194444444444 933.4627323943669
0.6491305555555555 934.0228208744717
0.6516333333333333 935.6347383309765
0.6544583333333334 937.4068323863642
0.6545888888888889 937.4068323863642
0.6547083333333333 937.4068323863642
0.6565861111111111 937.9422475106691
0.6571722222222223 938.8939173789179
0.6573416666666667 938.8939173789179
0.6575 938.8939173789179
0.6601583333333333 940.9772571428576
0.6601583333333333 940.9772571428576
0.6603305555555555 940.9772571428576
0.6629027777777777 941.6732904148787
0.6629027777777777 941.6732904148787
0.6672361111111111 944.6330459770118
0.6686666666666666 946.862034632035
0.6699611111111111 948.1439507959482
0.6714333333333333 949.2505950653124
0.6715361111111111 949.2505950653124
0.6729166666666667 949.7270784883724
0.6756833333333333 951.356982507289
0.6757222222222222 951.356982507289
0.6764361111111111 951.356982507289
0.6771638888888889 952.8631871345032
0.6797222222222222 954.5905278592377
0.6800333333333334 955.1621879588841
0.6813166666388889 956.2010588235296
0.6856333333333333 959.325697329377
0.6886055555555556 961.1485692995532
0.693075 966.5280630630632
0.6934111111111111 966.5280630630632
0.6951638888888889 969.916888217523
0.6966277777777777 972.7238391502278
0.6970222222222222 972.7238391502278
0.6999055555555556 974.9163206106873
0.7007777777777778 975.3029663608567
0.7014 975.3029663608567
0.7027111111111111 976.9605529953918
0.7035777777777777 977.3368615384617
0.7041833333333334 977.3368615384617
0.7041833333333334 977.3368615384617
0.7063805555277778 979.288454404946
0.7075277777777778 979.9319504643966
0.7091777777777778 982.5362208398136
0.7111111111111111 984.530890625
0.7119583333333334 986.0242566510173
0.7126527777777778 986.0242566510173
0.7135527777777778 986.7572257053291
0.7167777777777777 989.2220504731862
0.7175944444444444 991.7327848101265
0.7191444444444445 992.3295721077656
0.7203638888888889 992.7325873015875
0.7219472222222222 993.3521974522292
0.723175 993.3521974522292
0.7247694444444445 994.4701913875597
0.7250666666388889 994.4701913875597
0.7256222221944445 994.4701913875597
0.7260305555555555 994.4701913875597
0.7277111111111111 994.8785942492012
0.72795 995.1585920000002
0.7284333333333334 995.4362820512821
0.7312527777777778 997.0107890499194
0.7331638888888888 997.2751774193548
0.7338944444444444 997.5292568659125
0.736325 999.24012987013
0.7382916666666667 1000.36281300813
0.7402944444444445 1002.8654812398044
0.741575 1003.5989379084969
0.7428527777777778 1003.8171358428804
0.7444277777777778 1004.0224262295081
0.7456972222222222 1004.5105592105261
0.7457805555555556 1004.5105592105261
0.7466638888611111 1004.5105592105261
0.7472277777777778 1005.8984843492586
0.7485138888888889 1008.7071357615894
0.7487083333333333 1008.7071357615894
0.7489888888888889 1008.7071357615894
0.7513611111111111 1012.4149251247918
0.7515222222222222 1012.4149251247918
0.7543722221944444 1014.3820367278797
0.7546888888888889 1014.3820367278797
0.7574666666666666 1015.8969075630253
0.7580305555555555 1017.3033501683501
0.7599388888888889 1019.5149831081081
0.7602749999722223 1019.5149831081081
0.7608333333333334 1019.5149831081081
0.7627749999722222 1023.1014455782312
0.7629611111111111 1023.1014455782312
0.7639333333333334 1023.1014455782312
0.7658666666666667 1025.4323931623928
0.76625 1025.4323931623928
0.7663083333333334 1025.4323931623928
0.7687583333333333 1025.5425856164381
0.7690166666666667 1025.5425856164381
0.7691277777777777 1025.5425856164381
0.7715972222222223 1027.7732817869414
0.7718722221944444 1027.7732817869414
0.7720027777777778 1027.7732817869414
0.7749861111111112 1032.1447313691503
0.7757083333333333 1033.5401562499997
0.7774694444444444 1034.6981391304344
0.7776305555277778 1034.6981391304344
0.7803777777777777 1036.7850261780102
0.7816527777777778 1036.7850261780102
0.7821611111111111 1036.8241958041956
0.7832166666666667 1036.8241958041956
0.7860083333333333 1038.8349999999998
0.7870694444444445 1040.3725396825394
0.7886944444444445 1041.937844522968
0.7916222222222222 1044.1662522202485
0.7943833333333333 1046.365089285714
0.7959333333333334 1047.9075134168156
0.7968694444444444 1047.9075134168156
0.7981916666388889 1050.3947661870504
0.8024388888888889 1051.4740398550725
0.8031166666388889 1051.4032667876588
0.8054277777777777 1054.248142076503
0.8057555555277778 1055.6208775137113
0.8073361111111111 1055.6208775137113
0.8082194444444445 1055.6208775137113
0.8114055555555556 1059.4530330882353
0.8118527777777778 1059.4530330882353
0.8141805555555556 1059.4530330882353
0.8164638888888889 1059.6091328413283
0.8170333333333333 1059.6091328413283
0.8171694444444444 1059.6091328413283
0.8178861111111111 1059.4533086876156
0.8199083333333334 1060.8663821892394
0.82065 1062.654460966543
0.8221416666666667 1062.8713246268658
0.82275 1062.8713246268658
0.8235361111111111 1064.0664419475654
0.8239305555555556 1064.0664419475654
0.8255638888888889 1063.8401879699247
0.8267555555555556 1065.4864971751413
0.828275 1067.5743289224952
0.8284777777777778 1067.5743289224952
0.8290055555555556 1068.8278557874764
0.82915 1068.8278557874764
0.8311805555555556 1068.7618631178707
0.8314666666666667 1068.7618631178707
0.8319527777777778 1070.2243047619045
0.834075 1073.7905747126435
0.8367972221944444 1075.822389210019
0.8415666666666667 1079.7948443579764
0.8438861110833333 1079.7948443579764
0.8477861111111111 1081.541976516634
0.8478083333333334 1081.541976516634
0.84945 1081.2031568627451
0.8505833333333334 1084.215807086614
0.8506138888888889 1084.215807086614
0.8533611111111111 1087.328517786561
0.8534305555555556 1087.328517786561
0.8538388888888889 1087.328517786561
0.8546222222222222 1087.4687896825394
0.8550388888888889 1087.4687896825394
0.8561861111111111 1088.818449304175
0.8562083333333333 1088.818449304175
0.85745 1090.686952191235
0.8579694444444445 1090.686952191235
0.8590777777777778 1090.2897604790417
0.8602749999722222 1091.8772545090178
0.8617416666666666 1094.5678873239433
0.8618555555555556 1094.5678873239433
0.8621611111111112 1094.5678873239433
0.8630916666666667 1095.7139919354836
0.8646305555555556 1095.2843636363634
0.8657333333333334 1095.2843636363634
0.8676472222222222 1095.2843636363634
0.8736583333333333 1098.2575720164602
0.8756277777777778 1101.680767634854
0.8763333333333333 1101.680767634854
0.8820305555555555 1106.034129979035
0.8829583333333333 1106.034129979035
0.88355 1107.432542016806
0.8848472222222222 1107.432542016806
0.8850333333333333 1107.432542016806
0.8864083333333334 1109.216088794925
0.8875888888888889 1109.216088794925
0.8889 1108.6079872881348
0.8889527777777778 1108.6079872881348
0.8932194444444445 1110.3449999999991
0.8941083333333333 1111.6707889125792
0.8969527777777778 1112.9446881720423
0.9100388888888888 1125.5764159292028
0.9111833333333333 1128.5491555555548
0.9113555555555556 1128.5491555555548
0.9153722222222223 1133.3403837471776
0.9187833333333333 1136.5047499999994
0.9200638888888889 1138.5409339407738
0.9229055555555555 1138.6360273972596
0.92665 1141.2757603686628
0.9292972221944444 1145.7506944444435
0.9321972222222222 1146.2757575757566
0.9341805555555556 1145.3129439252327
0.9354055555555556 1146.8672365339569
0.9358722222222222 1149.250915492957
0.9421361111111111 1150.164703087885
0.9479361111111111 1156.413108433734
0.9482138888888889 1156.413108433734
0.9553555555555555 1158.91338235294
0.9580333333333333 1159.5662068965505
0.9621611111111111 1159.9477171215867
0.9659833333333333 1161.6244999999988
0.9677638888888889 1167.412418136019
0.9758555555555556 1170.3566496163671
0.9813194444444444 1184.874062499999
0.9834388888888889 1189.9706036745397
0.984725 1192.0960686015821
0.9849722222222222 1192.0960686015821
0.9891944444444445 1193.7338770053468
0.9971305555555555 1207.4820708446857
1.0081944444444444 1214.7791853932579
1.0119166666666666 1227.8854131054125
1.0124833333333334 1231.1512571428566
1.013538888888889 1231.1512571428566
1.0138694444444445 1233.43698275862
1.0152944444444445 1235.1141907514445
1.01835 1247.2596198830406
1.019586111111111 1247.2596198830406
1.0317972222222223 1277.395396341463
1.038461111111111 1274.3663467492256
1.041211111111111 1272.2559999999994
1.0450666666666666 1270.5686435331224
3.0563055555555554 649.4672613065329
3.0589583333333334 649.8744862155392
3.0601694444444445 649.8744862155392
3.0626777777777776 650.2055000000003
3.0629055555277778 650.2055000000003
3.063041666666667 650.2055000000003
3.0656 652.2790274314217
3.0658194444444447 653.8691791044779
3.066225 653.8691791044779
3.0684 656.9384119106702
3.068713888888889 656.9384119106702
3.0711944444444446 661.27975308642
3.0713694444444446 661.27975308642
3.0715555555555554 661.27975308642
3.074025 662.6336699507391
3.074211111111111 662.6336699507391
3.076825 664.9515724815727
3.0771194444166667 664.9515724815727
3.079661111111111 666.2409558823532
3.0800666666666667 666.2409558823532
3.0814222222222223 666.2409558823532
3.0823944444444447 669.9182195121955
3.082963888888889 669.9182195121955
3.0836083333333333 669.9182195121955
3.0852194444444443 673.5376213592237
3.0891722222222224 676.8056626506029
3.0919916666666665 678.8092105263163
3.0931694444444444 678.2836515513131
3.094038888888889 679.7143809523815
3.094813888888889 679.7143809523815
3.0966694444444443 678.5237825059107
3.0968305555555555 678.5237825059107
3.0976749999722224 678.5237825059107
3.0986972222222224 678.5237825059107
3.0987833333333334 678.0525707547175
3.099686111111111 678.0525707547175
3.1014805555555554 678.0525707547175
3.102272222222222 681.781244131456
3.1025361110833334 681.781244131456
3.1033805555555554 682.9574707259959
3.105202777777778 685.0616355140193
3.1052138888888887 685.0616355140193
3.1061722222222223 685.0616355140193
3.108102777777778 685.0616355140193
3.1113444444444442 689.3532790697681
3.112825 690.1825986078892
3.115711111111111 693.3631018518523
3.1164277777777776 693.3631018518523
3.1168805555555554 693.3631018518523
3.119063888861111 699.7111751152079
3.119736111111111 699.7111751152079
3.124863888888889 705.3308863636366
3.1267416666666668 705.1737414965991
3.127413888888889 705.1737414965991
3.1276694444444444 705.1737414965991
3.1284305555555556 705.1737414965991
3.129511111111111 705.0404298642537
3.130325 710.2206081081085
3.131263888888889 710.2206081081085
3.1323916666666665 710.2352134831464
3.1325444444444446 710.2352134831464
3.1325694444444445 710.2352134831464
3.133147222222222 711.3742825112112
3.1341694444444443 711.3742825112112
3.135927777777778 711.4094407158841
3.1379472222222224 711.4672544642862
3.138236111111111 711.4672544642862
3.1388055555555554 711.4672544642862
3.140991666666667 711.5483964365261
3.142588888888889 716.0479600886922
3.1443944444444445 715.4761283185845
3.145388888888889 715.4761283185845
3.1466861111111113 716.2874172185435
3.1472972222222224 718.2211428571434
3.148311111111111 718.2211428571434
3.1486805555555555 717.8257894736847
3.15 720.1665207877467
3.151466666666667 719.6588209606991
3.152436111111111 719.9466884531595
3.1528444444444443 719.9466884531595
3.153136111111111 719.9466884531595
3.155275 719.0735217391308
3.1556583333333332 719.0735217391308
3.156061111111111 719.0735217391308
3.1591416666666667 720.8936501079918
3.161636111111111 721.8480000000004
3.1618805555555554 721.8480000000004
3.1626083333333335 721.8480000000004
3.164538888888889 724.0130128205133
3.164538888888889 724.0130128205133
3.1654138888888887 724.0130128205133
3.1672972222222224 724.7745531914898
3.1687194444444446 726.2025690021236
3.170147222222222 729.003699788584
3.17295277775 729.003699788584
3.1730305555555556 729.003699788584
3.174263888888889 729.003699788584
3.175561111111111 731.0354430379751
3.178375 733.345378151261
3.1785444444444444 733.345378151261
3.178672222222222 733.345378151261
3.179091666666667 733.345378151261
3.181213888888889 736.6311740041933
3.1814583333333335 736.6311740041933
3.1840805555555556 736.4784728033478
3.1843194444444443 736.4784728033478
3.1847055555555555 736.4784728033478
3.1854694444444442 738.8225887265141
3.1871583333333335 738.8225887265141
3.1876444444444445 737.9443750000006
3.1883194444444443 737.9443750000006
3.1896694444444442 736.9612266112272
3.190011111111111 736.9612266112272
3.1905277777777776 736.7351037344404
3.1928444444444444 736.7351037344404
3.1939166666666665 742.9502685950417
3.1957027777777776 742.9502685950417
3.196655555527778 742.9502685950417
3.1980416666666667 742.9502685950417
3.199536111111111 741.9050515463922
3.2008833333333335 741.0068312757206
3.2013194444444446 740.2370431211504
3.201494444416667 742.0217827868858
3.202325 742.0217827868858
3.2036277777777777 742.0217827868858
3.2041 740.1607346938779
3.2043638888611112 740.1607346938779
3.2050944444444442 740.1607346938779
3.205138888888889 740.1607346938779
3.2065055555555557 742.3697148676175
3.2068305555555554 742.3697148676175
3.207141666638889 741.280447154472
3.207974999972222 741.280447154472
3.209261111111111 741.280447154472
3.209633333333333 739.6408097165996
3.209922222222222 739.6408097165996
3.210802777777778 739.6408097165996
3.2121138888888887 740.9129292929298
3.2128111111111113 740.9129292929298
3.216675 742.7565261044183
3.221216666638889 741.5590854870779
3.2222333333333335 743.4130158730163
3.2239388888888887 743.0668316831687
3.2240583333333332 743.0668316831687
3.22565 742.8492094861665
3.2278333333333333 742.8492094861665
3.2305722222222224 746.2156299212604
3.231088888888889 745.9150884086449
3.233438888861111 745.9150884086449
3.235236111111111 745.5180000000006
3.236222222222222 745.5180000000006
3.2367777777777778 745.5180000000006
3.2380944444444446 745.3846379647755
3.2391055555555557 745.3846379647755
3.2392666666666665 745.0297070312505
3.241913888888889 750.9517704280161
3.242402777777778 750.6083106796121
3.2437722222222223 750.6083106796121
3.2447194444444443 750.6083106796121
3.2452444444166666 750.2853100775199
3.245436111111111 750.2853100775199
3.246541666666667 751.2500580270798
3.247586111111111 751.2500580270798
3.2482333333333333 750.1336100386105
3.2489555555555554 750.1336100386105
3.2499805555555557 750.1336100386105
3.251027777777778 750.1336100386105
3.253922222222222 753.3142802303267
3.2559833333333335 756.7842337164756
3.2567333333333335 756.7842337164756
3.259516666666667 757.5482251908402
3.2595972222222223 757.5482251908402
3.260511111111111 757.5482251908402
3.2615333333333334 757.5482251908402
3.261813888888889 756.530247619048
3.262391666666667 756.530247619048
3.264341666638889 760.0244106463883
3.2651416666666666 759.0254459203042
3.2672111110833333 760.0873863636368
3.26785 760.0873863636368
3.268047222222222 760.0873863636368
3.2700583333055557 761.5932514177698
3.2720305555555558 766.2517481203012
3.274463888888889 769.7582926829273
3.277125 769.7582926829273
3.277238888888889 769.7582926829273
3.279161111111111 768.7248411214957
3.2794 768.7248411214957
3.2799722222222223 768.7248411214957
3.2812055555555557 767.7259514925378
3.282783333333333 767.7259514925378
3.2840194444444446 768.3888847583647
3.284786111111111 768.3888847583647
3.2849944444444446 768.3888847583647
3.2855055555555555 768.3888847583647
3.2869166666666665 767.3228756957332
3.2878555555555558 769.2487777777782
3.2884 769.2487777777782
3.292511111111111 771.3937892791131
3.2944027777777776 771.3937892791131
3.2971472222222222 774.4292081031311
3.299036111111111 778.0104963235299
3.300011111111111 777.2448807339454
3.300186111111111 777.2448807339454
3.300883333333333 777.2448807339454
3.3028055555555556 777.2448807339454
3.3037805555555555 777.2448807339454
3.30475 777.2448807339454
3.3052083333333333 777.2448807339454
3.3056666666666668 777.2448807339454
3.3075444444444444 780.1292673992679
3.3085333333333335 780.1292673992679
3.3102416666666667 783.749085923218
3.3108055555555556 783.749085923218
3.3121472222222224 782.9442335766428
3.3125361110833333 782.9442335766428
3.314208333333333 783.2170909090913
3.3153527777777776 783.2170909090913
3.3158861111111113 783.2170909090913
3.3187416666666665 784.7824094202903
3.3197888888888887 784.7824094202903
3.320316666666667 784.7824094202903
3.3216944444444443 790.7187725631774
3.3237083333333333 790.7187725631774
3.3244833333333332 792.3096942446048
3.325836111111111 792.3096942446048
3.326513888888889 792.3096942446048
3.3273305555555557 792.3096942446048
3.328636111111111 792.3096942446048
3.3293222222222223 792.3096942446048
3.3309333333333333 791.2959066427294
3.332225 793.8858422939072
3.3330055555555558 793.8858422939072
3.3351166666666665 797.3217142857146
3.337241666666667 797.3217142857146
3.3389972222222224 797.3217142857146
3.3403444444444443 797.3217142857146
3.340675 797.3217142857146
3.340838888888889 797.3217142857146
3.342922222222222 796.5933868092695
3.3432222222222223 796.5933868092695
3.343686111111111 796.5933868092695
3.343952777777778 795.7790747330964
3.344622222222222 797.7487921847251
3.345727777777778 797.7487921847251
3.346022222222222 797.7487921847251
3.3467527777777777 797.7487921847251
3.3474694444444446 801.4726418439719
3.34865 801.4726418439719
3.3488305555555558 801.4726418439719
3.350275 803.4663362831861
3.3514416666666667 803.4663362831861
3.3523305555555556 805.264416961131
3.354286111111111 804.2884832451501
3.3547861111111112 805.3360211267608
3.3551416666666665 805.3360211267608
3.3559305555555556 805.3360211267608
3.357111111111111 804.5933743409493
3.3576444444444444 804.5933743409493
3.3580055555555557 804.5933743409493
3.3582027777777776 804.5933743409493
3.361111111111111 807.0574035087722
3.361786111111111 806.9791418563925
3.36357777775 806.9791418563925
3.364613888888889 810.7436013986016
3.3666694444444443 814.4995287958118
3.3671611111111113 814.4438327526136
3.3679111111111113 813.558034782609
3.369466666666667 813.558034782609
3.3700555555555556 813.558034782609
3.3702305555555556 813.558034782609
3.371075 812.7978472222226
3.3722333333333334 812.7978472222226
3.3728583333333333 812.2588561525133
3.3730805555555556 812.2588561525133
3.3750055555555556 812.2588561525133
3.375322222222222 812.2588561525133
3.376202777777778 812.2588561525133
3.3786805555555555 812.2588561525133
3.3813166666666667 812.2588561525133
3.3815583333333334 812.2588561525133
3.3867722221944443 818.2907772020728
3.3929583333333335 827.6662092624359
3.3981583333333334 830.6221575342469
3.4000805555555558 832.7263418803421
3.4001972221944445 832.7263418803421
3.4003972222222223 832.7263418803421
3.402852777777778 839.8016156462587
3.4030444444166665 839.8016156462587
3.403302777777778 839.8016156462587
3.4038222222222223 839.8016156462587
3.4042555555555554 839.8016156462587
3.4057166666666667 839.8016156462587
3.405875 839.8016156462587
3.4060944444444443 839.8016156462587
3.4066472222222224 839.8016156462587
3.4071583333333333 839.8016156462587
3.4085944444444443 839.8016156462587
3.4087083333333332 839.8016156462587
3.409016666638889 839.8016156462587
3.409902777777778 839.8016156462587
3.4114166666666668 839.8016156462587
3.411525 839.8016156462587
3.4126944444444445 842.790237691002
3.414222222222222 842.790237691002
3.4144305555555556 842.790237691002
3.414988888861111 842.790237691002
3.417075 842.790237691002
3.417175 842.790237691002
3.417247222222222 842.790237691002
3.4192222222222224 842.790237691002
3.419975 842.790237691002
3.4253805555555554 848.185193929174
3.4283333333333332 851.1097979797984
3.4288805555555557 851.1097979797984
3.4311472221944443 851.1097979797984
3.432361111111111 851.1097979797984
3.433938888888889 851.1097979797984
3.4341416666666666 851.1097979797984
3.4343944444444445 851.1097979797984
3.4366861111111113 851.1097979797984
3.437875 851.423915966387
3.4399 851.423915966387
3.4406777777777777 851.423915966387
3.442677777777778 853.6670637583896
3.442702777777778 853.6670637583896
3.4454194444444446 853.6670637583896
3.4463166666666667 856.1054773869351
3.4479 856.1054773869351
3.4492 856.1054773869351
3.4519694444444444 858.7227257525087
3.4527055555555557 865.7616666666671
3.4575194444444444 868.2792845257907
3.458075 868.2792845257907
3.459788888888889 868.2792845257907
3.4598666666666666 868.2792845257907
3.4607972222222223 872.3302491694355
3.463663888888889 872.3302491694355
3.4654277777777778 872.3302491694355
3.4657194444444444 872.3302491694355
3.466169444416667 872.3302491694355
3.4664 872.3302491694355
3.4683222221944443 872.3302491694355
3.471052777777778 872.3302491694355
3.4720916666666666 872.3302491694355
3.4730666666666665 872.3302491694355
3.4746694444444444 878.9522019867552
3.4749555555555554 878.9522019867552
3.475825 878.9522019867552
3.475877777777778 878.9522019867552
3.4767111111111113 878.9522019867552
3.4774416666666665 878.9522019867552
3.480577777777778 886.6614026402643
3.4829805555555557 890.6250411861616
3.493752777777778 890.6250411861616
3.4943305555555555 890.6250411861616
3.4953138888611113 890.6250411861616
3.499886111111111 894.8247861842107
3.499988888861111 894.8247861842107
3.500652777777778 894.8247861842107
3.500875 894.8247861842107
3.502686111111111 899.0249096880132
3.502875 899.0249096880132
3.5034722222222223 899.0249096880132
3.5036583333333335 899.0249096880132
3.5047 899.0249096880132
3.505513888888889 899.0249096880132
3.506302777777778 903.2398852459017
3.5075861111111113 907.4448936170214
3.515797222222222 913.4349265905385
3.5170555555555554 913.4349265905385
3.518225 913.4349265905385
3.519780555527778 913.4349265905385
3.5213722222222223 913.4349265905385
3.5238416666666668 913.4349265905385
3.5241583333333333 913.4349265905385
3.5274916666666667 913.4349265905385
3.5286194444444443 913.4349265905385
3.529211111111111 913.4349265905385
3.529663888888889 913.4349265905385
3.5314027777777777 913.4349265905385
3.532233333333333 913.4349265905385
3.5339305555555556 913.4349265905385
3.5367361111111113 916.4885830618895
3.538025 916.4885830618895
3.5397 916.4885830618895
3.54145 916.4885830618895
3.542222222222222 916.4885830618895
3.544966666638889 916.4885830618895
3.545097222222222 916.4885830618895
3.547061111111111 916.4885830618895
3.5478722222222223 916.4885830618895
3.548052777777778 916.4885830618895
3.551788888888889 916.4885830618895
3.553075 916.4885830618895
3.553513888888889 916.4885830618895
3.554666666666667 916.4885830618895
3.555888888888889 916.4885830618895
3.557513888888889 917.899902120718
3.560433333333333 920.6980196399347
3.5644444444444443 924.8708881578949
3.5657027777777777 926.2548434925868
3.5672555555555556 929.0314710743804
3.569155555527778 931.7965339966836
3.5700944444444445 931.7965339966836
3.5726194444444443 935.9275833333336
3.5757166666666667 938.6715719063549
3.5784527777777777 941.3997986577184
3.5818555555555553 945.6241821247896
3.582136111111111 945.6241821247896
3.584252777777778 949.6829152542375
3.5849055555555553 949.6829152542375
3.5865944444444446 951.0316808149408
3.587425 951.0316808149408
3.5877166666666667 951.0316808149408
3.5893972222222224 952.3605272108847
3.590227777777778 952.3605272108847
3.5905416666666667 952.3605272108847
3.5931083333333333 953.6769165247023
3.593436111111111 954.9902559726966
3.594822222222222 957.6149486301374
3.595886111111111 957.6149486301374
3.5962722222222223 957.6149486301374
3.5987 963.0798275862072
3.6015361111111113 967.0029809358756
3.601663888888889 967.0029809358756
3.603375 969.8575478260873
3.604425 971.162491289199
3.6081583333333334 976.35752631579
3.6098833333333333 976.35752631579
3.6124944444444442 977.6349736379618
3.615422222222222 978.9075352112679
3.617088888888889 983.0693982300888
3.617541666666667 983.0693982300888
3.6209277777777777 985.5723445825936
3.6210944444444446 985.5723445825936
3.6217305555555557 985.5723445825936
3.623961111111111 985.5723445825936
3.62445 985.5723445825936
3.624522222222222 985.5723445825936
3.6257333333333333 986.7954982206409
3.628572222222222 991.9670967741938
3.6301027777777777 993.1826750448835
3.6301722222222224 993.1826750448835
3.6314611111111113 995.7632072072075
3.6328472222222223 999.7450181159422
3.6343444444444444 1002.6625272727275
3.637183333333333 1003.873224043716
3.640125 1007.4850732600735
3.641061111111111 1008.6800550458718
3.6412027777777776 1008.6800550458718
3.6429555555555555 1009.8691911764707
3.646625 1012.3418450184503
3.646927777777778 1013.5167467652496
3.6470305555555558 1013.5167467652496
3.648575 1016.2866233766235
3.6497083333333333 1017.4620631970262
3.6513055555555556 1018.6330353817506
3.6522194444444445 1019.798526119403
3.6542666666666666 1023.2947842401503
3.6560944444444443 1026.9508113207548
3.6578 1026.9508113207548
3.658072222222222 1026.9508113207548
3.660572222222222 1028.0952173913045
3.6609611110833336 1028.0952173913045
3.663222222222222 1032.1060646387837
3.663402777777778 1032.1060646387837
3.663822222222222 1032.1060646387837
3.66625 1035.913575525813
3.6666666666666665 1035.913575525813
3.66815 1037.0342720306517
3.6688972222222223 1038.1497696737047
3.669513888888889 1038.1497696737047
3.6751416666666668 1044.3218181818183
3.6762444444444444 1045.4145155038761
3.6766972222222223 1045.4145155038761
3.6811666666666665 1050.3086914062503
3.683488888888889 1052.461411764706
3.685208333333333 1056.506331360947
3.6874777777777776 1060.0408316831683
3.6896027777777776 1062.1666998011929
3.690286111111111 1064.2831936127745
3.6931305555555554 1067.6596593186373
3.6935194444444446 1067.6596593186373
3.6982777777777778 1072.5264646464645
3.7008027777777777 1073.5498582995951
3.7010444444444444 1074.567910750507
3.701486111111111 1076.673130081301
3.7036583333333333 1080.4017586912064
3.703961111111111 1080.4017586912064
3.706427777777778 1085.1811546391755
3.706836111111111 1087.2209730848863
3.709313888888889 1090.2792083333336
3.7096 1090.2792083333336
3.711333333333333 1093.3311740041931
3.7149638888888887 1096.209768421053
3.7152333333333334 1096.209768421053
3.716388888888889 1096.209768421053
3.7177444444166667 1097.991054852321
3.7179805555555556 1097.991054852321
3.7184166666666667 1097.991054852321
3.7206472222222224 1097.991054852321
3.720913888888889 1097.991054852321
3.721547222222222 1099.2457716701906
3.7237916666666666 1101.43343220339
3.7250194444444444 1103.332957446809
3.727905555527778 1105.206901709402
3.7293055555555554 1105.206901709402
3.730638888888889 1106.1205567451823
3.733511111111111 1108.4808817204305
3.7373583333333333 1112.1630519480523
3.739136111111111 1113.9220000000005
3.7401916666666666 1114.8019825708066
3.7404027777777777 1114.8019825708066
3.742027777777778 1115.960786026201
3.7447694444444446 1120.4545934065936
3.74585 1124.435960264901
3.7476333333333334 1126.6239024390247
3.7510805555555558 1131.1212080536916
3.751533333333333 1131.1212080536916
3.7533527777777778 1131.1212080536916
3.754438888888889 1133.499013452915
3.7587166666388887 1137.422522522523
3.759447222222222 1137.422522522523
3.7615694444444445 1143.457522727273
3.762725 1146.7140867579913
3.764475 1147.5068421052636
3.7654805555555555 1148.2966284403674
3.7696805555555555 1150.8664896073903
3.770163888888889 1151.6303935185188
3.771138888888889 1151.6303935185188
3.771913888888889 1151.6303935185188
3.774052777777778 1152.3813921113692
3.7779805555555557 1156.2763551401872
3.7783083333333334 1156.2763551401872
3.781188888888889 1159.9138117647062
3.7831638888888888 1162.4393380614663
3.784002777777778 1162.4393380614663
3.786802777777778 1165.193126491647
3.787636111111111 1165.8716985645935
3.792036111111111 1167.7099519230774
3.7959666666666667 1168.9786231884061
3.7963027777777776 1168.9786231884061
3.798336111111111 1170.8497578692497
3.799802777777778 1172.0516990291264
3.80665 1181.1044059405942
3.8087583333333335 1183.6143034825873
3.8115694444444443 1186.6122000000003
3.8126694444444444 1187.6852261306535
3.8127138888888887 1187.6852261306535
3.818302777777778 1192.5234430379749
3.818522222222222 1192.5234430379749
3.8206166666666665 1195.9856377551023
3.82095 1195.9856377551023
3.8240333333333334 1201.2333333333336
3.824125 1201.2333333333336
3.829675 1207.323515625
3.8320694444444445 1207.7608355091386
3.8341 1211.2249343832023
3.8349333333333333 1211.2249343832023
3.8409472222222223 1218.6891466666666
3.8438777777777777 1221.4498118279569
3.8444555555555557 1223.165741239892
3.8470416666666667 1227.6663215258855
3.84975 1231.5321153846153
3.8516777777777778 1232.193950276243
3.853108333333333 1233.943351800554
3.8544111111111112 1235.444611111111
3.85605 1241.5388515406162
3.8588944444444446 1248.1786685552406
3.8612583333333332 1249.2223295454544
3.864333333333333 1252.4474857142854
3.8651166666666668 1252.7092836676218
3.8668583333333335 1252.9513218390803
3.867886111111111 1255.4167723342937
3.8708027777777776 1259.6907871720116
3.8723555555555556 1264.8569208211143
3.882075 1271.1248048048049
3.885088888888889 1271.1248048048049
3.8868388888888887 1274.3934939759038
3.8875055555555558 1274.3934939759038
3.889486111111111 1274.3934939759038
3.8928 1274.3934939759038
3.8977583333333334 1275.971993957704
3.8985527777777778 1275.954212121212
3.900913888888889 1278.3283486238533
3.9017444444444442 1278.3283486238533
3.9025222222222222 1278.3283486238533
3.912272222222222 1291.6756913183283
3.9211194444444444 1297.6369205298017
3.9220722222222224 1297.6369205298017
3.9242805555555558 1297.6369205298017
3.9248833333333333 1297.6369205298017
3.928158333333333 1297.3632225913625
3.937825 1299.1747781569973
3.942633333333333 1301.7913793103455
3.946261111111111 1309.192926829269
3.949725 1310.7150000000008
3.9525027777777777 1313.210176678446
3.952647222222222 1313.210176678446
3.95335 1312.6244326241147
3.9606416666666666 1314.1644604316557
3.9740166666666665 1323.1543656716424
3.9744888888888887 1323.1543656716424
3.9779722222222222 1331.493015267176
3.9797444444444445 1331.493015267176
3.9808805555555558 1334.6178160919544
3.998727777777778 1333.3711284046697
4.001125 1342.5036758893284
4.005975 1348.8999595141704
4.006625 1351.1421138211385
4.013466666666667 1354.0386938775514
4.015691666666667 1354.0386938775514
4.034102777777778 1368.1356277056277
5.997055555555556 678.4797142857142
5.998269444444444 678.4797142857142
6.001166666666666 683.2690721649485
6.003936111083333 683.3160925449872
6.00675 688.5666071428573
6.008669444444444 692.5842676767677
6.011530555527778 695.9688190954773
6.0123194444444445 695.9688190954773
6.0151972222222225 697.4670249999998
6.0171777777777775 697.2814179104477
6.018036111111111 701.8693069306929
6.020858333333333 702.1692098765432
6.022780555527778 703.7187931034482
6.023575 704.2942751842751
6.025680555555556 707.329095354523
6.026480555555556 707.329095354523
6.028419444444444 707.329095354523
6.031397222222222 711.1966180048659
6.034202777777778 714.6274154589368
6.034780555555556 717.7126024096381
6.037036111111111 720.8532613908868
6.037233333333333 720.8532613908868
6.0376055555555554 720.7445215311001
6.0395972222222225 721.9788305489257
6.040113888888889 721.9788305489257
6.040413888888889 721.9788305489257
6.042475 721.9788305489257
6.042755555527778 722.9384761904759
6.045372222222222 729.1317772511844
6.045552777777778 731.8489361702123
6.0488 734.5118632075466
6.051622222222222 735.4785176470584
6.0526 737.6871830985912
6.053672222222223 740.7847072599528
6.054525 740.7847072599528
6.056591666666667 740.7847072599528
6.05735 740.7847072599528
6.058291666666666 740.7847072599528
6.059344444444444 740.7847072599528
6.060194444444445 740.7847072599528
6.060741666638889 740.7847072599528
6.0635972222222225 749.0419767441856
6.0657805555555555 754.9347806004615
6.0669055555555556 759.0020412844033
6.066944444444444 759.0020412844033
6.0685 759.0020412844033
6.069475 761.4443835616435
6.069708333333334 761.4443835616435
6.0713888888888885 761.9895671981774
6.0724833333333335 763.7934693877548
6.075147222222222 764.0638461538458
6.075322222222222 764.0638461538458
6.07805 763.2650225225223
6.079430555555556 765.6484044943817
6.080808333333334 765.6484044943817
6.082719444444445 765.9834304932732
6.085036111111111 766.0135346756149
6.086172222222222 766.4383296213806
6.087897222222222 770.3287610619467
6.08895 770.3287610619467
6.091519444444445 772.2433995584987
6.0918222222222225 772.0625550660791
6.0940666666666665 772.0625550660791
6.094330555555556 772.0625550660791
6.094677777777778 772.0625550660791
6.096419444444445 772.0625550660791
6.097016666638889 772.0625550660791
6.0974916666666665 772.0625550660791
6.099255555555556 775.2477142857141
6.099436111111111 775.2477142857141
6.099922222222222 775.880635964912
6.100275 778.2829321663016
6.103144444444444 778.2829321663016
6.105080555555555 778.2829321663016
6.105252777777777 778.2829321663016
6.1059 781.496659388646
6.106327777777778 781.496659388646
6.107858333333334 781.1602396514158
6.108155555555555 781.7943913043475
6.108633333333334 781.7943913043475
6.110691666666667 784.046160520607
6.110949999972222 784.046160520607
6.111561111111111 785.8333693304533
6.114366666666666 785.8333693304533
6.114802777777777 785.8333693304533
6.1165 785.8333693304533
6.117241666666667 783.3512473118276
6.1176916666666665 785.6902575107293
6.119330555555556 786.5807692307689
6.120105555555556 787.1397654584218
6.1205583333055555 787.1397654584218
6.121591666666666 787.1397654584218
6.12437777775 786.2714893617017
6.125680555555555 786.2714893617017
6.127611111111111 789.6062076271181
6.12855 790.2155813953484
6.12895 791.460021097046
6.130475 791.460021097046
6.133333333333334 794.7403578947365
6.138647222222223 800.1068343815509
6.138891666638889 800.1068343815509
6.139166666666667 800.1068343815509
6.139366666666667 800.1068343815509
6.139927777777777 800.1068343815509
6.142016666638889 800.1068343815509
6.142769444444444 803.4192887029285
6.145075 805.0510647181624
6.145608333333334 806.2877291666663
6.146866666666667 809.5937214137209
6.1469861111111115 809.5937214137209
6.148447222222222 808.3948755186717
6.149847222222222 807.7115942028981
6.151244444444444 811.3504742268036
6.152461111111111 811.3504742268036
6.152566666666667 810.9334979423863
6.155236111111111 814.2525872689934
6.155486111111111 813.9746926229504
6.156844444444444 813.9746926229504
6.157988888861111 815.4795296523514
6.1596305555277775 813.9865987780037
6.1638 821.005535353535
6.165188888888889 820.0557459677415
6.1663805555555555 820.0557459677415
6.1680222222222225 819.3320440881758
6.169180555555555 819.3320440881758
6.169519444444444 819.2715399999996
6.172041666666667 819.9513173652691
6.172311111111111 819.9513173652691
6.173080555555556 820.1545418326689
6.173397222222222 820.1545418326689
6.1741777777777775 823.4865009940354
6.174863888861111 823.4865009940354
6.175091666666667 823.100436507936
6.176966666666667 823.100436507936
6.177686111083333 822.9740198019797
6.177894444416666 822.9740198019797
6.1806972221944445 827.433326771653
6.1817166666666665 827.6784872298618
6.183552777777778 827.6784872298618
6.184222222222222 831.0214313725485
6.184466666666666 831.0214313725485
6.1845888888888885 831.0214313725485
6.186091666666667 831.7571624266138
6.188888888888889 833.1056335282645
6.189813888888889 833.1056335282645
6.192233333333333 835.3000778210111
6.192494444444445 835.3000778210111
6.192775 835.3000778210111
6.195375 834.4299418604646
6.195413888888889 834.4299418604646
6.196780555555556 835.5850870406185
6.198191666666666 836.7456563706559
6.1996305555277775 836.7456563706559
6.202480555555556 836.7456563706559
6.203713888888889 836.7456563706559
6.205280555527778 837.7408863198455
6.206658333333333 837.7408863198455
6.208941666666667 838.5815738963527
6.210491666666667 838.5815738963527
6.212052777777778 838.5815738963527
6.212341666666667 838.5815738963527
6.212366666666667 838.5815738963527
6.21475 837.5172988505743
6.217422222222222 837.5172988505743
6.218030555555556 840.2064627151047
6.218941666666667 840.2064627151047
6.221577777777778 839.586178707224
6.221736111111111 839.586178707224
6.223161111111111 839.1653130929787
6.224375 839.4796408317577
6.224605555555556 839.4796408317577
6.227241666666667 839.4222641509431
6.2273805555555555 839.4222641509431
6.227394444444444 839.4222641509431
6.230044444444444 841.3706003752342
6.2302 841.3706003752342
6.232958333333333 840.3469475655427
6.2330805555555555 840.3469475655427
6.234225 842.426138059701
6.235680555555556 841.9917843866166
6.239841666666667 842.1726666666663
6.241275 842.1726666666663
6.241811111111111 844.0745119705335
6.243686111111111 844.0745119705335
6.2442166666666665 844.0745119705335
6.244705555555556 844.094935779816
6.245177777777778 844.094935779816
6.246972222222222 845.3078937728932
6.247530555555556 844.509762340036
6.247988888861111 844.509762340036
6.2493694444444445 844.509762340036
6.249822222222222 844.509762340036
6.250363888888889 845.5844626593802
6.250794444444445 845.5844626593802
6.252147222222222 845.5844626593802
6.252658333333334 847.5826181818177
6.254930555555555 847.5826181818177
6.2555555555555555 847.5826181818177
6.256858333333334 847.5826181818177
6.257777777777778 847.5826181818177
6.258386111111111 846.4586594202893
6.259719444444444 845.633996383363
6.261238888888889 844.2791155234652
6.262025 844.2791155234652
6.2626166666388885 844.2791155234652
6.264052777777778 844.2791155234652
6.264836111111111 843.497549549549
6.2654555555555556 843.497549549549
6.2654555555555556 843.497549549549
6.267691666666667 840.3481541218633
6.268266666638889 840.3481541218633
6.268566666666667 840.3481541218633
6.26875277775 840.3481541218633
6.269438888888889 839.0698568872983
6.271530555527778 838.814501779359
6.277138888888889 840.3291519434625
6.279905555555556 839.5531216931214
6.280672222194444 838.5810211267603
6.281316666666667 837.7229701230225
6.284163888888889 836.6731929824558
6.2843583333333335 836.6731929824558
6.286180555555555 835.7465499124339
6.286952777777778 835.7465499124339
6.289927777777778 838.7324738675954
6.290166666666667 838.7324738675954
6.2917805555555555 838.7324738675954
6.292836111111111 838.7324738675954
6.2929305555555555 838.7324738675954
6.292955555555555 838.7324738675954
6.294883333333333 838.7324738675954
6.295730555555555 838.7324738675954
6.295877777777778 838.7324738675954
6.298536111111111 838.50572173913
6.2986361111111115 838.50572173913
6.298666666666667 838.50572173913
6.301269444444444 841.7163888888884
6.301447222222222 841.7163888888884
6.301533333333333 841.7163888888884
6.304225 841.6238408304494
6.304375 841.6238408304494
6.306036111111111 841.6238408304494
6.306855555555556 841.6238408304494
6.307025 841.6238408304494
6.307191666666666 841.6238408304494
6.309733333333333 843.9792400690842
6.309908333305556 843.9792400690842
6.309997222222222 843.9792400690842
6.311686111111111 843.8255517241375
6.312452777777778 843.8255517241375
6.312544444444445 843.8255517241375
6.312625 843.8255517241375
6.3144833333333334 842.5209793814429
6.315305555555556 842.5209793814429
6.315347222222222 842.5209793814429
6.318136111111111 842.5209793814429
6.320116666638889 842.5209793814429
6.320802777777778 842.5209793814429
6.320938888888889 842.5209793814429
6.321055555555556 842.5209793814429
6.322977777777778 842.0357289879928
6.323619444444445 842.0357289879928
6.323861111111111 842.0357289879928
6.330241666666667 849.6544122657577
6.3321 849.6544122657577
6.332111111111111 849.6544122657577
6.333058333305556 849.6544122657577
6.333069444444445 853.429302721088
6.334030555527778 853.429302721088
6.334952777777778 853.429302721088
6.335927777777778 853.429302721088
6.335949999972223 853.429302721088
6.340552777777778 853.5399490662135
6.341547222222222 853.5399490662135
6.342808333333333 853.5399490662135
6.343413888888889 853.5399490662135
6.344291666666667 853.5399490662135
6.347044444444444 856.545236486486
6.348458333333333 856.545236486486
6.349080555555555 856.545236486486
6.350519444444444 855.7037942664414
6.35125 855.7037942664414
6.351397222222222 855.7037942664414
6.351952777777778 855.7037942664414
6.352713888888889 855.7037942664414
6.353294444444445 855.7037942664414
6.35615 855.7037942664414
6.360369444444444 859.4747394957978
6.361730555555556 859.4747394957978
6.3623111111111115 859.4747394957978
6.36455 859.4747394957978
6.3647833333333335 859.4747394957978
6.365869444444445 862.5263422818787
6.367686111083334 868.5142140468223
6.368261111111111 868.5142140468223
6.368680555555556 868.5142140468223
6.370630555555556 868.5142140468223
6.371019444416667 868.5142140468223
6.371636111111111 867.788480801335
6.376686111111111 867.788480801335
6.379533333333334 870.6111333333329
6.380538888888889 870.6111333333329
6.381266666666667 870.6111333333329
6.381708333333333 870.6111333333329
6.382397222222222 870.6111333333329
6.384530555555555 870.6111333333329
6.386516666666667 874.0601830282857
6.386819444444445 874.0601830282857
6.388897222222222 874.0601830282857
6.3897361111111115 874.0601830282857
6.392463888888889 878.2744444444438
6.393425 878.2744444444438
6.393455555555556 878.2744444444438
6.397313888888889 884.6373884297515
6.399111111111111 884.6373884297515
6.400863888888889 884.6373884297515
6.401258333333334 884.6373884297515
6.402013888888889 884.6373884297515
6.404886111111111 887.2812376237619
6.405680555555556 889.8754530477754
6.407744444444444 889.8754530477754
6.40875 889.8754530477754
6.410511111111111 889.8754530477754
6.4105944444444445 889.8754530477754
6.411544444444444 891.8622368421047
6.413488888888889 891.8622368421047
6.413983333333333 891.8622368421047
6.414330555555556 891.8622368421047
6.416861111111111 895.9197865353033
6.417036111111111 895.9197865353033
6.419763888888889 895.9197865353033
6.419938888888889 895.9197865353033
6.422647222222222 900.4842062193122
6.423552777777778 900.4842062193122
6.423736111111111 900.4842062193122
6.425461111111111 900.4842062193122
6.425536111111111 900.4842062193122
6.426316666666667 900.4842062193122
6.427224999972222 904.5776307189539
6.429113888888889 904.5776307189539
6.429305555555556 904.5776307189539
6.431930555555556 904.5776307189539
6.432158333333334 904.5776307189539
6.433569444444444 904.5776307189539
6.433944444444444 904.5776307189539
6.434741666666667 908.7014192495917
6.440363888888889 908.7014192495917
6.444577777777778 916.9873983739834
6.445919444444445 916.9873983739834
6.446305555555556 916.9873983739834
6.448677777777778 916.9873983739834
6.449661111111111 916.9873983739834
6.450527777777777 916.9873983739834
6.450922222222222 916.9873983739834
6.451505555527778 916.9873983739834
6.453772222222222 921.1785389610385
6.453808333333333 921.1785389610385
6.4544 921.1785389610385
6.457224999972222 924.4975850891407
6.457655555555555 924.4975850891407
6.458197222194444 924.4975850891407
6.460036111111111 924.4975850891407
6.460505555555556 924.4975850891407
6.461788888888889 924.4975850891407
6.462297222222222 924.4975850891407
6.463313888888889 924.4975850891407
6.465677777777778 927.9505663430416
6.466111111111111 927.9505663430416
6.4684333333333335 932.0888045234244
6.474741666666667 936.3244516129027
6.476444444444445 936.3244516129027
6.4780583333055555 936.3244516129027
6.479791666666666 936.3244516129027
6.481808333305556 936.3244516129027
6.481927777777778 936.3244516129027
6.4821277777777775 936.3244516129027
6.483636111111111 936.3244516129027
6.487455555555556 936.3244516129027
6.4882583333333335 936.3244516129027
6.490261111111111 938.9993397745567
6.490983333333333 938.9993397745567
6.493016666666667 938.9993397745567
6.493894444444445 938.9993397745567
6.495752777777778 938.9993397745567
6.495783333333334 938.9993397745567
6.496263888888889 938.9993397745567
6.498630555555556 941.8335056542807
6.498991666666667 941.8335056542807
6.499463888888889 941.8335056542807
6.501919444444445 943.2370550161809
6.504269444444445 944.6289789303075
6.504294444444445 944.6289789303075
6.504663888888889 944.6289789303075
6.507005555555556 946.0089935064932
6.507005555555556 946.0089935064932
6.507072222222222 946.0089935064932
6.507586111111111 946.0089935064932
6.509916666666666 947.3822601626011
6.510433333333333 947.3822601626011
6.512636111111111 950.1039967373569
6.513280555555555 950.1039967373569
6.515488888861111 951.452287581699
6.516097222222222 951.452287581699
6.517555555555556 952.7933224222581
6.517716666666667 952.7933224222581
6.520563888888889 954.1336885245896
6.521061111111111 955.4623645320193
6.523166666666667 956.7834210526311
6.523991666666666 958.1041350906091
6.525216666666667 958.1041350906091
6.5294027777777774 962.0337582781453
6.529430555555556 962.0337582781453
6.531752777777778 963.4654228855718
6.533430555555555 963.4654228855718
6.533627777777777 963.4654228855718
6.5346472222222225 964.7446511627902
6.534975 966.0252579034936
6.536405555555556 966.0252579034936
6.537388888888889 968.5698330550914
6.5388916666388885 969.8456688963208
6.542655555555555 974.9181481481478
6.543763888888889 976.1841821247888
6.5448361111111115 976.1841821247888
6.545472222222222 977.4385810810807
6.548333333333333 978.6961252115055
6.551122222222222 979.9381186440673
6.551858333333334 981.1670628183358
6.552802777777778 982.3942176870745
6.560927777777778 992.8581206896547
6.561122222222222 992.8581206896547
6.562363888861111 992.8581206896547
6.563716666666667 994.2021416234884
6.564955555555556 994.2021416234884
6.565194444444445 994.2021416234884
6.5660638888888885 995.3909861591692
6.566655555555555 995.3909861591692
6.566761111111111 995.3909861591692
6.568933333333334 998.9509565217386
6.569469444444445 998.9509565217386
6.570936111111111 1001.3180802792315
6.572333333333333 1002.4965384615379
6.572358333333334 1002.4965384615379
6.573730555555556 1003.6722066549908
6.576525 1006.0017926186288
6.577838888888889 1006.0017926186288
6.579177777777778 1007.1545774647884
6.5825555555555555 1009.9414840989396
6.583055555555555 1011.0776106194686
6.5853777777777776 1012.2029787234038
6.585952777777778 1012.2029787234038
6.586255555555556 1013.325719360568
6.5869277777777775 1013.325719360568
6.587386111111111 1013.325719360568
6.589966666666666 1016.1791622103383
6.591622222222222 1017.2799999999996
6.597619444444445 1025.9120976491859
6.599772222222223 1028.5854990925586
6.599925 1029.6739090909086
6.605536111111111 1034.0755311355306
6.607522222222222 1036.215238970588
6.608116666666667 1037.279116022099
6.608705555555556 1039.4121811460254
6.610997222222222 1041.5293506493501
6.611494444444444 1041.5293506493501
6.616527777777778 1047.056579439252
6.616713888861111 1047.056579439252
6.617397222222222 1048.9006928838946
6.61905 1049.9419136960596
6.619288888888889 1049.9419136960596
6.619686111111111 1050.975958646616
6.622175 1055.210264650283
6.6269472221944445 1057.2407969639462
6.627494444444444 1057.2407969639462
6.627769444444445 1058.2445247148282
6.628552777777778 1059.2449523809519
6.633161111111111 1061.9652772466534
6.634222222222222 1062.945574712643
6.637791666666667 1062.945574712643
6.642561111111111 1069.9290891472865
6.6427861111111115 1070.8729126213589
6.645386111111111 1071.8042801556417
6.646275 1072.7348343079918
6.648122222222222 1075.0902348336592
6.649763888888889 1076.8558039215684
6.650658333333333 1077.7736149312375
6.650947222222222 1077.7736149312375
6.652544444444445 1079.5923274161732
6.654847222222222 1080.7889525691696
6.655291666666667 1081.6834059405937
6.657919444416667 1084.801669980119
6.658105555555555 1085.6897211155376
6.658544444416667 1085.6897211155376
6.660855555555556 1086.5702395209578
6.660869444444445 1086.5702395209578
6.661666666666667 1086.5702395209578
6.6637 1086.5702395209578
6.664227777777778 1087.4235399999995
6.666438888888889 1089.1117269076303
6.666488888888889 1089.1117269076303
6.667086111083333 1089.1117269076303
6.669188888888889 1091.3895967741933
6.671955555555556 1092.2196565656564
6.672766666666667 1093.851054766734
6.6738583333333334 1096.1344195519346
6.6748916666666664 1098.2191615541922
6.677683333333333 1100.0740657084189
6.678313888888889 1102.7503505154637
6.678325 1102.7503505154637
6.679458333333334 1102.7503505154637
6.6811694444444445 1104.3388016528925
6.683983333333333 1106.6515352697095
6.685047222194444 1111.0502296450939
6.687961111111111 1111.8261297071128
6.688108333333333 1111.8261297071128
6.689822222222222 1113.3399159663863
6.694533333333333 1116.8403805496825
6.695197222222222 1116.8403805496825
6.696002777777778 1118.2976220806793
6.697736111111111 1119.0202765957445
6.704277777777778 1122.7293776824033
6.706994444444445 1126.0228663793102
6.708644444444444 1126.0228663793102
6.712416666666667 1134.9240958605662
6.717661111111111 1136.7173304157545
6.719333333333333 1140.2795164835163
6.719711111111111 1140.2795164835163
6.72115 1140.2795164835163
6.721880555555556 1142.9204635761587
6.7240472222222225 1143.7931194690264
6.724147222222222 1143.7931194690264
6.724936111111111 1144.973422222222
6.727522222222222 1148.315861297539
6.728930555555555 1148.315861297539
6.729616666666667 1148.315861297539
6.732413888888889 1151.123842696629
6.733236111111111 1154.2383747178328
6.733422222222222 1154.2383747178328
6.734936111111111 1154.7831447963797
6.735311111111111 1154.7831447963797
6.736030555555556 1155.319319727891
6.737783333333334 1155.319319727891
6.741447222222222 1157.334487471526
6.741569444444444 1157.334487471526
6.741611111111111 1157.334487471526
6.7444444444444445 1159.099449541284
6.744522222222222 1159.099449541284
6.746802777777778 1162.733709677419
6.747330555555555 1163.2034411085447
6.750175 1167.876573426573
6.750291666666667 1167.876573426573
6.752569444444444 1171.743403755868
6.7579722222222225 1180.3323752969118
6.758088888888889 1180.3323752969118
6.758991666666667 1180.7615476190472
6.760375 1181.1813126491643
6.764575 1185.056506024096
6.765994444444445 1191.5525242718443
6.7664888888888886 1191.5525242718443
6.7673805555555555 1191.5525242718443
6.768913888888889 1193.0774509803919
6.769886111111111 1194.8050859950856
6.77005 1194.8050859950856
6.770169444444444 1194.8050859950856
6.772105555555555 1196.3044581280785
6.774863888861111 1196.3044581280785
6.7756388888888885 1196.3044581280785
6.775738888888889 1196.3044581280785
6.778427777777778 1197.048222222222
6.780483333333334 1198.9151485148511
6.781305555555556 1199.20858560794
6.783816666666667 1201.893333333333
6.7860861111111115 1205.8483499999995
6.787552777777778 1209.8898492462306
6.788241666638889 1209.8898492462306
6.788913888888889 1209.8898492462306
6.797158333333333 1221.6553470437016
6.800386111111111 1222.2501295336783
6.801586111111111 1226.5520887728455
6.801911111111111 1226.5520887728455
6.808011111111111 1230.3616445623338
6.810072222194444 1233.363021390374
6.81265 1235.107513513513
6.812938888888889 1235.107513513513
6.822675 1240.433066298342
6.825211111083333 1244.0065459610023
6.8269 1244.0065459610023
6.827522222222222 1244.0065459610023
6.829744444444445 1244.0065459610023
6.833069444444445 1247.9390422535205
6.8389138888888885 1257.7075142857138
6.844625 1260.9845797101443
6.846063888888889 1260.9845797101443
6.846355555555555 1260.9845797101443
6.85 1264.7471052631572
6.856836111111111 1272.995910447761
6.858669444444445 1272.995910447761
6.865555555555556 1277.982696969697
6.866958333333334 1277.6502127659573
6.867411111111111 1277.6502127659573
6.8711722222222225 1281.9244444444441
6.877886111111111 1287.2041925465835
6.886241666666667 1288.1810126582272
6.891013888888889 1289.9174679487173
6.891541666666667 1289.9174679487173
6.8946861111111115 1291.366472491909
6.895241666666666 1291.366472491909
6.903133333333333 1297.6996052631578
6.905336111111111 1301.0733333333333
6.9111 1307.2329530201341
6.914630555527777 1312.437244897959
6.920388888888889 1326.180724137931
6.921438888888889 1326.180724137931
6.926602777777778 1339.4503521126762
6.933947222222222 1342.2117689530687
6.9406638888888885 1342.628909090909
6.9406638888888885 1342.628909090909
6.952458333333333 1342.582808988764
6.955216666666667 1343.4874999999997
6.964380555555556 1348.5265625
6.967594444444445 1345.3853543307087
6.968875 1343.7600000000002
6.989044444444445 1359.7236625514408
