# OrderThroughputTimeAvg ItemThroughputRate ItemThroughputRateScore OrderTurnoverTimeAvg OrdersHandled TripDistance LateOrdersFractional OrderLatenessAvg ISIdleTimeAvg TimingDecisionsOverall InvCombinedAvgRank TimeMoving TimeQueueing DistanceTraveledPerBot ItemPileOneAvg OrderThroughputRate BundlesHandled OrderOffsetAvg OSIdleTimeAvg TripTime TripTimeWithoutQueueing 
89.47420242952674 1494 0.5882273719336331 454.6697147668363 486 17.140468808364993 0 0 1 0.930067800000001 0 785.5531132406389 173.1558165026099 828.455992404308 8.084223574487266 972 0 -10194.486872001093 0.47084539178770096 21.660970949805595 18.078436815268837 
83.31534817713585 1536 0.604724138736083 452.8749225582629 505 16.594592470388243 0 0 1 0.8758549000000014 0 776.9251683497914 171.64001203544137 818.6665618724866 8.093189964157707 1010 0 -10227.380289934945 0.45384884151484667 20.94788222485672 17.468692791705884 
88.35814977341624 1620 0.6357202888795392 470.508838941978 510 16.89127390595192 0 0 1 0.7977259000000009 0 778.3438311565569 152.66735931288068 824.8572090739854 8.563257575757577 1020 0 -10225.073651720984 0.42492871169583935 20.59830989089194 17.472015843529196 
88.19537426892555 1548 0.6092275849990317 459.707257401732 491 16.853626015023817 0 0 1 0.8614283999999987 0 790.7798748975337 166.00164743830103 834.254487743679 8.143010752688172 982 0 -10209.96267193228 0.4504981682334585 20.757898489278354 17.404329854161162 
88.4612065448994 1610 0.6308653243267586 476.4505595594279 515 16.6603352957745 0 0 1 0.6968197000000034 0 760.0955735378576 176.071853050672 802.4728167464718 8.79382183908046 1030 0 -10209.34519750925 0.42885003068900307 20.903656236265796 17.24818523867399 
86.31296243118382 1600 0.6290039275338504 460.6585616826115 501 16.660763023351556 0 0 1 0.8583394999999999 0 777.8135124771758 156.19579487660863 821.9309758186768 8.29702380952381 1002 0 -10221.409400238861 0.4321460050231116 20.413910387921728 17.247779410693177 
88.17698067430368 1606 0.6310675003681143 467.5375476554435 512 17.056135844748837 0 0 1 0.7080082000000001 0 777.5913744085648 160.50273447853314 830.0652777777768 8.364583333333334 1024 0 -10250.907584075352 0.43096292955742643 20.719108872734203 17.421107479339685 
84.19124523594066 1656 0.6480754903219119 455.04813148085873 534 16.909592103112686 0 0 1 0.9029714999999948 0 766.0854424885371 150.6174194428479 808.8421555988901 9 1068 0 -10229.46053988389 0.4117567513898257 20.923458502421433 17.774662277135413 
92.26657983409642 1646 0.6442613062533015 466.0600048827239 518 16.609992895728972 0 0 1 0.6091678000000038 0 751.3094624739811 175.93706710202073 788.9746625471262 8.974190177638453 1036 0 -10236.21477345215 0.41575673002497454 21.10953555661717 17.405597301837787 
