# OrderThroughputTimeAvg ItemThroughputRate ItemThroughputRateScore OrderTurnoverTimeAvg OrdersHandled TripDistance LateOrdersFractional OrderLatenessAvg ISIdleTimeAvg TimingDecisionsOverall InvCombinedAvgRank TimeMoving TimeQueueing DistanceTraveledPerBot ItemPileOneAvg OrderThroughputRate BundlesHandled OrderOffsetAvg OSIdleTimeAvg TripTime TripTimeWithoutQueueing 
90.1812644686998 1538 0.6042424864630418 438.1661147366954 497 16.640872060458513 0 0 1 0.7364959000000035 0 771.2040752728859 180.5227597482345 807.0822949322379 8.38992048432276 994 0 -10261.854589463763 0.45407485977021117 21.437527237398392 17.715408479702834 
91.21269202507192 1624 0.6371676314255039 438.9303735641151 523 16.215746680784374 0 0 1 0.7521870999999968 0 757.6575408543619 173.561588507157 797.2742118052316 8.592613636363637 1046 0 -10220.109506972805 0.4242756506894918 20.256477022235988 16.726410815310757 
91.98657151315074 1598 0.6265818879688666 463.87124918035755 505 16.781386235998777 0 0 1 0.8264860999999996 0 761.5035774024301 185.7012830620365 797.115846209942 8.687813620071685 1010 0 -10208.332913164892 0.4324857463667269 21.329162755411947 17.419662059369074 
89.08418632045422 1508 0.5962544339275379 427.7837219142 491 16.66565669894744 0 0 1 0.7647075000000028 0 806.4927116064673 150.41406083981244 849.9484916463194 7.545454545454546 982 0 -10225.327590506864 0.4675714526153163 20.14667579138451 17.197380480799954 
83.88433994225629 1642 0.6433752060290668 475.19103573988724 529 16.588929161168696 0 0 1 0.7401999999999993 0 756.5845393874323 169.63951660985342 796.2685997360974 8.801075268817204 1058 0 -10208.973296803688 0.4175889811133622 20.919443768139786 17.385287172101172 
96.76732651067411 1654 0.6476527645919111 480.30082520912595 521 16.749223919619894 0 0 1 0.7532648000000005 0 757.0569420467963 165.03402238308738 801.1712108218181 8.907594086021506 1042 0 -10204.229073313556 0.41268208667226247 20.89416419110289 17.44397556985368 
96.6829294987564 1516 0.5986979122621612 453.10948178187385 489 16.17392067261 0 0 1 0.6813820000000027 0 780.3412541486267 181.29268278754446 824.8699543031099 7.691365265558814 978 0 -10226.753409563637 0.46172175316018 20.226405700736258 16.671647214705974 
98.44682172553964 1590 0.6246097442119919 463.26748179098763 517 16.29349135185226 0 0 1 0.7325928000000015 0 763.8686699950167 177.57365441035736 801.0966581327361 8.404545454545454 1034 0 -10195.191657383306 0.43473581051375937 20.645909262200064 17.03424171487076 
91.97952455817519 1514 0.5983762376159193 422.46260141502637 490 16.02588996763752 0 0 1 0.7398520000000012 0 784.8688318513963 160.94123137104552 825.3333333333322 7.595689033189033 980 0 -10239.634736987035 0.462755774637102 20.066638428397187 16.941565974590475 
