# OrderThroughputTimeAvg ItemThroughputRate ItemThroughputRateScore OrderTurnoverTimeAvg OrdersHandled TripDistance LateOrdersFractional OrderLatenessAvg ISIdleTimeAvg TimingDecisionsOverall InvCombinedAvgRank TimeMoving TimeQueueing DistanceTraveledPerBot ItemPileOneAvg OrderThroughputRate BundlesHandled OrderOffsetAvg OSIdleTimeAvg TripTime TripTimeWithoutQueueing 
98.43013614168471 1480 0.5849974257547649 470.78838031857924 482 16.5606229692993 0 0 1 1.5277280999999991 0 782.0776045807914 173.31436508611378 833.551356121398 7.583534946236559 964 0 -10217.074760037667 0.4749106127445772 20.8454374399074 17.40210568322964 
100.87402083271013 1470 0.5820607415379331 445.9704160611603 490 16.286969666848783 0 0 1 1.1106048999999976 0 797.4797174269333 162.2524242381301 844.2079277316619 7.37870670995671 980 0 -10186.41994634056 0.4782693683616918 20.10784162298074 16.977569772727428 
96.07630597536459 1476 0.5847922111886285 452.6033727726523 482 16.737922947301705 0 0 1 1.2845227000000015 0 824.4048821376911 121.14878910336972 870.3719932596887 7.309863339275104 964 0 -10193.107997265428 0.47646362436110773 20.054018065928624 17.724233660094594 
90.6483927745619 1468 0.5798847414151578 467.52912580987885 482 16.70769287016318 0 0 1 1.1304199999999984 0 785.9744248694902 169.59892619403044 829.8154125514379 7.6609740670461735 964 0 -10201.201042745013 0.4789078710363775 21.221158880516647 17.806415400099926 
95.69099575793251 1466 0.5790544181970241 454.07488582540867 488 16.641692280527113 0 0 1 1.1572441000000044 0 794.5514814342368 168.20671356237406 834.8582294064436 7.66952614379085 976 0 -10213.68614099208 0.47812458448129097 21.03595317236999 17.682995426940607 
97.58964280924089 1442 0.5725857542961278 444.27609278563364 464 16.57200030291923 0 0 1 1.5333482999999977 0 821.5279797464476 148.14929172188508 867.2680158527729 7.0698752228164 928 0 -10189.462176172397 0.4899037090317942 20.12546079571356 17.294582609945056 
95.75127900732214 1428 0.5680275399641794 482.5612287016034 462 15.90650543015895 0 0 1 1.2165057000000008 0 801.9030182504024 174.4204352956223 845.6958720367842 6.88908128908129 924 0 -10159.52715762052 0.4928986291459075 19.872332280092646 16.59169713346652 
92.30156565598013 1486 0.5864189017308122 482.8137551692072 484 16.861668206778937 0 0 1 1.1699280000000003 0 794.3233429238903 168.32873137104704 837.4628542700206 7.783415032679739 968 0 -10165.422314215895 0.47403510366937623 21.13046972624576 17.741300638238098 
86.2319711857281 1432 0.5685143187209233 444.14595895376664 465 15.982119622265072 0 0 1 1.3180405000000033 0 801.4243590919979 138.53507456304996 836.3975935652055 7.08853238265003 930 0 -10197.677060137114 0.4925777386360533 20.132075929295926 17.484908899428728 
