# OrderThroughputTimeAvg ItemThroughputRate ItemThroughputRateScore OrderTurnoverTimeAvg OrdersHandled TripDistance LateOrdersFractional OrderLatenessAvg ISIdleTimeAvg TimingDecisionsOverall InvCombinedAvgRank TimeMoving TimeQueueing DistanceTraveledPerBot ItemPileOneAvg OrderThroughputRate BundlesHandled OrderOffsetAvg OSIdleTimeAvg TripTime TripTimeWithoutQueueing 
98.4059629234924 1470 0.5808240906264946 462.72597030915256 479 16.63051357748315 0 0 1 0.6344670000000016 0 789.4779263069544 152.23787311139714 825.9821743483299 7.629530600118836 958 0 -10211.429666517763 0.478832747184597 21.111646892197165 18.046454816128765 
90.48507885016109 1598 0.6268010504004597 450.0891340688311 520 17.05828764525566 0 0 1 0.6168570000000035 0 764.4447630765843 191.21164743830286 818.7978069722717 8.633333333333333 1040 0 -10227.76841818795 0.4328341163129499 21.08820654497063 17.104630556672657 
92.36933537823607 1558 0.6120939165440179 449.4786134787268 498 16.64946859977842 0 0 1 0.647962400000003 0 759.6354581204382 203.12470419267834 799.1744927893642 8.391375448028674 996 0 -10222.33593535759 0.44744068597035724 21.35422624127058 17.122461570589778 
94.05480709784143 1626 0.6364118607756751 453.28591011395855 519 17.060942516030906 0 0 1 0.6350669000000041 0 755.3985906366837 192.03228115336978 801.8642982534526 8.979765325670497 1038 0 -10219.571359838526 0.42278856021408534 21.417397864218472 17.33160464818933 
88.21476755786018 1468 0.5816160250452315 437.44861070840454 490 16.411057489308103 0 0 1 0.6362383000000034 0 797.6951875828178 159.45106661304672 845.1694606993673 7.311132154882155 980 0 -10209.096524876684 0.4806510996137309 20.31982361816232 17.223686402375005 
93.22229339215305 1530 0.603801015104725 464.0326928123429 486 16.51502441460992 0 0 1 0.6617827000000026 0 795.3189285444279 153.78950457441184 836.7612370069024 7.779551820728291 972 0 -10195.435508481594 0.4567568048281929 20.357662979316476 17.322343810084664 
97.13535032825905 1452 0.5742588698680814 466.5587468643472 468 16.91592690654234 0 0 1 0.6837615000000015 0 800.0013130797747 165.04081410496903 840.157703024936 7.515151515151516 936 0 -10213.823806606324 0.48495163404984787 21.37480575182877 18.051836340319326 
95.3879630501057 1468 0.5809028657733214 438.0539020350744 492 16.461127722693824 0 0 1 0.8166874999999997 0 804.8157719573031 153.33433382230905 850.4915990058475 7.451296647691334 984 0 -10198.577146932153 0.4789152637390535 20.22651850314014 17.258757203353515 
98.06591955367792 1504 0.5958715353253957 475.18096835049573 482 16.071980137705637 0 0 1 0.6889858000000012 0 804.2683465203521 150.85432058804773 851.8149472983987 7.312554112554113 964 0 -10179.446663680475 0.4686960090191666 19.37083176814854 16.524523832525 
