# SectorTime OrdersHandled
0.010575 930.8167676814802
0.010597222222222221 930.8167676814802
0.012055555555555555 930.4230248787075
0.01275277775 930.2264957916808
0.015644444444444443 929.841479258749
0.018416666666666668 929.455413192967
0.018711111111111112 929.455413192967
0.021241666666666666 928.6722997791867
0.021697222222222222 928.6722997791867
0.024022222222222223 928.2846245015672
0.024080555555555556 928.2846245015672
0.024091666666666667 928.2846245015672
0.024247222222222222 928.2846245015672
0.026883333333333332 927.8914375656354
0.02713888888888889 927.8914375656354
0.027325 927.8914375656354
0.029627777777777777 927.4984640194401
0.029725 927.3013203752172
0.030016666666666667 927.3013203752172
0.030194444444444444 927.3013203752172
0.03249166666666667 926.9065327494391
0.03249166666666667 926.9065327494391
0.03291388888888889 926.7070502575112
0.03298611111111111 926.7070502575112
0.03526111111111111 926.3101438876928
0.035305555555555555 926.3101438876928
0.035305555555555555 926.3101438876928
0.03587222219444444 926.3101438876928
0.03802222222222222 925.8776487892518
0.03813888888888889 925.8776487892518
0.03813888888888889 925.8776487892518
0.03846111111111111 925.6575451520908
0.038719444416666665 925.6575451520908
0.040791666666666664 925.438075981748
0.041022222222222224 925.438075981748
0.041022222222222224 925.438075981748
0.04156111111111111 925.438075981748
0.043616666666666665 924.9950619449642
0.04378888886111111 924.9950619449642
0.044069444444444446 924.7716749132113
0.04435833333333333 924.7716749132113
0.046608333333333335 924.3120673008981
0.046622222222222225 924.3120673008981
0.046844444416666665 924.0723559407242
0.04716388888888889 924.0723559407242
0.04927499997222222 924.0723559407242
0.049305555555555554 924.0723559407242
0.04942222219444444 924.0723559407242
0.05212222219444444 923.5849196075494
0.05218888888888889 923.5849196075494
0.05488611111111111 922.8625497494296
0.055025 922.8625497494296
0.055025 922.8625497494296
0.05535277777777778 922.8625497494296
0.05563611111111111 922.8625497494296
0.05775277777777778 922.1329197543931
0.05780277777777778 922.1329197543931
0.05780277777777778 922.1329197543931
0.05819722222222222 921.8775834565668
0.06066111111111111 921.6253508593784
0.060675 921.6253508593784
0.06091666666666667 921.6253508593784
0.06119722222222222 921.6253508593784
0.06336111111111112 920.8637851411175
0.06383888888888889 920.6106454662182
0.06403333333333333 920.6106454662182
0.06666666666666667 919.8580150746845
0.0669 919.8580150746845
0.06903888888888889 919.6087203068896
0.06960833333333333 919.6087203068896
0.07180277777777777 918.6218547682896
0.07189166666666667 918.6218547682896
0.07225555555555556 918.6218547682896
0.07252777777777777 918.6218547682896
0.07470555555555555 918.1274374740415
0.07509444441666667 918.1274374740415
0.07537777777777778 918.1274374740415
0.07730833333333334 917.387188914748
0.07735833333333333 917.387188914748
0.07755 917.387188914748
0.07790555555555556 917.387188914748
0.08013611111111112 916.8915478079175
0.08032777777777778 916.8915478079175
0.08044444444444444 916.8915478079175
0.08309722222222223 916.6437896470413
0.08333888888888889 916.6437896470413
0.08374444444444444 916.6437896470413
0.08658611111111111 916.6437896470413
0.08852777777777777 916.1517799849574
0.08890833333333334 916.1517799849574
0.089075 916.1517799849574
0.08938888888888889 916.1517799849574
0.09148611111111112 915.6570314267352
0.09181388886111111 915.6570314267352
0.09428333333333333 914.6793229594783
0.09429722222222223 914.6793229594783
0.09464166666666667 914.6793229594783
0.09705 913.9504175512038
0.09708611111111111 913.9504175512038
0.09740277777777778 913.9504175512038
0.09988888888888889 913.2248151278238
0.10028055555555555 913.2248151278238
0.10028055555555555 913.2248151278238
0.10275 912.2634462331209
0.10303333333333334 912.2634462331209
0.10343055555555555 912.2634462331209
0.106175 911.5492692161174
0.10812222222222222 911.0790998058694
0.10859722222222222 911.0790998058694
0.10864166666666666 911.0790998058694
0.10906388888888889 911.0790998058694
0.11118333333333333 910.1366625064693
0.11178333333333333 910.1366625064693
0.11381111111111111 909.4384394730654
0.11397222222222222 909.4384394730654
0.11424166666666667 909.4384394730654
0.11465833333333333 909.4384394730654
0.11699444444444444 908.5074525372826
0.11701944444444444 908.5074525372826
0.11979166666666667 908.0472404956337
0.12023611111111111 908.0472404956337
0.12215 907.5894791179268
0.12234444444444445 907.3602277873014
0.12528055555555556 907.1340116959224
0.12548055555555557 907.1340116959224
0.12812777777777778 906.9089096131081
0.12826666666666667 906.9089096131081
0.12850555555555557 906.9089096131081
0.1305138888888889 906.9089096131081
0.13091666666666665 906.6812388212072
0.13102222222222223 906.6812388212072
0.13334444444444443 905.7771800656135
0.1337861111111111 905.7771800656135
0.13384722222222223 905.7771800656135
0.13660277777777777 905.3278779365208
0.1388888888888889 905.1057022390767
0.13938055555555556 905.1057022390767
0.13938055555555556 905.1057022390767
0.13955277777777778 905.1057022390767
0.13965555555555556 905.1057022390767
0.1422277777777778 904.6548344461659
0.14449444441666667 904.3263903803916
0.14511666666666667 903.9980998733636
0.14527777777777778 903.9980998733636
0.14529166666666668 903.9980998733636
0.14722222222222223 903.3397529584009
0.14805833333333332 903.3397529584009
0.14808055555555555 903.3397529584009
0.15057222219444444 902.0316506232436
0.1508722222222222 902.0316506232436
0.15102222219444444 902.0316506232436
0.15333333333333332 901.3804738066401
0.155625 900.7354797499418
0.15642777777777778 900.7354797499418
0.15896944444444444 899.4601505534723
0.15920277777777778 899.4601505534723
0.15943333333333334 899.4601505534723
0.16129999997222222 898.824153497279
0.16206944444444443 898.5069261832494
0.16395833333333334 898.1912334263704
0.16486111111111112 897.8759461068902
0.1674027777777778 897.2509019500748
0.1676388888888889 897.2509019500748
0.16964444444444443 896.3186409074494
0.17021111111111112 896.3186409074494
0.1704277777777778 896.0074924772056
0.1704277777777778 896.0074924772056
0.17333333333333334 894.772832654542
0.17503611111111111 894.772832654542
0.17802777777777778 894.772832654542
0.1780861111111111 894.772832654542
0.17868333333333333 894.772832654542
0.17889722222222224 894.772832654542
0.18082777777777778 894.4653388589153
0.18155833333333332 894.1580085691184
0.18176944444444446 894.1580085691184
0.18373055552777778 893.8508475761028
0.18431111111111112 893.5436753199342
0.1865 892.9338890628151
0.18735833333333332 892.9338890628151
0.190125 892.329581295426
0.19015 892.329581295426
0.19196666666666667 892.329581295426
0.1927638888888889 892.0269415284803
0.19289166666666666 891.7237556448362
0.19295277777777778 891.7237556448362
0.1948111111111111 891.4204219311855
0.19559444444444443 891.1172802426194
0.19565555555555555 891.1172802426194
0.19573055555555555 891.1172802426194
0.1984861111111111 891.1172802426194
0.19850833333333334 891.1172802426194
0.19853888888888888 891.1172802426194
0.20051944444444444 890.8108634809348
0.20132777777777777 889.8950792680754
0.2031888888888889 889.5921431532131
0.20373611111111112 889.5921431532131
0.20609444444444444 888.6888911195385
0.2066611111111111 888.0893105593867
0.20688055555555557 887.7895085078064
0.2068916666388889 887.7895085078064
0.2088611111111111 887.4895859820696
0.20895555555555556 887.4895859820696
0.20946666666666666 887.1880111189494
0.2096888888888889 886.8859769002855
0.20971666666666666 886.8859769002855
0.21173333333333333 886.2827020495702
0.21234444444444445 886.2827020495702
0.21250555555555556 886.2827020495702
0.21794444444444444 884.8003600570522
0.21804166666666666 884.8003600570522
0.21806944444444445 884.8003600570522
0.220025 884.5040041174606
0.22010277777777779 884.5040041174606
0.22086944444444445 884.5040041174606
0.22092777777777778 884.5040041174606
0.2228388888888889 883.6101974586999
0.223675 883.6101974586999
0.22565277777777779 883.6101974586999
0.228375 883.2308545842272
0.22847222222222222 883.2308545842272
0.2311888888888889 882.4748210036807
0.23126388888888888 882.4748210036807
0.2319 882.4748210036807
0.23203055552777777 882.4748210036807
0.23206388886111112 882.4748210036807
0.2339527777777778 881.7135480042189
0.23479444444444444 881.3338822273039
0.23485277777777777 881.3338822273039
0.23676666666666665 880.5755988477894
0.23755555555555555 880.1973650493819
0.2376638888888889 880.1973650493819
0.23965833333333333 879.0661949072958
0.23965833333333333 879.0661949072958
0.24035555555555554 879.0661949072958
0.24038055555555554 879.0661949072958
0.24044166666666666 879.0661949072958
0.2424138888888889 878.3078476469664
0.2424138888888889 878.3078476469664
0.24311388888888888 877.9280106800825
0.24315833333333334 877.9280106800825
0.24524166666666666 877.5482548765668
0.24524166666666666 877.5482548765668
0.246025 877.5482548765668
0.24804444444444446 875.6564573072537
0.24804444444444446 875.6564573072537
0.24879166666666666 875.6564573072537
0.24881666666666666 875.6564573072537
0.2508916666666667 874.5244470731388
0.2515 874.5244470731388
0.2515 874.5244470731388
0.2516055555555556 874.5244470731388
0.25366944444444445 873.7684022823191
0.25376944444444444 873.7684022823191
0.254325 873.7684022823191
0.25451111111111113 873.7684022823191
0.2564916666666667 873.3886449094787
0.25653333333333334 873.3886449094787
0.2571361111111111 873.3886449094787
0.2593916666666667 873.0081428443671
0.2599972222222222 873.0081428443671
0.2622138888888889 873.0081428443671
0.262775 873.0081428443671
0.2656722222222222 871.4957235001052
0.26570555555555553 871.4957235001052
0.26770555555555553 871.1191524230223
0.2677861111111111 871.1191524230223
0.2683027777777778 871.1191524230223
0.26855833333333334 870.7399854173948
0.2704611111111111 869.9852739955184
0.2713305555555556 869.9852739955184
0.27332222222222224 869.9852739955184
0.2733555555555556 869.9852739955184
0.27396944444444443 869.9852739955184
0.2761 868.8540301627561
0.27615833333333334 868.8540301627561
0.27896666666666664 868.1043047642305
0.2795222222222222 868.1043047642305
0.28181944444444446 866.9862542083309
0.2844333333333333 866.9862542083309
0.2848333333333333 866.9862542083309
0.2872472222222222 866.6160158644358
0.2876222222222222 866.6160158644358
0.2879805555555556 866.6160158644358
0.288 866.6160158644358
0.29017222219444444 866.2434789277297
0.2901861111111111 866.2434789277297
0.2905083333333333 866.2434789277297
0.29085555555555553 866.2434789277297
0.2929638888888889 865.4945856830859
0.2930611111111111 865.4945856830859
0.2960111111111111 864.7492659374589
0.29641388888888887 864.7492659374589
0.296425 864.7492659374589
0.29865833333333336 864.3760289837531
0.298925 864.3760289837531
0.29922777777777776 864.0013526223852
0.2992388888888889 864.0013526223852
0.30206944444444445 864.0013526223852
0.3020833333333333 864.0013526223852
0.30455 863.6264361786172
0.30493055555555554 863.6264361786172
0.3058722222222222 863.6264361786172
0.3071083333333333 863.2503262147709
0.3076138888888889 863.2503262147709
0.3086833333333333 863.2503262147709
0.3100222222222222 861.6148981207367
0.3129972222222222 860.7388775854978
0.31329444441666665 860.7388775854978
0.3133444444444444 860.7388775854978
0.3143 860.7388775854978
0.316025 860.2994149518046
0.3161416666388889 860.2994149518046
0.3171583333333333 859.4202600691781
0.31861666666666666 859.4202600691781
0.3211555555555556 858.5462344123615
0.3213666666666667 858.5462344123615
0.3218388888611111 858.5462344123615
0.32273888886111113 858.5462344123615
0.32433055555555557 858.1078406922587
0.32445277777777776 858.1078406922587
0.3283 856.8002003220196
0.3296611111111111 856.3662822371133
0.3312027777777778 856.3662822371133
0.33245 855.5005211874512
0.333125 855.5005211874512
0.3339083333333333 855.5005211874512
0.33589444444444444 854.6361828841075
0.3367666666388889 853.7749742117679
0.33685 853.7749742117679
0.3383527777777778 853.7749742117679
0.34429166666666666 851.6486712174859
0.3460388888888889 851.2266798743809
0.3488888888888889 850.3874420613965
0.34957222222222223 850.3874420613965
0.34981944444444446 850.3874420613965
0.3506555555277778 849.9666528677949
0.3517388888888889 849.1272177010812
0.35235 849.1272177010812
0.35265 849.1272177010812
0.3545611111111111 848.707083947941
0.35539166666666666 848.707083947941
0.35541388888888886 848.707083947941
0.3562444444444444 848.2851518595407
0.3575083333333333 847.863861323601
0.35794444444444445 847.863861323601
0.35825833333333335 847.4414668620209
0.3603277777777778 847.4414668620209
0.36070277777777776 847.4414668620209
0.36099166666666666 847.4414668620209
0.3611138888888889 847.4414668620209
0.36184444444444447 847.0158807607385
0.36320277777777776 847.0158807607385
0.3635277777777778 847.0158807607385
0.3638111111111111 846.5886822542469
0.3646638888888889 846.5886822542469
0.366325 846.1616335779528
0.366675 845.7345655199044
0.36750555555555553 845.3078185500965
0.37032777777777776 844.4588911683372
0.37190833330555556 844.0358182486277
0.37223333333333336 843.6126908404756
0.373075 843.6126908404756
0.37483333333333335 842.7678848665564
0.3758666666388889 842.7678848665564
0.37648333333333334 842.7678848665564
0.3776333333333333 842.3449607863291
0.3778944444444444 842.3449607863291
0.37875277777777777 841.9211563660507
0.37933055555555556 841.9211563660507
0.3804972222222222 841.9211563660507
0.3806333333333333 841.9211563660507
0.3842611111111111 841.0735325015
0.3849111111111111 841.0735325015
0.3863138888888889 840.6500263552178
0.38706944444444447 840.6500263552178
0.38763333333333333 840.6500263552178
0.38772222222222225 840.6500263552178
0.3888888888888889 840.6500263552178
0.3892055555555556 840.2227090381397
0.39043055555555556 839.3702818916116
0.3904888888888889 839.3702818916116
0.39197499997222224 838.9440026690664
0.39266666666666666 838.9440026690664
0.39336666663888886 837.9848227886706
0.39338055555555557 837.9848227886706
0.39444444444444443 837.9848227886706
0.39473888888888886 837.9848227886706
0.39540277777777777 837.9848227886706
0.3961722222222222 837.9848227886706
0.39725277775 837.9848227886706
0.39802777777777776 837.5008744611122
0.39832222222222224 837.0170483989473
0.3990388888888889 836.5335871491246
0.400075 836.5335871491246
0.40178888888888886 836.5335871491246
0.4036666666666667 836.5335871491246
0.40387222222222224 836.5335871491246
0.40575 836.5335871491246
0.40865833333333335 836.049253165852
0.40878333330555555 836.049253165852
0.40935 835.5639772941935
0.4114777777777778 835.0798697512789
0.41209444444444443 835.0798697512789
0.4123222221944444 835.0798697512789
0.41439444444444445 833.628346638434
0.41509444444444443 833.1460494850802
0.41702222222222224 832.6647839621007
0.4171944444444444 832.1835384532891
0.41778055555555554 832.1835384532891
0.4182722222222222 832.1835384532891
0.41983333333333334 832.1835384532891
0.41999444444444445 832.1835384532891
0.420675 832.1835384532891
0.42275833333333335 831.6989759953931
0.42280833330555556 831.6989759953931
0.4255527777777778 830.7315101494733
0.426325 830.7315101494733
0.4275388888888889 829.7659630613451
0.42907222222222224 829.7659630613451
0.43191944444444447 829.7659630613451
0.43195833333333333 829.7659630613451
0.43471944444444444 829.2839113725806
0.4367333333333333 829.2839113725806
0.4393444444444444 828.8031028491657
0.4421111111111111 827.3686463011009
0.44225277775 827.3686463011009
0.44308611108333334 826.8908123344537
0.44308611108333334 826.8908123344537
0.44492777777777776 826.8908123344537
0.44524722222222224 826.8908123344537
0.44597777777777775 826.8908123344537
0.44597777777777775 826.8908123344537
0.44785833333333336 826.4090697302271
0.44805555555555554 826.4090697302271
0.4515638888888889 825.9280050402357
0.4534416666666667 825.9280050402357
0.45640277777777777 825.4482573177053
0.4566 825.4482573177053
0.45745833333333336 824.9676652027157
0.4590444444444444 824.4878393185502
0.45942777777777777 824.4878393185502
0.46175 823.5295279344986
0.46221388888888887 823.5295279344986
0.46300277777777776 823.5295279344986
0.464625 823.049814121771
0.46498055555555556 823.049814121771
0.46555277777777776 823.049814121771
0.4674833333333333 823.049814121771
0.4677972222222222 822.5677963039698
0.46846944444444444 822.5677963039698
0.46852222222222223 822.5677963039698
0.4703555555555556 821.6022480369892
0.4706361111111111 821.6022480369892
0.4706361111111111 821.6022480369892
0.47315555552777777 821.6022480369892
0.47357499997222224 821.6022480369892
0.4740583333055556 821.6022480369892
0.4741361111111111 821.6022480369892
0.47633055555555553 821.6022480369892
0.47681388888888887 821.6022480369892
0.47688888888888886 821.6022480369892
0.47879166666666667 821.070276008855
0.4791888888888889 821.070276008855
0.47965833333333335 821.070276008855
0.479775 821.070276008855
0.48165833333333335 821.070276008855
0.48199166666666665 821.070276008855
0.4820027777777778 821.070276008855
0.4845333333333333 821.070276008855
0.4847861111111111 820.5326166740412
0.4852444444444444 820.5326166740412
0.48543333333333333 820.5326166740412
0.48734444444444447 820.5326166740412
0.4877138888888889 819.9927113321679
0.48814166666666664 819.4530832591515
0.48825555555555555 819.4530832591515
0.49044444444444446 819.4530832591515
0.49101666666666666 819.4530832591515
0.49111944444444444 819.4530832591515
0.4929611111111111 818.9108266457939
0.49323333333333336 818.9108266457939
0.49388611111111114 818.9108266457939
0.49567222222222224 817.8253256566571
0.4961083333333333 817.8253256566571
0.4965527777777778 817.8253256566571
0.5013555555555556 817.8253256566571
0.5022944444444445 817.282605397916
0.5040944444444444 817.282605397916
0.5048694444444445 817.282605397916
0.5076472222222222 816.739902636902
0.5077527777777778 816.739902636902
0.5078777777777778 816.739902636902
0.5104666666666666 816.196053796512
0.5106083333333333 815.7820512471469
0.5106194444444444 815.7820512471469
0.512625 815.5698466943608
0.5134666666666666 815.359507256221
0.5136861111111111 815.359507256221
0.51625 815.1463803061582
0.5181805555555555 814.5965445264821
0.5193777777777778 813.0808623655032
0.519475 813.0808623655032
0.5195611111111111 813.0808623655032
0.5209555555555555 813.0808623655032
0.5222305555555555 812.1023351192579
0.522775 812.1023351192579
0.5250305555555556 810.6859395220927
0.5255944444444445 810.6859395220927
0.5277888888888889 810.0376684997377
0.5292666666666667 810.0376684997377
0.5296888888888889 809.8243513806782
0.5307611111111111 809.1771445073838
0.5320444444444444 809.1771445073838
0.5325055555555556 808.7445488790958
0.5335861111111111 808.3072595468253
0.533975 808.3072595468253
0.5367916666666667 806.8549533031795
0.5377888888888889 806.8549533031795
0.5381694444444445 806.1956764108088
0.5404638888888889 805.7504906794953
0.5419555555555555 804.865331058157
0.5432861111111111 804.865331058157
0.5438555555555555 804.423068388806
0.5447416666666667 803.9765165898185
0.54605 803.3998371268141
0.5467555555555556 802.9508895919788
0.5502888888888889 801.235926946403
0.551725 800.6576329892705
0.5523416666666666 800.2109406108627
0.5531138888888889 800.2109406108627
0.5546055555555556 800.2109406108627
0.5559583333333333 799.0821266994851
0.5569972222222223 799.0821266994851
0.5573972222222222 799.0821266994851
0.5578666666666666 797.8079299794572
0.56025 796.9532362469137
0.5614638888888889 796.0314043217544
0.5626472222222222 796.0314043217544
0.5630638888888889 796.0314043217544
0.5634916666666666 795.798886607265
0.5642666666666667 795.3293525722589
0.5653638888888889 795.3293525722589
0.5662833333333334 795.3293525722589
0.5671222222222222 794.8561529808691
0.5699861111111111 794.3796778332296
0.5705111111111111 794.3796778332296
0.5710472222222223 794.3796778332296
0.57135 794.3796778332296
0.5727861111111111 793.4205994134585
0.5734222222222223 793.4205994134585
0.5757138888888889 792.6949253642878
0.5761888888888889 792.6949253642878
0.57695 792.6949253642878
0.5790111111111111 791.7226811006703
0.5798055555555556 791.7226811006703
0.5827027777777778 790.992281986302
0.5882194444444444 790.0263218766789
0.5885083333333333 790.0263218766789
0.5899666666666666 789.0836981135693
0.5912972222222223 789.0836981135693
0.5924222221944444 788.611818754248
0.5935083333333333 788.611818754248
0.5938083333333334 788.611818754248
0.5941611111111111 788.611818754248
0.5962861111111111 787.8907742669835
0.5967027777777778 787.8907742669835
0.5970138888888888 787.8907742669835
0.5980027777777778 787.162277920836
0.5983333333333334 787.162277920836
0.5991444444444445 787.162277920836
0.6008944444166666 786.4214413880185
0.6010805555555555 786.4214413880185
0.6019472222222222 786.4214413880185
0.6022833333055555 786.4214413880185
0.6036638888888889 785.6680222394614
0.6038222222222223 785.6680222394614
0.6046916666666666 785.6680222394614
0.6066722222222222 785.4140129174938
0.6079555555555556 785.4140129174938
0.60922777775 784.401781676258
0.6094972222222222 784.401781676258
0.6098777777777777 784.401781676258
0.6102916666666667 784.401781676258
0.6124 783.8836109555014
0.6131222221944445 783.8836109555014
0.6135027777777777 783.8836109555014
0.6148444444444444 782.83987505551
0.6152027777777778 782.83987505551
0.6160833333333333 782.83987505551
0.6162305555555555 782.83987505551
0.6180305555555555 782.3075653008742
0.6188333333333333 782.3075653008742
0.6205 781.7747654386005
0.6218805555555555 781.7747654386005
0.6221555555555556 781.5094580932422
0.6251694444444444 781.2417539913386
0.6268472222222222 780.7128791235093
0.6307722222222222 779.6519698916816
0.6325 779.1297543682473
0.6327333333333334 779.1297543682473
0.6329694444444445 779.1297543682473
0.6330361111111111 779.1297543682473
0.6353833333333333 778.3286045230612
0.6355638888888889 778.3286045230612
0.6385416666666667 778.0610606518741
0.6409138888888889 776.7332317168631
0.6414499999722222 776.7332317168631
0.6442138888888889 775.7001928908331
0.6446888888888889 775.4364445856794
0.6466722222222222 774.6370051793548
0.6471305555555555 774.6370051793548
0.6496333333333333 773.8330425086307
0.6496472222222223 773.8330425086307
0.64995 773.8330425086307
0.6503666666666666 773.8330425086307
0.6527694444166666 773.0161244683557
0.6531361111111111 773.0161244683557
0.6552138888888889 772.7437433704049
0.6555694444444444 772.7437433704049
0.6579694444444445 772.1981432366991
0.6581222221944445 772.1981432366991
0.6583055555555556 772.1981432366991
0.658875 772.1981432366991
0.6607638888888889 771.3682629612314
0.6609527777777777 771.3682629612314
0.6617916666666667 771.0900253364442
0.6639388888888889 770.8105454960995
0.6648416666666667 770.5326345600774
0.6657888888888889 770.2536154591231
0.6667944444444445 770.2536154591231
0.66860277775 769.692574504543
0.6694 769.692574504543
0.6695861111111111 769.692574504543
0.6703833333333333 769.1268246875981
0.6722222222222223 768.5566952702396
0.6724 768.5566952702396
0.6732194444444445 768.5566952702396
0.6733055555555556 768.5566952702396
0.6801055555555555 766.8099447394144
0.6815138888888889 766.5281508564073
0.6834944444444444 765.9635784471867
0.6840611111111111 765.6820092693234
0.6843416666666666 765.3985731990518
0.6863805555277778 765.3985731990518
0.6892083333333333 764.8300981111338
0.69005 764.8300981111338
0.6925055555555556 763.9809637502289
0.6928138888888888 763.6991749120108
0.6940972222222223 763.1298865449327
0.6954027777777778 762.8444355425232
0.6986611111111111 761.1165871239962
0.700925 760.8301981317167
0.7009583333333333 760.8301981317167
0.7011111111111111 760.8301981317167
0.7014777777777778 760.5414163227367
0.7037472221944444 759.9582652618926
0.7040416666666667 759.9582652618926
0.7052583333333333 759.9582652618926
0.7065472222222222 759.6666494894729
0.7066222222222223 759.6666494894729
0.7067388888888889 759.3725603835327
0.7070916666666667 758.7776754516767
0.7093722221944444 758.1761118509044
0.7094861111111112 757.876536174272
0.7100805555555556 757.2705782902334
0.710925 757.2705782902334
0.7133277777777778 756.3502463369753
0.713725 756.3502463369753
0.7150111111111112 756.3502463369753
0.7156444444444444 756.3502463369753
0.7161527777777777 756.3502463369753
0.7184805555555556 755.4210487002468
0.7212722222222222 754.1792633798278
0.7216777777777778 754.1792633798278
0.721825 754.1792633798278
0.7273916666666667 752.3058294937182
0.7288416666666667 751.6909569913635
0.7299055555555556 751.6909569913635
0.7328 750.140616245292
0.732975 750.140616245292
0.7343888888888889 749.8295493411641
0.7354611111111111 749.2058812359811
0.7356027777777778 749.2058812359811
0.7372194444166666 748.8906113519431
0.7381944444444445 748.2593450082032
0.7385277777777778 748.2593450082032
0.7385388888611111 748.2593450082032
0.7410333333055555 746.6432326921306
0.7410333333055555 746.6432326921306
0.7428 745.9909454822534
0.7439111111111111 745.3373651379818
0.7467083333333333 744.3491819612457
0.7467222222222222 744.3491819612457
0.7469388888888889 744.3491819612457
0.7469527777777778 744.3491819612457
0.7478444444166666 744.3491819612457
0.7494861111111111 743.0044922862281
0.7495916666666667 743.0044922862281
0.7497444444444444 743.0044922862281
0.7522805555555555 741.6307256180735
0.7533611111111111 741.6307256180735
0.7552805555555555 740.2513382038369
0.7590305555555555 739.2100473188775
0.7629111111111111 737.8282732808133
0.7637277777777778 737.8282732808133
0.7644666666666666 737.8282732808133
0.7656222221944444 737.8282732808133
0.7665638888888889 737.1402821539284
0.76845 736.0985649079119
0.7693583333333334 735.7506768883953
0.7700722222222223 735.7506768883953
0.7741194444444445 733.9874635468389
0.7749583333333333 733.9874635468389
0.7756805555555556 733.9874635468389
0.7775888888888889 733.2838701630623
0.7777777777777778 733.2838701630623
0.7798916666666666 732.5751377558448
0.7804305555555555 732.5751377558448
0.7806888888888889 732.5751377558448
0.7853305555555555 731.5007049354538
0.7886666666666666 730.0809872643584
0.7909972222222222 728.6603032531676
0.7915555555555556 728.6603032531676
0.794875 727.945422451554
0.7958249999722222 727.945422451554
0.7981611111111111 726.8769392973389
0.7991 726.1634966495851
0.8038694444444444 724.7196924976599
0.8059638888611111 723.6465824577479
0.8087666666666666 722.5680076946642
0.8088111110833334 722.5680076946642
0.8091722222222222 721.4394840633397
0.8093194444444445 721.4394840633397
0.8100305555555556 721.0737382397982
0.8128527777777778 721.0737382397982
0.8156722222222222 719.6087064914287
0.8163 718.8753406256496
0.8171583333333333 718.8753406256496
0.8194472222222222 718.1334796794712
0.8198861111111111 718.1334796794712
0.8227749999722223 716.6375703673255
0.8256222221944445 715.8887851342045
0.8259333333333333 715.8887851342045
0.8278277777777778 715.8887851342045
0.8283833333333334 715.5160196561283
0.8316361111111111 714.763904329661
0.8322861111111111 714.763904329661
0.8339777777777778 713.635836917236
0.8344611111111111 713.635836917236
0.836725 713.2568693692235
0.836725 713.2568693692235
0.8396 712.1115818463297
0.8396583333333333 712.1115818463297
0.8423638888888889 712.1115818463297
0.8428166666666667 712.1115818463297
0.8433638888888889 712.1115818463297
0.8452944444444445 711.7292861295284
0.8480166666666666 711.3472622807705
0.8485944444444444 711.3472622807705
0.8503166666666667 710.1992019934527
0.8507861111111111 709.8148257562399
0.8509111111111111 709.8148257562399
0.8531888888888889 708.6423097830735
0.8561583333333334 707.4633809242091
0.8562833333333333 707.0712586262119
0.8581972222222222 706.2781314424036
0.8617388888888889 704.276053620554
0.8637777777777778 703.0710767593889
0.8647138888611111 702.2635871710336
0.8665666666666667 701.8569970806255
0.8671305555555555 701.45034532993
0.8687166666666667 701.0408496989313
0.8694083333333333 701.0408496989313
0.8713972222222223 700.6297988999904
0.8722222222222222 700.2189506738333
0.8739138888888889 699.3909273550316
0.8742388888888889 699.3909273550316
0.8770416666666667 698.1346541672542
0.8783972222222223 697.2957440478682
0.8831555555555556 695.5988526472651
0.8834611111111111 695.5988526472651
0.8862638888888889 694.7520037591562
0.8890111111111111 692.6216493693664
0.8893416666666667 692.1936546451622
0.8898777777777778 692.1936546451622
0.8911944444444444 691.326143286823
0.89275 689.0868772863595
0.8930361111111111 689.0868772863595
0.8972611111111111 685.9467796999656
0.8981388888888889 685.4971938987408
0.89875 685.0450922366658
0.9077916666666667 682.2833407804882
0.9092166666666667 681.3815012224179
0.9105277777777778 680.9281957612592
0.9128833333333334 679.5571924582753
0.9134055555555556 679.5571924582753
0.9140444444444444 679.5571924582753
0.9146111111111112 679.0963224250277
0.915675 678.6321094310952
0.9170277777777778 678.1656364201925
0.9217305555555556 675.3246404513071
0.9240972222222222 674.376138945033
0.9242833333333333 674.376138945033
0.9268166666666666 673.4200712871318
0.9270861111111112 673.4200712871318
0.9339555555277778 671.4857812286554
0.9392333333055556 670.5307022581508
0.9393472222222222 670.0589724377222
0.9397083333333334 670.0589724377222
0.9401916666666666 670.0589724377222
0.9427416666666667 669.0977200349392
0.9475416666666666 666.1773661885577
0.9498944444444445 665.2015005465651
0.9536194444444445 664.2215329086278
0.957225 663.2435342486314
0.9574777777777778 662.7564178943057
0.9605222222222223 661.7709176272004
0.9609861111111111 661.7709176272004
0.9633722222222222 660.2823709861367
0.9676527777777778 658.2739352500059
0.9686472222222222 656.7622262741205
0.9689388888888889 656.7622262741205
0.9770416666666667 649.9000555931439
0.9846222222222222 645.6216358468458
0.9877 643.4737970478263
0.9880388888888889 642.9340556339474
0.9928444444444444 640.1815758823622
0.9944555555555555 638.5195732330847
0.9948388888888889 638.5195732330847
1.002236111111111 636.2571399310644
1.0065583333333334 634.5713676640205
1.0094527777777778 632.8793678637319
1.0162805555555556 628.8487534384506
1.0185972222222222 628.2685066755973
1.0193305555555556 628.2685066755973
1.021136111111111 625.9159620473694
1.0229972222222221 624.720168744122
1.0342416666666667 618.6513793459255
1.045611111111111 613.9081867544076
1.0496 612.7592259379591
1.0505055555555556 612.191481533619
1.05785 608.1321345993128
1.0588444444444445 605.6344509556202
1.1421777777777777 552.5327695041804
1.2255111111111112 494.1767548335432
1.3088444444444445 437.5829412842752
1.3921777777777777 358.9055557049152
1.4755111111111112 253.65475619820538
1.5588444444444445 69.56408469787011
1.6421777777777777 45.83842927877892
1.7255111111111112 27.647544462236866
1.8088444444444445 14.700119186627756
1.8921777777777777 6.081909713693681
1.9755111111111112 1.6947839182064341
2.0588444444444445 0.07692307692307693
2.142177777777778 4.240593271849015
2.225511111111111 13.779293277810703
2.3088444444444445 29.108147920940887
2.392177777777778 49.34526935927271
2.475511111111111 75.09128610317671
2.5588444444444445 105.74004381028683
2.642177777777778 388.80033062494414
2.725511111111111 448.06039534457153
2.8088444444444445 487.3890089687595
2.892177777777778 515.4143373623788
2.975511111111111 540.3036556148816
3.0588444444444445 558.806814192488
3.0633222221944445 560.9066661730129
3.0673777777777778 561.4466779754074
3.0712361111111113 562.1688438470665
3.0719666666666665 562.3458983543377
3.074736111111111 562.8775848186441
3.0768222222222223 562.8775848186441
3.077561111111111 563.0526314782801
3.0814666666666666 563.7590506596524
3.086 564.1165125289538
3.0870527777777776 564.1165125289538
3.089938888888889 564.4731705638314
3.0910888888888888 564.4731705638314
3.0916333333055555 564.4731705638314
3.0938583333333334 564.6490566813868
3.0944444444444446 564.8226016523021
3.0966555555277777 565.1692921488833
3.0966555555277777 565.1692921488833
3.097341666666667 565.1692921488833
3.0973805555555556 565.1692921488833
3.098375 565.33438835305
3.0994527777777776 565.33438835305
3.1001166666666666 565.33438835305
3.1002305555555556 565.33438835305
3.102988888888889 565.6571376330411
3.10315 565.6571376330411
3.105741666666667 565.8167925197494
3.1059444444444444 565.8167925197494
3.1088722222222223 565.8167925197494
3.1090583333333335 565.8167925197494
3.1142416666666666 566.6211904321733
3.1146305555555553 566.6211904321733
3.117097222222222 566.9369848613218
3.1173888888888888 566.9369848613218
3.120261111111111 567.2500086360792
3.120416666666667 567.2500086360792
3.1223388888888888 567.7094075337243
3.1226694444444445 567.7094075337243
3.123113888861111 567.7094075337243
3.1231944444444446 567.7094075337243
3.125172222222222 568.2913862475747
3.1255083333333333 568.2913862475747
3.12605 568.2913862475747
3.1283583333333334 568.5738307799057
3.128711111111111 568.5738307799057
3.1293305555555557 568.5738307799057
3.1312361111111113 568.8481560516307
3.1314888888888888 568.8481560516307
3.1315944444444446 568.8481560516307
3.1322638888888887 568.8481560516307
3.1340555555555554 568.8642266032842
3.1351388888888887 568.8642266032842
3.1369305555555558 568.8642266032842
3.1373027777777778 568.8642266032842
3.1379361111111113 568.8642266032842
3.139861111111111 568.8642266032842
3.1436027777777777 570.0033072555335
3.1449666666388887 570.0152430895989
3.1464166666666666 570.0496466686923
3.1466805555555557 570.0496466686923
3.147866666666667 570.0496466686923
3.14825 570.0496466686923
3.149575 570.0692384203244
3.1499027777777777 570.0692384203244
3.1506083333333335 570.0692384203244
3.1509916666666666 570.0692384203244
3.1526944444444442 570.0708545662757
3.155472222222222 570.0737506810259
3.1561916666666665 570.0737506810259
3.156625 570.0736897210538
3.1581833333055553 570.0733839706695
3.1590083333333334 570.0733839706695
3.1595194444444443 570.0733839706695
3.1596805555555556 570.0733839706695
3.161841666638889 570.0688707034944
3.1625722222222223 570.0688707034944
3.164597222222222 570.063419989176
3.164919444416667 570.063419989176
3.1651527777777777 570.063419989176
3.167419444416667 570.0464448912827
3.1677694444444446 570.0464448912827
3.168222222222222 570.0464448912827
3.169427777777778 570.0464448912827
3.170286111111111 570.0327850028585
3.170758333333333 570.0327850028585
3.1710194444444446 570.0327850028585
3.1722333333333332 570.0327850028585
3.178166666666667 569.9455076527041
3.1785555555555556 569.9455076527041
3.1791944444444447 569.9455076527041
3.181297222222222 569.915650022796
3.1822472222222222 569.915650022796
3.1838055555555558 569.8995290581499
3.1841222222222223 569.8816829629559
3.1847944444444445 569.8816829629559
3.1876749999722223 569.8285455321038
3.1891833333333333 569.8285455321038
3.1894833333333334 569.8088365259196
3.1897527777777777 569.8088365259196
3.1904805555555558 569.8088365259196
3.1920194444444445 569.8088365259196
3.1926194444444445 569.7843248898009
3.1933944444444444 569.7843248898009
3.1948527777777778 569.7843248898009
3.1948527777777778 569.7843248898009
3.1954194444444446 569.7843248898009
3.196263888888889 569.7843248898009
3.197652777777778 569.7843248898009
3.1982194444444443 569.7843248898009
3.2000277777777777 569.7514442707759
3.2007416666666666 569.7514442707759
3.200925 569.7514442707759
3.203491666666667 569.6465106015379
3.209138888888889 569.4974966970343
3.211975 569.4132486601668
3.214155555527778 569.3313728879864
3.214347222222222 569.3313728879864
3.2175833333333332 569.1315476461887
3.2179555555555557 569.1315476461887
3.2222222222222223 569.0144268908903
3.2224805555555553 569.0144268908903
3.223177777777778 569.0144268908903
3.223533333333333 569.0144268908903
3.225052777777778 569.0144268908903
3.225486111111111 569.0144268908903
3.226052777777778 569.8904334397355
3.226227777777778 569.8904334397355
3.227011111111111 569.7607691883023
3.2278805555555556 569.7607691883023
3.2282888888888888 569.7607691883023
3.2292694444444443 569.7607691883023
3.23165 569.7607691883023
3.2326027777777777 569.6272589333284
3.2339777777777776 569.4936526305755
3.2353194444444444 569.3599158249752
3.2379055555277776 569.095180493066
3.2399944444444446 568.8326849785935
3.2407222222222223 568.8326849785935
3.2435 568.5712533507063
3.2452027777777777 568.3112511210124
3.2481805555555554 567.9278930599634
3.250566666666667 567.9278930599634
3.250913888888889 567.7998372454133
3.251333333333333 567.7998372454133
3.251688888888889 567.6690831781339
3.252225 567.6690831781339
3.253413888888889 567.6690831781339
3.254541666666667 567.5357077130192
3.255072222222222 567.5357077130192
3.2565555555555554 567.4008631049621
3.2574055555555557 567.2653864826465
3.2601416666666667 566.8641283703297
3.2606305555555557 566.8641283703297
3.261111111111111 566.8641283703297
3.262758333333333 566.8641283703297
3.2630333333333335 566.8641283703297
3.263447222222222 566.8641283703297
3.265613888861111 566.7248805975785
3.265836111111111 566.7248805975785
3.2674694444444445 566.7248805975785
3.2682055555555554 566.7248805975785
3.2683222221944446 566.7248805975785
3.268475 566.7248805975785
3.270386111111111 566.5789115548779
3.270966666666667 566.4320690759026
3.271122222222222 566.4320690759026
3.271497222222222 566.4320690759026
3.2732666666666668 566.4320690759026
3.2737194444444446 566.4320690759026
3.2739944444166666 566.4320690759026
3.274052777777778 566.4320690759026
3.2743444444444445 566.4320690759026
3.2766 566.2753218412765
3.276727777777778 566.2753218412765
3.276925 566.2753218412765
3.2795638888888887 566.1160298613202
3.2821944444444444 565.8002782059295
3.2837027777777776 565.8002782059295
3.2874583333333334 565.1800040933093
3.287825 565.1800040933093
3.2879972222222222 565.1800040933093
3.2902555555555555 564.8667204353801
3.2907027777777778 564.8667204353801
3.2920583333333333 564.7086857325808
3.2921388888888887 564.7086857325808
3.29305 564.7086857325808
3.293438888861111 564.7086857325808
3.294983333333333 564.2225784419355
3.2958222221944444 564.2225784419355
3.2973194444444442 563.8979346431252
3.2976888888888887 563.8979346431252
3.2976888888888887 563.8979346431252
3.30055 563.4982435254562
3.3014194444444445 563.262620148184
3.3017916666666665 563.262620148184
3.302983333333333 562.7891340866003
3.303425 562.7891340866003
3.304663888888889 562.7891340866003
3.306138888888889 562.3131252741218
3.307463888888889 562.3131252741218
3.309780555527778 562.7269626422795
3.3117111111111113 562.4884017602302
3.3118694444444445 562.4884017602302
3.3125805555555554 562.2477436878307
3.314536111111111 562.0076491589707
3.3146472222222223 562.0076491589707
3.3153833333055553 562.0076491589707
3.3158583333333334 562.0076491589707
3.3161805555555555 562.0076491589707
3.317488888861111 562.0076491589707
3.3181555555555557 562.0076491589707
3.3190305555555555 562.0076491589707
3.322338888888889 561.759898788657
3.3226722222222222 561.759898788657
3.3251416666666667 561.759898788657
3.3266805555555554 561.2627863752782
3.328263888888889 561.0149454527995
3.3286416666666665 560.766447741687
3.328927777777778 560.5172254274005
3.3307944444444444 560.2684876027753
3.3328416666666665 559.7731208775642
3.3341805555555557 559.2796316438229
3.336997222222222 558.7902401431901
3.3383861111111113 558.5460650085462
3.3417944444166667 558.3035149843315
3.3420111111111113 558.3035149843315
3.344 558.0598509095828
3.344786111111111 557.8158114650556
3.346808333333333 557.8158114650556
3.34755 557.8158114650556
3.349172222222222 557.8158114650556
3.349625 557.8158114650556
3.349625 557.8158114650556
3.3520055555555555 557.8158114650556
3.3547416666666665 557.5673998886999
3.355986111111111 557.5673998886999
3.3606944444444444 557.3207041655118
3.36357777775 556.8305811841386
3.3638194444444443 556.8305811841386
3.364325 556.8305811841386
3.3643444444444444 556.8305811841386
3.366355555527778 556.8305811841386
3.367086111111111 556.3307691161532
3.369108333333333 556.3307691161532
3.369877777777778 555.8312374608934
3.3719916666666667 555.8312374608934
3.3721638888888887 555.5807938554292
3.3732555555555557 555.5807938554292
3.3739166666666667 555.5807938554292
3.374808333333333 555.5807938554292
3.3754333333333335 555.5807938554292
3.377588888888889 555.5807938554292
3.3777694444444446 555.5807938554292
3.3789666666666665 555.5807938554292
3.380663888888889 555.5807938554292
3.3816611111111112 555.5807938554292
3.382286111111111 555.5807938554292
3.3833555555555557 555.5807938554292
3.384461111111111 555.2610830970423
3.385075 555.2610830970423
3.386233333333333 555.2610830970423
3.387252777777778 555.2610830970423
3.389 554.6169504734744
3.3918638888611112 554.6169504734744
3.3929722222222223 554.4683412405242
3.3945583333333333 554.4683412405242
3.3947083333333334 554.145427181679
3.397525 553.823645595664
3.3997333333333333 553.823645595664
3.4004305555555554 553.823645595664
3.4014083333333334 553.5002186307097
3.4023583333333334 553.1767531813391
3.4025555555555558 553.1767531813391
3.4042555555555554 553.1767531813391
3.4051555555555555 553.1767531813391
3.4053916666666666 553.1767531813391
3.4059666666666666 553.1767531813391
3.4082999999722223 553.1767531813391
3.408855555527778 553.1767531813391
3.411461111111111 552.5167911757849
3.4138722222222224 552.5167911757849
3.4163277777777776 552.1880087073532
3.4167472222222224 552.1880087073532
3.4170666666666665 552.1880087073532
3.417238888888889 552.1880087073532
3.4192805555555554 552.1880087073532
3.41965 552.1880087073532
3.4199805555555556 552.1880087073532
3.4221138888888887 551.8517217315591
3.4224527777777776 551.8517217315591
3.422858333333333 551.8517217315591
3.4228944444444442 551.8517217315591
3.4249805555555555 551.5113354890577
3.4277777777777776 550.8338681652955
3.428072222222222 550.8338681652955
3.42835 550.8338681652955
3.42845 550.8338681652955
3.4290666666666665 550.8338681652955
3.430633333333333 550.8338681652955
3.4333833333333335 550.1467354055857
3.4339916666666666 550.1467354055857
3.436288888888889 549.8031222160246
3.436738888888889 549.8031222160246
3.4380194444444445 549.8031222160246
3.4391805555555557 549.4571223016795
3.43965 549.4571223016795
3.442047222222222 549.4571223016795
3.442461111111111 549.4571223016795
3.4424722222222224 549.4571223016795
3.4431805555555557 549.4571223016795
3.44637777775 549.1060038558002
3.4480416666666667 549.1060038558002
3.4507416666666666 548.7551033349129
3.4507805555555557 548.7551033349129
3.4508722222222223 548.7551033349129
3.4523027777777777 548.4009779553999
3.453738888861111 548.4009779553999
3.455163888888889 548.4009779553999
3.45535 548.4009779553999
3.456311111111111 548.4009779553999
3.4565111111111113 548.4009779553999
3.458 548.0407288527308
3.458197222222222 548.0407288527308
3.4591694444444445 548.0407288527308
3.4607888888888887 548.0407288527308
3.4620499999722223 547.6769073349753
3.464813888888889 547.6769073349753
3.465061111111111 547.6769073349753
3.4651194444444444 547.6769073349753
3.4676388888888887 547.2661237741737
3.46795277775 547.2661237741737
3.470525 547.2661237741737
3.4718805555555554 546.853818182998
3.4724138888888887 546.853818182998
3.473425 546.853818182998
3.4757805555555557 546.7857913466605
3.4774861111111113 546.7857913466605
3.47855 546.7857913466605
3.4807916666666667 545.9542751283733
3.4842333333333335 545.9542751283733
3.484363888861111 545.9542751283733
3.4852083333333335 545.9542751283733
3.4881361111111113 545.5374517324132
3.4896611111111113 545.5374517324132
3.4908805555555555 545.1199738649157
3.492475 545.1199738649157
3.4937638888888887 544.7018999105273
3.494188888888889 544.7018999105273
3.495302777777778 544.7018999105273
3.4965722222222224 544.7018999105273
3.4969333333055554 544.7018999105273
3.49857777775 544.7018999105273
3.4993861111111113 544.7018999105273
3.4998833333333335 544.7018999105273
3.501436111111111 544.7018999105273
3.502213888888889 544.2741348670485
3.502213888888889 544.2741348670485
3.502674999972222 544.2741348670485
3.5042305555555555 544.2741348670485
3.5045305555555557 544.2741348670485
3.5050083333333335 544.2741348670485
3.5050083333333335 544.2741348670485
3.506938888888889 544.2741348670485
3.5078555555555555 544.2741348670485
3.510083333333333 544.2741348670485
3.510211111111111 544.2741348670485
3.5107083333333335 543.8331664286164
3.5128333333333335 543.392903404421
3.5133638888888887 543.392903404421
3.515816666666667 542.9520368907079
3.519302777777778 542.5124858288331
3.5213666666666668 542.5124858288331
3.524227777777778 542.073198890599
3.5246555555555554 542.073198890599
3.525338888888889 542.073198890599
3.5304611111111113 542.073198890599
3.5322027777777776 542.073198890599
3.5332555555555554 542.073198890599
3.5337555555555555 542.073198890599
3.5364166666666668 542.073198890599
3.538838888888889 542.073198890599
3.5392166666666665 542.073198890599
3.5400027777777776 542.073198890599
3.542011111111111 541.6245254298964
3.5425805555555554 541.6245254298964
3.5453833333055558 541.6245254298964
3.547605555527778 541.6245254298964
3.5481611110833335 541.6245254298964
3.54895 541.1372389293841
3.549288888888889 541.1372389293841
3.5498583333333333 541.1372389293841
3.5504583333333333 541.1372389293841
3.5517055555555554 541.1372389293841
3.5520638888888887 541.1372389293841
3.5539194444444444 541.1372389293841
3.554611111111111 541.1372389293841
3.5549583333333334 541.1372389293841
3.556175 541.1372389293841
3.5577555555555556 541.1372389293841
3.559586111111111 541.3659302574881
3.5604916666666666 541.3659302574881
3.5619694444444443 541.3659302574881
3.562411111111111 541.3659302574881
3.564747222222222 541.533699443242
3.566072222222222 541.533699443242
3.5667444444444443 541.533699443242
3.567586111111111 541.7000831285314
3.567816666666667 541.7000831285314
3.5689416666666665 541.7000831285314
3.5703805555555554 541.7000831285314
3.5716972222222223 541.8628264589989
3.571988888888889 542.0253662808029
3.5744305555555558 542.0253662808029
3.5744555555555557 542.0253662808029
3.5773694444444444 542.3458334433606
3.5778305555555554 542.5073501893654
3.5800027777777776 542.5073501893654
3.5802638888888887 542.5073501893654
3.5804638888888887 542.5073501893654
3.5828055555555554 542.6648408350592
3.5855944444444443 542.6648408350592
3.588302777777778 542.9823473061537
3.5898583333333334 542.9823473061537
3.593238888888889 543.4619771791587
3.593958333333333 543.6237732531181
3.5960083333055555 543.7849274973019
3.596238888861111 543.7849274973019
3.5982333333333334 544.4280524531646
3.6010805555555554 545.078976162904
3.602725 545.078976162904
3.6042638888888887 545.4077192685415
3.609738888888889 546.0696505594779
3.6098194444444442 546.0696505594779
3.610777777777778 546.0696505594779
3.612677777777778 546.0696505594779
3.6136222222222223 546.0696505594779
3.615425 546.4011272869324
3.6164583333333336 546.4011272869324
3.6182666666666665 546.732311814851
3.619311111111111 546.732311814851
3.620636111111111 547.0632419577507
3.622038888888889 547.0632419577507
3.622052777777778 547.0632419577507
3.6238888888888887 547.719551690007
3.624677777777778 547.719551690007
3.624888888888889 547.719551690007
3.6249333333333333 547.719551690007
3.6267805555555555 548.2035391892076
3.6276777777777776 548.2035391892076
3.6294416666666667 548.6885752581712
3.6295194444444445 548.6885752581712
3.633288888888889 548.6837412077562
3.6402638888888887 549.6694138199503
3.6438305555555557 549.7670356770357
3.6451749999722223 549.8664628577317
3.64595 549.8664628577317
3.6463444444444444 549.8664628577317
3.648775 550.2541425949534
3.6491333333055556 550.2541425949534
3.6494805555277776 550.2541425949534
3.6522916666666667 550.6361745111901
3.6537944444444443 550.7333020569203
3.6566222222222224 550.9276204964783
3.6578194444444443 551.0260849501623
3.6607333333333334 551.4203549841634
3.6638305555555557 551.6213789412641
3.666713888888889 551.928807868501
3.666786111111111 551.928807868501
3.670247222222222 552.3398078468438
3.672361111111111 552.7625416500274
3.6726444444444444 552.7625416500274
3.6751583333333335 552.7625416500274
3.675561111111111 552.7625416500274
3.675561111111111 552.7625416500274
3.6779361111111113 552.7625416500274
3.6781111111111113 552.7625416500274
3.6811527777777777 553.0654925517376
3.6811666666666665 553.0654925517376
3.683702777777778 553.2674838662465
3.683975 553.3695685401453
3.6864944444166667 553.5714953369741
3.6867472222222224 553.5714953369741
3.686897222222222 553.5714953369741
3.6893527777777777 553.7688944209794
3.6925833333333333 554.1700315107012
3.6982777777777778 555.0008299277207
3.701113888888889 555.3301464105022
3.702647222222222 555.3301464105022
3.703038888888889 555.3301464105022
3.704011111111111 555.439525740352
3.704108333333333 555.439525740352
3.7068055555555555 555.439525740352
3.706961111111111 555.439525740352
3.7088194444444444 555.439525740352
3.7095499999722223 555.545132863156
3.7097444444444445 555.545132863156
3.711672222222222 555.545132863156
3.7124 555.6480383809412
3.712597222222222 555.6480383809412
3.7128527777777776 555.6480383809412
3.7144305555555555 555.8454865085959
3.7144833333333334 555.8454865085959
3.715177777777778 555.8454865085959
3.7172277777777776 554.9952664601632
3.7209305555555554 555.1834316132322
3.7265111111111113 555.7802182216402
3.7320444444444445 555.8354855361367
3.733852777777778 555.8511573944656
3.734838888888889 555.8668733927469
3.7361222222222223 555.881644672724
3.7370694444444443 555.881644672724
3.73825 555.8947727656822
3.7394583333333333 555.8947727656822
3.7426666666666666 555.9181687006125
3.743227777777778 555.9181687006125
3.7444972222222224 555.930100545578
3.7450527777777776 555.930100545578
3.745775 555.93989669631
3.7460833333333334 555.93989669631
3.747911111111111 555.93989669631
3.7507333333333333 555.9533543474292
3.7513972222222223 555.9693843674266
3.7541694444444444 555.9894793137414
3.7563083333055554 556.0053723426374
3.7570305555555557 556.0137694971571
3.757713888888889 556.0208695947398
3.7591944444444443 556.0208695947398
3.7597972222222222 556.0208695947398
3.7638444444444445 556.0443567727293
3.7699972222222224 556.0852805954135
3.7705444444166667 556.0976013659441
3.7750083333333335 556.1853409248275
3.778488888888889 556.229074174179
3.7798083333333334 556.2458687537287
3.7812888888888887 556.2458687537287
3.785325 556.2775580263215
3.7854555555555556 556.2775580263215
3.7861583333333333 556.2775580263215
3.7862583333333335 556.2775580263215
3.78815 556.3168771091553
3.7892111111111113 556.3168771091553
3.79095 556.3416633971589
3.7937861110833335 556.3915213818173
3.794588888888889 556.3915213818173
3.7947944444444444 556.3915213818173
3.796488888888889 556.4127058755821
3.7967166666666667 556.4127058755821
3.7977194444444446 556.4382896410177
3.800483333333333 555.3389844154026
3.8011805555555553 555.3452337552467
3.8022388888888887 555.3549578388446
3.802875 555.3549578388446
3.8050694444444444 555.362255803203
3.8056805555555555 555.362255803203
3.809127777777778 555.3650925884424
3.810502777777778 555.2507792437334
3.8118916666666665 555.0196713761752
3.813363888888889 554.9028879810968
3.8201444444444443 553.9461121706755
3.825572222222222 553.602030401485
3.8257583333333334 553.602030401485
3.826983333333333 553.4897996172299
3.828533333333333 553.376332455379
3.8287055555555556 553.2621299626574
3.830711111111111 553.1450281895746
3.8315888888888887 553.027889451837
3.8326305555555558 553.027889451837
3.8336166666666665 552.9079634621135
3.83365 552.9079634621135
3.8343444444444446 552.7838194852211
3.8354222222222223 552.7838194852211
3.8372166666666665 552.6566258920759
3.8407305555555555 552.5290236301539
3.8428055555555556 552.2778053156894
3.8443694444444443 552.1519156034426
3.8535416666666666 551.2517245784753
3.8586555555555555 551.0126589388892
3.8617138888888887 550.8976567250775
3.8625583333333333 550.8976567250775
3.866413888888889 550.3180589755583
3.8665305555555554 550.3180589755583
3.8691694444444447 550.083950201558
3.8693805555555554 550.083950201558
3.8720305555555554 549.8457640093544
3.8835944444444443 547.0142851564251
3.887775 546.5560641275675
3.8878055555555555 546.5560641275675
3.8919916666666667 546.3258322949329
3.89265 546.3258322949329
3.8946277777777776 545.8035268568015
3.89655 545.5410153742101
3.901022222222222 544.7468094878126
3.9015194444444443 544.484744493078
3.908925 542.3174677495161
3.9092555555555557 542.3174677495161
3.914936111111111 541.7782097295651
3.9211055555555556 539.8981052847136
3.9238833333333334 538.8251884202056
3.9250861111111113 538.5553238946004
3.925238888888889 538.5553238946004
3.9308 536.8798380616163
3.931897222222222 536.8798380616163
3.9350194444444444 536.321743869748
3.938888888888889 535.4809784866419
3.943875 533.7798806626699
3.9505694444444446 533.2123564415162
3.951286111111111 532.3786302479461
3.9571083333333332 530.6513669955966
3.9611111111111112 529.4970440872529
3.9666722222222224 526.6298691320818
3.9708888888888887 525.7459662743422
3.9738166666666666 524.8603389955667
3.9786972222222223 523.3919880045617
3.978877777777778 523.3919880045617
3.986066666666667 521.4074294040852
3.990152777777778 520.4229154146161
3.993602777777778 519.4374336946564
4.001763888888889 514.8701325489114
4.010372222222222 509.05844217286545
4.011030555555555 508.52451295120164
4.0144166666666665 507.43977361637343
4.015863888888889 506.8959808511608
4.023883333333333 505.795254833754
4.041575 499.6166235787612
4.048652777777778 494.80068469667367
4.131986111111111 443.2259174830825
4.215319444444445 391.9526844018847
4.298652777777778 335.1431633030895
4.381986111111111 268.03723728878003
4.465319444444445 181.26845362874096
4.548652777777778 51.443048952694866
4.631986111111111 21.455182894894566
4.715319444444445 11.269077744232048
4.798652777777778 4.840643471493897
4.881986111111111 1.4184728136859217
4.965319444444445 0.08333333333333333
5.048652777777778 1.0852536293385804
5.131986111111111 7.0796073330638185
5.215319444444445 18.784400137696455
5.298652777777778 35.795504608670576
5.381986111111111 57.749866497439
5.465319444444445 84.40881165749892
5.548652777777778 248.65289809880795
5.631986111111111 402.075781248939
5.715319444444445 452.1158003565029
5.798652777777778 486.5379240823638
5.881986111111111 513.4230038546657
5.965319444444445 534.2980095350674
6.024375 545.4138094581094
6.025322222222222 545.4138094581094
6.025349999972223 545.4138094581094
6.02755 545.6427106969356
6.029833333333333 546.099386801444
6.030047222194445 546.099386801444
6.035666666666667 547.0169525611013
6.0359388888888885 547.0169525611013
6.038216666666667 547.6899977741094
6.038508333333334 547.6899977741094
6.041313888888889 548.1329136797797
6.044188888888889 548.795566924055
6.046883333333334 549.6713577481859
6.050622222222223 551.8586795485307
6.052622222222222 552.7071190584943
6.0555666666666665 553.5483507103816
6.05625 553.5483507103816
6.0583277777777775 553.7555474268487
6.059063888888889 553.7555474268487
6.06122777775 553.7555474268487
6.061936111111111 553.7555474268487
6.0621833333333335 553.9578120012441
6.0621833333333335 553.9578120012441
6.064019444444445 554.3552094892153
6.064830555555556 554.3552094892153
6.065016666666667 554.5489984495235
6.066847222222222 554.7422926544112
6.067919444416667 554.7422926544112
6.069663888888889 554.9341424064368
6.070383333333333 555.1237006381247
6.070616666666667 555.1237006381247
6.0725 555.3106922668666
6.073291666666667 555.49553628015
6.075283333333333 555.49553628015
6.0761111111111115 555.6734151650767
6.076405555555556 555.6734151650767
6.078161111111111 555.7302705513064
6.078736111111111 555.7853107373229
6.081763888888889 555.8418554386286
6.081986111111111 555.8961136883544
6.083811111111111 555.9502558826896
6.084416666666667 556.0547908648617
6.087494444444444 556.1085111763052
6.087655555555555 556.1085111763052
6.089422222194444 556.2621034145621
6.092311111111111 556.3664360427562
6.093280555555555 556.3664360427562
6.095202777777778 556.5693283489295
6.0961388888888886 556.5693283489295
6.096277777777778 556.5693283489295
6.096755555555555 556.6146801849334
6.098027777777777 556.6146801849334
6.099108333333334 556.6146801849334
6.099602777777778 556.6567230416379
6.100805555555556 556.6567230416379
6.101761111111111 556.6567230416379
6.101933333333333 556.6567230416379
6.102316666666667 556.6567230416379
6.106361111111111 556.6960249500776
6.108061111111111 556.7739987248402
6.110766666638889 556.8139984518843
6.110880555527777 556.8139984518843
6.112033333333334 556.8509058972772
6.113638888888889 556.8874698384506
6.113663888888889 556.8874698384506
6.1136888888888885 556.8874698384506
6.114877777777778 556.9186313650184
6.1164555555555555 556.9494301179086
6.119177777777778 557.0131583749574
6.120819444444445 557.0446738620934
6.121244444444445 557.0743264823296
6.121966666666666 557.0743264823296
6.1241666666666665 557.1030925569488
6.124736111111111 557.130195958041
6.126475 557.130195958041
6.127688888888889 557.156457424205
6.1293194444444445 557.156457424205
6.1293194444444445 557.156457424205
6.131836111111111 557.1811455244257
6.132175 558.2116827954314
6.132227777777778 558.2116827954314
6.1350388888888885 558.2510285698474
6.135075 558.2510285698474
6.137508333333333 558.2692037670653
6.137761111111111 558.2853432224609
6.14055 558.3373000746574
6.140691666666667 558.3523814298195
6.1414888888888886 558.3523814298195
6.141672222222223 558.3523814298195
6.1434194444444445 558.36408292086
6.1434194444444445 558.36408292086
6.144572222222222 558.381213767193
6.144994444444444 558.381213767193
6.146144444444444 558.381213767193
6.146813888888889 558.3857788513078
6.148994444444445 558.3857788513078
6.149005555527777 558.3857788513078
6.149719444444444 558.3886352578024
6.151075 558.3886352578024
6.151805555555556 558.3886352578024
6.152547222194444 558.3886352578024
6.155427777777778 558.3877945349519
6.156680555555556 558.3877945349519
6.15735 558.3877945349519
6.159575 558.1904080825457
6.160322222222222 558.1904080825457
6.162602777777778 558.0913830061918
6.163083333333334 558.0913830061918
6.164536111111111 558.0913830061918
6.165983333333333 557.9901069432864
6.1662888888888885 557.9901069432864
6.167269444416666 557.9901069432864
6.167663888888889 557.9901069432864
6.168158333333333 557.7767544428227
6.1709749999722225 557.7767544428227
6.1729722222222225 557.6716471575638
6.172983333333334 557.6716471575638
6.175777777777777 557.4603075149016
6.176061111111111 557.4603075149016
6.178933333333333 557.1440029199605
6.178933333333333 557.1440029199605
6.181652777777778 556.8276442449924
6.184530555555556 556.7239821395364
6.185875 556.7239821395364
6.187322222222222 556.5154647126008
6.189055555555556 556.4115737286239
6.189105555555556 556.4115737286239
6.1898333333333335 556.3047708326718
6.191558333333333 556.3047708326718
6.191941666666667 556.3047708326718
6.194622222222222 555.9832428613661
6.19465 555.9832428613661
6.194791666666666 555.9832428613661
6.195480555555555 555.7604218255137
6.198272222222222 555.6504870300405
6.199222222222223 555.6504870300405
6.200144444444445 555.5387911451321
6.200266666666667 555.5387911451321
6.201161111111111 555.5387911451321
6.202969444444444 555.5387911451321
6.203944444444445 555.4231853546534
6.204344444444445 555.4231853546534
6.204772222222222 555.4231853546534
6.205730555555555 555.3036661049855
6.206819444444444 555.3036661049855
6.2075861111111115 555.3036661049855
6.208569444444445 555.1813127307065
6.209822222222222 555.0586471337234
6.2105 554.9350845605112
6.211533333333334 554.810988662191
6.212816666666667 554.810988662191
6.214252777777777 554.5615045133214
6.216163888888889 555.3443823305453
6.217344444444445 555.0913185144113
6.218352777777778 555.0913185144113
6.218502777777778 555.0913185144113
6.2189194444444444 555.0913185144113
6.221080555555556 554.9610332983118
6.221369444444444 554.9610332983118
6.2217416666666665 554.9610332983118
6.223011111111111 554.9610332983118
6.2255416666666665 554.9610332983118
6.227044444444444 554.8269053608902
6.228663888888889 554.5593104414992
6.232291666666667 553.907082734711
6.233202777777778 553.907082734711
6.233563888888889 553.907082734711
6.233761111111111 553.907082734711
6.235188888888889 553.6389755294668
6.236613888888889 553.6389755294668
6.237980555555556 553.6389755294668
6.239402777777777 553.5036925867288
6.240769444444444 553.2922051996078
6.241963888888889 553.0806220298962
6.243586111111111 552.8692980034488
6.244758333333333 552.6578552086984
6.245052777777778 552.6578552086984
6.247622222222223 552.234555275647
6.2478 552.0223543775279
6.2482138888888885 551.8094047079218
6.249491666638889 551.8094047079218
6.250725 551.5955520732539
6.251805555555555 551.1682441008519
6.253505555555556 550.9552923328603
6.253863888888889 550.9552923328603
6.2564 550.9552923328603
6.257961111111111 550.9552923328603
6.259119444444444 550.9552923328603
6.259422222194445 550.9552923328603
6.263041666666667 550.5247895233605
6.26445 550.5247895233605
6.265033333333333 550.5247895233605
6.267736111111111 550.3089053681364
6.267911111111111 550.0920661105504
6.269152777777777 549.6590217441121
6.2691638888888885 549.6590217441121
6.2700555555555555 549.4406502818629
6.2707 549.4406502818629
6.272275 549.4406502818629
6.272913888888889 549.4406502818629
6.273541666666667 549.2183517910855
6.274858333333333 548.7745324195075
6.2764194444444446 548.5532030621428
6.277538888888889 548.3316920533084
6.277658333333333 548.3316920533084
6.279133333333333 548.3316920533084
6.280266666666667 547.8841536039323
6.283194444444445 547.2202377006264
6.2847583333333334 547.2202377006264
6.2876 546.7810998870551
6.288297222222222 546.7810998870551
6.291758333333333 546.1269304758795
6.2920388888888885 546.1269304758795
6.292286111111111 546.1269304758795
6.2939638888888885 546.1269304758795
6.294825 546.1269304758795
6.2952055555555555 546.1269304758795
6.29695 546.1269304758795
6.297411111111111 546.1269304758795
6.297713888888889 545.900098728529
6.298 545.900098728529
6.2996888888888884 546.2482822405092
6.300861111111111 546.2482822405092
6.302519444444444 546.2482822405092
6.302677777777777 546.2482822405092
6.303061111111111 546.2482822405092
6.305555555555555 546.2482822405092
6.306441666666666 546.2482822405092
6.308372222222222 545.7785315265343
6.309819444444445 545.5441379300812
6.311116666666667 545.3096893119779
6.311680555555555 545.3096893119779
6.311972222222222 545.3096893119779
6.313175 545.0719779436275
6.316033333333333 544.8354309233515
6.317275 544.5987809762811
6.318847222222222 544.5987809762811
6.321625 544.1271376538456
6.322886111111111 544.1271376538456
6.323777777777778 543.83094678655
6.325052777777778 543.83094678655
6.325708333333333 543.83094678655
6.327849999972222 543.83094678655
6.328536111111111 543.83094678655
6.329713888888889 543.83094678655
6.330638888888889 543.83094678655
6.331094444444444 543.83094678655
6.331311111111111 543.83094678655
6.332566666666667 543.2215988876713
6.333491666666666 543.2215988876713
6.336244444444445 542.917377983586
6.34055 542.3141531197783
6.341663888888889 542.3141531197783
6.342058333333333 542.0115601277017
6.342230555555555 542.0115601277017
6.343419444444445 542.0115601277017
6.344880555555555 542.0115601277017
6.34725 541.7063091585471
6.347725 541.7063091585471
6.3504861111111115 541.4006591408797
6.352922222222222 540.7921051556357
6.355791666666667 540.4894700346757
6.356130555555556 540.4894700346757
6.3573 540.1853004829435
6.3582527777777775 540.1853004829435
6.3601833333333335 540.1853004829435
6.363 540.1853004829435
6.363044444444444 540.1853004829435
6.363741666666667 540.1853004829435
6.365802777777778 539.569682781742
6.366416666666667 539.569682781742
6.366591666666666 539.569682781742
6.368566666666666 539.2598680847949
6.369238888861111 539.2598680847949
6.3699361111111115 539.2598680847949
6.3701083333333335 539.2598680847949
6.371333333333333 539.2598680847949
6.37425 539.2598680847949
6.374672222222222 539.2598680847949
6.374844444444444 539.2598680847949
6.3774444444444445 539.2598680847949
6.3777888888888885 539.2598680847949
6.378291666666667 538.6199708182394
6.379263888888889 538.3004639154085
6.380561111111111 538.3004639154085
6.383394444444445 538.4084057701111
6.384922222222222 538.4084057701111
6.387808333333333 538.4084057701111
6.388888888888889 538.4084057701111
6.389519444444445 538.4084057701111
6.390133333333333 538.4084057701111
6.3941333333333334 538.084704465298
6.394444444444445 538.084704465298
6.395741666638889 537.7594710551414
6.395913888888889 537.7594710551414
6.396941666666667 537.7594710551414
6.400152777777778 537.7594710551414
6.400461111111111 537.4310049463106
6.403308333333333 537.1035983249919
6.403780555555556 537.1035983249919
6.406641666666666 537.1035983249919
6.406744444444445 537.1035983249919
6.409955555555555 536.7262933590813
6.412486111111111 536.3498985409148
6.412725 536.3498985409148
6.4135027777777776 536.3498985409148
6.41500277775 535.5934172476523
6.415561111111111 535.5934172476523
6.418175 535.2153514409699
6.418372222222223 535.2153514409699
6.418616666666667 535.2153514409699
6.421130555555555 534.8350171437938
6.424066666666667 534.8350171437938
6.424213888861111 534.8350171437938
6.424472222222223 534.8350171437938
6.426169444444445 534.4517846320282
6.426441666666666 534.4517846320282
6.426886111111111 534.4517846320282
6.427272222222222 534.4517846320282
6.428997222222222 534.0644934443053
6.429322222222222 534.0644934443053
6.4297555555555554 534.0644934443053
6.431805555555556 534.0644934443053
6.432430555555555 534.0644934443053
6.434919444444445 534.0644934443053
6.435244444444445 534.0644934443053
6.43750277775 534.0644934443053
6.438416666666667 533.6696460786367
6.439147222222222 533.6696460786367
6.440525 533.2737469093055
6.443566666666666 533.2737469093055
6.4447777777777775 533.2737469093055
6.445855555555555 532.8766932313545
6.446205555555555 532.8766932313545
6.446791666666667 532.8766932313545
6.447605555555556 532.8766932313545
6.448636111111111 532.8766932313545
6.449669444444444 532.8766932313545
6.454338888888889 532.8766932313545
6.455255555527778 532.8766932313545
6.457983333333333 532.4732136019919
6.458077777777778 532.4732136019919
6.459944444444444 532.0685660069574
6.4608 532.0685660069574
6.4608 532.0685660069574
6.466427777777778 531.967685813492
6.469238888861111 531.5621880874144
6.470980555555555 531.1571369455079
6.47205 531.1571369455079
6.472469444444444 531.1571369455079
6.473991666666667 531.1571369455079
6.476769444444445 530.7492670817538
6.477188888888889 530.7492670817538
6.4773 530.7492670817538
6.477625 530.7492670817538
6.479177777777778 530.7492670817538
6.48045 530.7492670817538
6.482025 530.3347401351865
6.482980555555556 530.3347401351865
6.483333333333333 530.3347401351865
6.485569444444445 530.3347401351865
6.4885 530.3347401351865
6.493058333305555 529.8805794762386
6.494311111111111 529.8805794762386
6.495241666666667 529.8805794762386
6.498375 529.8805794762386
6.503972222222222 529.8805794762386
6.506013888888889 529.8805794762386
6.506766666666667 529.8805794762386
6.506913888888889 529.8805794762386
6.507944444444444 529.8805794762386
6.509536111111111 529.8805794762386
6.5123138888888885 529.8805794762386
6.5131805555555555 529.8805794762386
6.514422222194445 529.8805794762386
6.515072222194444 529.8805794762386
6.515130555555555 529.8805794762386
6.517766666666667 529.8805794762386
6.520072222194444 529.8805794762386
6.520569444444445 529.8805794762386
6.52425 529.8805794762386
6.525672222194444 530.5659101102566
6.528536111111111 530.7951069187313
6.528883333333333 530.7951069187313
6.532522222222222 531.2532635393409
6.533911111111111 531.2532635393409
6.534397222222222 531.2532635393409
6.534822222222222 531.2532635393409
6.537222222222222 531.7088395684717
6.537330555555555 531.7088395684717
6.537625 531.7088395684717
6.5401694444444445 532.1610747193524
6.540216666666667 532.1610747193524
6.542355555555556 532.3866851447395
6.542972222222223 532.3866851447395
6.5430777777777775 532.3866851447395
6.545169444444444 532.609924093518
6.545830555555556 532.609924093518
6.545880555527778 532.609924093518
6.546713888861111 532.609924093518
6.548033333305556 532.8296455300193
6.548658333305555 532.8296455300193
6.549491666638889 532.8296455300193
6.549511111111111 532.8296455300193
6.550786111111111 532.9840940571253
6.5514222222222225 532.9840940571253
6.55155 532.9840940571253
6.552341666666667 532.9840940571253
6.553683333305556 533.1340558623746
6.554294444444444 533.1340558623746
6.554327777777778 533.1340558623746
6.554588888888889 533.1340558623746
6.556558333333333 533.4245637223858
6.5621527777777775 534.0105873606358
6.562666666666667 534.3120418038646
6.563472222222222 534.3120418038646
6.564894444444445 534.6103882795871
6.566297222194445 534.7596576735297
6.569180555555556 535.0583626563622
6.569822222222222 535.2090121677842
6.5719722222222225 535.5092512430444
6.57265 535.6600779095171
6.575533333305556 535.3669181360186
6.5757055555555555 535.3669181360186
6.576105555555555 535.3669181360186
6.57745 535.6617693882293
6.578580555555556 535.809237844181
6.579005555527778 535.9563185483744
6.5818055555555555 536.1024264800034
6.583377777777778 536.2495303761503
6.583941666666667 536.3966159731406
6.584255555555556 536.3966159731406
6.585477777777778 536.5412724429906
6.588130555555556 536.8304685494418
6.588552777777778 536.8304685494418
6.588961111083333 536.8304685494418
6.589822222222222 536.9732245777167
6.591080555555555 536.9732245777167
6.593711111111111 537.256443073367
6.5938944444444445 537.256443073367
6.594047222222223 537.256443073367
6.594997222222222 537.256443073367
6.596522222222222 537.6728228176537
6.59945 538.0919922247214
6.6061138888611115 538.803863936079
6.607075 538.9515845546487
6.607802777777778 538.9515845546487
6.609625 539.0975660261863
6.611011111111111 539.390503185439
6.613611111111111 539.5370929462919
6.613883333333333 539.9811452850051
6.615272222222222 540.128615614385
6.616516666666667 540.2759517379903
6.618088888888889 540.2759517379903
6.620611111111111 540.4225163156991
6.620988888888889 540.569919516432
6.623938888888889 540.8632753275989
6.624669444444445 541.011437731259
6.6265527777777775 541.3069319994923
6.629647222222222 541.7535704758986
6.632527777777778 542.0499655839907
6.634986111111111 542.0499655839907
6.6367416666666665 542.1994723241935
6.637727777777778 542.2744070218287
6.638022222222222 542.3485911280602
6.638036111111111 542.3485911280602
6.639880555555555 542.3485911280602
6.640575 542.4191291338549
6.642719444444444 542.6283458506684
6.643680555555555 542.7695062482762
6.643691666666666 542.7695062482762
6.646472222222222 542.9739095030527
6.649177777777778 543.1832442333869
6.6492555555555555 543.1832442333869
6.6547583333333336 543.4612472022511
6.65485 543.4612472022511
6.658913888888889 542.8827982301939
6.659388888888889 542.8827982301939
6.660491666666666 543.0264686147514
6.664761111111111 543.2413333656326
6.667791666666667 543.541580759535
6.668086111111111 543.541580759535
6.671397222222223 543.6921666326554
6.673663888888889 543.8467977251446
6.674322222222222 543.8467977251446
6.676455555555555 544.0004796680042
6.677136111111111 544.0004796680042
6.678352777777778 544.0004796680042
6.679005555527778 544.1513633899832
6.679308333305555 544.1513633899832
6.680005555555556 544.1513633899832
6.682155555527777 544.2227173809581
6.686244444444444 544.3666945692434
6.686613888888889 544.3666945692434
6.687636111111111 544.4396885682002
6.689558333333333 544.5845503969421
6.691988888888889 544.8039473407399
6.692436111111111 544.8039473407399
6.694472222222222 544.8039473407399
6.694805555555556 545.0229081126362
6.69525 545.0229081126362
6.697272222222222 545.0930997748488
6.7001166666388885 545.2345063999081
6.703686111111111 545.5247755273684
6.705422222222222 545.7509994519543
6.7081333333333335 545.9793764698744
6.709280555555556 546.0569766518793
6.710425 546.1340144640525
6.71125 546.2104852953674
6.7133666666666665 546.3619106160496
6.714083333333333 546.3619106160496
6.716269444444444 546.411443315577
6.716675 546.411443315577
6.720866666666667 546.3031589586947
6.726447222222222 546.1811802063005
6.727083333333334 546.1614928862592
6.727961111111111 546.1614928862592
6.728947222222223 546.1389513299431
6.72937777775 546.1389513299431
6.729883333333333 546.1389513299431
6.731805555555556 546.1389513299431
6.7321583333333335 546.1389513299431
6.734647222222222 546.0222302519584
6.734936111111111 546.0222302519584
6.738336111083333 545.9300855429407
6.7405888888888885 544.8701988425034
6.741216666666666 544.8396027096954
6.742788888888889 544.80730929222
6.744033333333333 544.7745789291682
6.745830555555556 544.7072056151405
6.746663888888889 544.7072056151405
6.747705555555555 544.6720165472613
6.748008333333333 544.6356620774411
6.750580555555556 544.5584306982851
6.751155555555555 544.5206231036667
6.751413888888889 544.5206231036667
6.753494444444445 544.4789260701015
6.76185277775 544.22715116254
6.7622583333333335 544.22715116254
6.765113888888889 544.1200967674789
6.767869444444444 544.0855355256101
6.7685361111111115 544.0521298636306
6.7687083333333335 544.0521298636306
6.769930555555556 543.9773221259919
6.773108333333333 543.8224219387378
6.774225 543.7851586971474
6.7744333333333335 543.7851586971474
6.775855555555555 543.7445990318736
6.77705 543.7033406157936
6.779138888888889 543.5758885520974
6.779847222222222 543.5758885520974
6.781991666638889 543.5319165036675
6.7827 543.5319165036675
6.782855555555556 543.5319165036675
6.785572222222222 543.4367803091013
6.786938888888889 543.4367803091013
6.788422222222223 543.3421959247818
6.790030555555555 543.3421959247818
6.791313888888889 543.3421959247818
6.7976833333333335 542.9433934483028
6.798652777777778 542.8542794115842
6.806816666666666 541.6068050710714
6.807858333333333 541.6068050710714
6.809647222222222 541.4350519359435
6.810286111111111 541.2626540283355
6.812205555555556 540.7348984584204
6.815555555555555 540.5576113403122
6.816330555555555 540.3823127983376
6.81935 540.0259510911499
6.820036111111111 540.0259510911499
6.823761111111111 538.353425466627
6.831477777777778 536.6961448715086
6.8322416666666665 536.6961448715086
6.834327777777777 536.3348394736903
6.837827777777778 536.1534459684256
6.840252777777778 536.1534459684256
6.841911111111111 535.796677578747
6.84635 535.0712114772261
6.848963888888889 534.7120628407148
6.850911111111111 534.5326209754193
6.851022222222222 534.5326209754193
6.855555555555555 534.3499461475486
6.856547222222222 533.9914701870056
6.865394444416666 532.8841162028932
6.865408333333333 532.8841162028932
6.867608333333333 532.3451825920661
6.87795 530.488373621905
6.878288888888889 530.488373621905
6.878472222222222 530.3096500874444
6.881666666666667 529.9435818420171
6.891744444444444 527.8469470412833
6.894575 527.1673840451564
6.900316666666667 525.7936126017441
6.902875 525.4536976470642
6.908 522.482650270257
6.911919444444444 522.1375830670978
6.913591666666667 521.1040809393544
6.914219444444444 521.1040809393544
6.916302777777778 520.4002144073315
6.918847222222222 519.3304346726004
6.9255305555555555 517.8794531182816
6.928391666666666 516.4343083341105
6.937555555555556 513.4474048303414
6.940097222222223 512.7084961361086
6.945186111083333 511.58695862703416
6.956533333333334 508.54108857355493
6.959677777777777 507.79594009495815
6.961430555555555 506.667940303456
6.9669694444444445 506.1452454810518
6.969655555527778 505.62884747931895
6.974144444416667 503.5362300205343
6.981688888888889 500.32294747723336
6.98935 495.67644178345506
7.072683333333333 450.4274243636925
7.156016666666667 401.90393646262316
7.23935 349.48556877942474
7.322683333333333 277.13552379763274
7.406016666666667 202.22859304499858
7.48935 56.31319576195056
7.572683333333333 36.93363759271401
7.656016666666667 24.049281906138507
7.73935 13.744846374909203
7.822683333333333 6.308415266781942
7.906016666666667 2.2264175800522885
7.98935 0.125
8 0
