# SectorTime BundleTurnoverTimeAvg
0.2539416666666667 974.6141566265057
0.25674722222222224 980.0510179640717
0.259525 985.4829166666664
0.2623138888888889 990.9418343195264
0.26510555555555554 996.3955882352938
0.26789444444444444 1001.8443274853798
0.27210555555555554 1007.2880813953486
0.27489444444444444 1012.726994219653
0.27768333333333334 1018.1610919540228
0.280475 1023.6159428571427
0.2832527777777778 1029.0663636363636
0.28604444444444443 1034.5119209039547
0.2900611111111111 1039.9525280898877
0.2929388888888889 1045.38843575419
0.29572777775 1050.8197777777777
0.29851944444444445 1056.2715469613258
0.3013 1061.7194505494506
0.3040888888888889 1067.1626775956283
0.30830555555555555 1072.601304347826
0.31109166666666666 1078.0354054054053
0.31388055555555555 1080.6124731182795
0.31666666666666665 1083.2165240641712
0.31945555555555555 1085.8462765957445
0.32224722222222224 1088.501164021164
0.3263083333333333 1091.180736842105
0.32911944444444446 1093.8848167539265
0.3319083333055556 1096.6364583333332
0.3347 1099.4121243523316
0.3374888888888889 1102.2109278350515
0.3402777777777778 1105.032564102564
0.3443583333333333 1107.876632653061
0.3472 1110.7428426395938
0.3499888888888889 1113.6597979797978
0.3527777777777778 1116.5989949748741
0.35556944444444444 1119.5588999999998
0.35835833333333333 1122.539253731343
0.36280555555555555 1125.5398019801976
0.36559722222222224 1128.5602955665022
0.36838611111111114 1131.6258823529408
0.371175 1134.7105365853656
0.3739638888888889 1137.8140291262134
0.37675555555555557 1140.9358454106277
0.38109166666666666 1144.0759134615382
0.38386944444444443 1147.233875598086
0.3866583333333333 1150.437
0.38945 1153.6573933649288
0.3922388888888889 1156.8946226415094
0.39503055552777777 1160.1486384976524
0.39919166666666667 1163.4191588785045
0.40198333333333336 1166.706
0.4047722222222222 1170.0310648148147
0.40755555555555556 1173.372073732719
0.4103361111111111 1176.7285321100917
0.41312777777777776 1180.1000913242008
0.41738055555555553 1183.4866818181818
0.4201944444444444 1186.8879185520361
0.4229861111111111 1190.3264414414414
0.425775 1193.7804484304932
0.4285555555555556 1197.2484375
0.43133333333333335 1200.7302666666665
0.43549444444444446 1204.2257079646015
0.4383472222222222 1207.734581497797
0.4411361111111111 1211.2772368421051
0.44392777777777775 1214.834061135371
0.44671666666666665 1218.4036521739129
0.44950277777777775 1221.9858008658007
0.45372222222222225 1225.5803879310342
0.4565444444444444 1229.187210300429
0.45933611108333333 1235.1121794871792
0.462125 1241.0306382978722
0.4649111111111111 1246.9414830508472
0.4677027777777778 1252.8448523206748
0.47181666666666666 1258.7407983193275
0.47460555555555556 1262.4092887029287
0.47739166666666666 1266.09
0.48018055555555555 1269.781825726141
0.48297222222222225 1273.4846280991735
0.4857611111111111 1277.1983127572014
0.4898194444444444 1280.9227049180327
0.4926361111111111 1284.6764489795917
0.495425 1288.4403658536585
0.4982083333333333 1292.2143319838056
0.5009972222222222 1295.9983467741934
0.5037888888888888 1299.7922891566263
0.5079361111111111 1303.59604
0.5107416666666666 1307.4329083665339
0.5135305555555556 1311.2793650793649
0.5163222222222222 1315.1351383399208
0.5191111111111111 1319.0000787401573
0.5219027777777778 1322.8739999999998
0.5260944444444444 1326.7569140624998
0.5289277777777778 1330.6686381322957
0.5317083333333333 1334.5897674418604
0.5344972222222222 1338.5194208494208
0.5372861111111111 1342.4574615384613
0.5400777777777778 1346.403639846743
0.5443 1350.3580534351142
0.5471388888888888 1354.3400380228134
0.5499277777777778 1358.329886363636
0.5527194444444444 1362.3275471698112
0.5555 1366.3328947368418
0.5582833333333334 1370.3458801498125
0.5623972222222222 1374.3663805970148
0.5651861111111111 1378.4129368029737
0.567975 1382.4679999999998
0.5707638888888888 1386.530184501845
0.5735555555555556 1390.5993749999998
0.5763444444444444 1394.6755677655678
0.5804222222222222 1398.7586496350366
0.5832694444444444 1402.866109090909
0.5860583333333333 1406.9806521739129
0.58885 1411.1017689530686
0.5916388888888889 1415.2293525179857
0.5944305555555556 1419.3633691756272
0.5985194444444445 1423.5035714285714
0.601325 1427.6260854092527
0.6041111111111112 1431.7558510638296
0.6069027777777778 1435.9311307420494
0.6096916666666666 1440.112394366197
0.6124805555555556 1444.2995438596488
0.6166666666666667 1448.4536713286711
0.6195277777777778 1452.4031707317072
0.6223166666666666 1456.3604513888886
0.6251055555555556 1460.5507266435984
0.6278944444444444 1464.7467586206894
0.6306861110833333 1468.9484536082473
0.634875 1472.9324657534246
0.6376666666666667 1476.715460750853
0.6404555555555556 1480.5075170068026
0.6432361111111111 1484.5301355932202
0.6460277777777778 1488.559527027027
0.6488166666388889 1492.595589225589
0.6530055555555555 1496.418255033557
0.6557972222222223 1502.5292642140466
0.6585861111111111 1508.6329999999998
0.6613777777777777 1514.7295681063122
0.6641666666666667 1520.8190066225166
0.6669583333333333 1526.901419141914
0.6711916666666666 1530.548322368421
0.6740416666666667 1534.2048852459013
0.6768305555555556 1538.0838235294113
0.6796222222222222 1541.9701954397392
0.6824111111111111 1545.8639610389607
0.6851944444444444 1549.5535275080904
0.6892916666666666 1553.0550322580643
0.6921388888888889 1556.566430868167
0.6949305555555556 1560.2974999999997
0.6977194444444444 1564.0368370607025
0.7005111111111111 1567.784299363057
0.7033 1571.3318730158728
0.7075138888888889 1574.6972468354427
0.7103055555555555 1578.0730599369083
0.7130944444444445 1581.6636792452828
0.7158861111111111 1585.26329153605
0.7186694444444445 1588.8717812499997
0.7214583333333333 1592.2865420560745
0.7256444444444444 1595.5240683229813
0.728425 1598.7729102167182
0.7312138888888889 1602.2330555555554
0.7339944444444444 1605.7028
0.7367833333333333 1609.182055214724
0.7395666666666667 1612.4722629969417
0.7438333333333333 1615.6186585365851
0.7466861111111112 1618.7768085106381
0.749475 1622.113333333333
0.7522555555555556 1625.4600604229604
0.7550444444444444 1633.5003021148032
0.7578361111111112 1641.3738066465253
0.7621194444444445 1649.1103323262837
0.7649111111111111 1656.847039274924
0.7676999999722223 1664.7354682779455
0.7704888888888889 1672.6238972809665
0.7732805555555555 1680.3451661631416
0.7760694444444445 1688.066435045317
0.7800972222222222 1695.6346827794562
0.7829111111111111 1703.202930513595
0.7857 1710.938670694864
0.7884805555555555 1718.5070694864048
0.7912694444444445 1726.0621148036253
0.7940611111111111 1733.6161933534743
0.7981055555555555 1741.0169486404834
0.8009388888888889 1748.4176737160121
0.8037277777777778 1755.8185196374625
0.8065166666666667 1763.2192447129912
0.8093083333333333 1770.6044410876138
0.8133972222222222 1777.8237764350458
0.8162277777777778 1784.8934138972816
0.8190194444166666 1791.963504531723
0.8217972221944444 1799.19996978852
0.8245777777777777 1806.4364048338375
0.8273666666666667 1813.6589425981879
0.8314055555555555 1820.8812386706957
0.8342194444444444 1827.7829909365566
0.8370111110833334 1834.6857099697895
0.8398 1841.7544410876142
0.8425916666666666 1848.8232024169195
0.8453805555555556 1855.8779456193363
0.8497666666666667 1862.766102719034
0.8526166666666667 1869.5177945619346
0.8554 1876.2702114803637
0.8581861110833333 1883.1743504531735
0.860975 1890.0784592145028
0.8637638888888889 1896.8128398791553
0.868 1903.5471903323273
0.8707888888888888 1910.1287311178257
0.8735777777777778 1916.7102719033242
0.8763583333333334 1923.4594864048347
0.8791472222222222 1930.0409667673725
0.8819277777777778 1936.6056193353484
0.8863166666388889 1943.1704229607262
0.8891083333333333 1949.5835649546839
0.8918916666666666 1955.9975226586112
0.8946805555555556 1962.4114803625387
0.8974722222222222 1968.8254380664662
0.9002611111111111 1975.2244712990946
0.9043833333333333 1981.4565558912393
0.9071916666666666 1987.5345619335355
0.9099805555555556 1993.6125981873115
0.9127666666666666 1999.858731117825
0.9155555555555556 2006.1048640483389
0.9183388888888889 2012.3350755287017
0.9225277777777777 2018.565015105741
0.9253972222222222 2024.4742598187318
0.9281861110833334 2030.3838972809676
0.9309777777777778 2036.4601510574023
0.9337666666666666 2042.5364954682784
0.9365555555555556 2048.5979456193363
0.9406444444444444 2054.4921148036265
0.9435138888888889 2060.2052567975843
0.9463027777777778 2065.918429003022
0.9490944444166667 2071.8290634441096
0.9518833333333333 2077.7397885196383
0.954675 2083.43740181269
0.958675 2089.1346223564965
0.9615388888888889 2094.6488519637473
0.9643305555555556 2100.16320241692
0.9671194444444444 2105.8747432024184
0.9699111111111111 2111.586314199397
0.9739888888888889 2118.8224096385557
0.9768444444444444 2122.5862537764365
0.9796333333333334 2127.9014501510587
0.9824222222222222 2133.216978851965
0.9852111111111111 2138.731057401814
0.9880027777777778 2144.2451057401827
0.9920694444444444 2151.182771084339
0.99485 2154.848308157101
0.9976277777777778 2159.9650755287025
1.0004194444444445 2165.082205438068
1.0032083333333333 2170.3974924471313
1.0059972222222222 2175.7127794561948
1.0104194444444445 2182.354548192772
1.0132222222222222 2185.9173111782493
1.0160111111111112 2190.838126888219
1.0188027777777777 2195.7589425981887
1.021586111111111 2200.8755287009076
1.024375 2205.9921148036265
1.0285916666666666 2212.347108433736
1.0314388888888888 2215.8026888217532
1.0342305555555555 2220.526495468279
1.0370194444444445 2225.2502719033246
1.0397972222222223 2230.170151057403
1.0425861111111112 2235.0900302114815
1.0468 2241.161355421688
1.049588888888889 2244.505921450152
1.0523777777777779 2249.0310574018135
1.0551694444444444 2253.5566163142003
1.0579583333333333 2258.2789123867083
1.06075 2263.0012990936566
1.0649305555555555 2268.7922289156636
1.0678166666666666 2272.0239879154087
1.0706055555555556 2276.356344410877
1.0733916666666667 2280.68909365559
1.0761833333333333 2285.2174924471306
1.0789722222222222 2289.7458912386714
1.0831 2295.2675903614468
1.0859277777777778 2298.382688821753
1.0887166666666668 2302.515921450152
1.0915083333333333 2306.649758308158
1.0942972222222223 2310.9836555891243
1.0970777777777778 2315.317552870091
1.1010861111111112 2320.5616265060244
1.1039416666666666 2323.5567673716014
1.1067277777777778 2327.4926888217524
1.1095194444444445 2331.428972809668
1.1123083333333332 2335.5628700906345
1.1150972222222222 2339.696797583082
1.1192083333333334 2344.668253012049
1.1220222222222223 2347.5382175226596
1.1248138888888888 2351.274531722055
1.1276027777777777 2355.0115709969796
1.1303944444444445 2358.947885196375
1.1331833333333334 2362.8840785498496
1.13725 2367.5856024096393
1.140088888888889 2370.3275226586106
1.1428805555555555 2373.866978851964
1.1456694444444444 2377.4074320241693
1.1484611111111112 2381.1445619335345
1.15125 2384.88166163142
1.1553333333333333 2389.3217168674696
1.158125 2391.932114803625
1.1609138888888888 2395.273293051359
1.1637055555555555 2398.6145015105735
1.1664944444444445 2402.1536858006043
1.1704583333333334 2406.523403614458
1.1733027777777778 2409.8691265060247
1.1760861111111112 2412.3431722054383
1.178875 2415.484803625378
1.1816638888888888 2418.626737160121
1.1844555555555556 2421.965709969789
1.1885083333333333 2426.0753614457835
1.1913083333333334 2429.2239759036147
1.1941 2431.5596676737164
1.196888888888889 2434.5059818731124
1.1996777777777778 2437.452386706949
1.2024666666666666 2440.594864048339
1.2065027777777777 2444.453734939759
1.2092944444444444 2447.406084337349
1.2120833333333334 2449.59915407855
1.214875 2452.347885196375
1.2176638888888889 2455.096706948641
1.2204555555555556 2458.042386706949
1.2245305555555555 2461.6524397590365
1.2273444444166666 2464.408132530121
1.2301333333055555 2466.455468277946
1.232925 2469.0078549848945
1.2357138888888888 2471.5603927492452
1.2385055555555555 2474.3086404833844
1.2425444444444445 2477.056948640484
1.2453666666666667 2479.593504531723
1.2481583333333333 2482.129395770394
1.2509472222222222 2484.4805438066473
1.2537361111111112 2486.831842900303
1.2565277777777777 2489.382990936557
1.260661111111111 2491.934169184291
1.263466666638889 2494.269123867071
1.2662583333333333 2496.6041087613303
1.2690472222222222 2498.754864048339
1.271838888888889 2500.9059516616326
1.2746277777777777 2503.2551661631433
1.2787333333055555 2505.604380664654
1.281525 2507.7419939577053
1.2843166666666668 2509.879365558914
1.2871055555555555 2511.8338670694875
1.2898972222222223 2513.788459214503
1.2926861111111112 2515.940483383687
1.2968083333333333 2518.092477341391
1.2995972222222223 2520.033444108762
1.3023888888888888 2521.973927492448
1.3051666666666666 2523.7314199395782
1.3079555555555555 2525.489546827796
1.3107472221944445 2527.445951661633
1.3150666666666666 2531.453945783134
1.3178972222222223 2534.8347289156636
1.320686111111111 2537.7266465256807
1.323475 2540.905800604231
1.3262555555555555 2544.086042296074
1.3290472222222223 2547.46326283988
1.332925 2550.826918429004
1.3358027777777777 2553.9932930513605
1.3385916666666666 2557.1596978851976
1.3413833333055556 2560.1435045317226
1.3441722222222223 2563.128096676738
1.3469638888888888 2566.3084894259823
1.3511555555555557 2569.471540785499
1.3540111110833333 2572.4380664652576
1.3568027777777778 2575.4045619335357
1.3595916666666668 2578.1883081571004
1.3623777777777777 2580.972235649547
1.3651666666666666 2583.9527492447137
1.3693222222222223 2586.9175830815716
1.372111111111111 2589.6857099697895
1.3749 2592.453836858007
1.3776861111111112 2595.039818731119
1.380475 2597.6258308157107
1.3832666666666666 2600.4083987915415
1.3874527777777779 2603.4054819277117
1.3903166666666666 2605.9966566265066
1.3931083333055556 2608.310996978853
1.3958972221944443 2610.699184290031
1.398686111111111 2613.0873716012097
1.4014777777777778 2615.671691842901
1.4055555555555554 2618.429548192772
1.4083444444444444 2620.8261746987964
1.4111222222222222 2622.988549848944
1.413913888888889 2625.181510574019
1.4167027777777779 2627.3747734138983
1.4194944444444444 2629.7634743202425
1.4235583333333333 2632.1369788519646
1.4263861111111111 2634.3141389728103
1.429175 2636.4912990936564
1.4319666666666666 2638.4876435045317
1.4347555555555556 2640.4845015105743
1.4375361111111111 2642.6772809667677
1.4418444444444445 2644.967198795181
1.4446416666666666 2646.9732530120486
1.4474222222222222 2648.8195770392754
1.4502111111111111 2650.6221148036257
1.453 2652.424652567976
1.4557916666666666 2654.422809667674
1.4598888888888888 2654.7906948640484
1.462688888888889 2654.9621450151058
1.465475 2655.1336253776435
1.4682666666666666 2655.125740181269
1.4710555555555556 2655.117854984894
1.4738444444444445 2655.3388855421686
1.4778999999722222 2658.7001812688823
1.4807166666666667 2660.294712990936
1.4835083333333334 2661.889244712991
1.4862972222222222 2663.3020241691847
1.489086111111111 2664.714833836858
1.4918777777777779 2664.9069879518074
1.4959083333333334 2667.904803625378
1.4987222222222223 2669.3039274924477
1.5015111110833332 2670.7030513595173
1.5043027777777778 2671.9187613293057
1.5070916666666667 2673.134773413898
1.5098833333333332 2673.3012951807236
1.5139972222222222 2675.9247734138976
1.5167861111111112 2677.122809667674
1.51957777775 2678.3208761329306
1.5223666666666666 2679.3360422960723
1.5251583333333334 2680.3517220543804
1.5279416666666668 2680.495692771084
1.532086111111111 2682.7443202416916
1.534875 2683.7438670694864
1.5376666666666667 2684.743444108761
1.5404555555555555 2685.560181268882
1.5432472221944444 2686.3775226586104
1.5460361110833334 2686.5030722891565
1.5501194444444444 2688.3741389728098
1.55295 2689.176012084592
1.5557416666666666 2689.9778851963747
1.5585305555555555 2690.5944410876136
1.5613194444444445 2691.2115105740186
1.564111111111111 2691.3224698795184
1.5684361111111111 2692.8126283987917
1.5712611111111112 2693.413534743203
1.5740472222222222 2694.014471299094
1.576836111111111 2694.4341993957705
1.579625 2694.8549546827794
1.5824166666666666 2694.952379518072
1.5866083333333334 2696.0563141993953
1.58945 2696.4511746987946
1.5922416666666668 2696.867734138972
1.5950305555555555 2697.089486404833
1.5978194444444445 2697.311359516616
1.6006083333055556 2697.402771084337
1.6046888888888888 2698.1429518072287
1.6075111111111111 2698.3805421686743
1.6103027777777779 2698.607039274924
1.6130916666666666 2698.631631419939
1.6158833333333333 2698.6905740181264
1.6186722222222223 2698.7760542168667
1.6228638888888889 2699.5142469879515
1.6257194444444445 2699.5886445783135
1.6285083333333332 2699.6556797583085
1.6312916666666666 2699.5159818731117
1.6340805555277778 2699.57332326284
1.6368694444166667 2699.655542168675
1.6409833333333332 2700.3946084337354
1.6438555555555556 2700.467680722892
1.6466472222222222 2700.537885196375
1.649436111111111 2700.3987613293057
1.6522277777777779 2700.4577643504535
1.6550166666666666 2700.535240963856
1.6590888888888888 2696.801415662651
1.6618805555555556 2694.8368072289154
1.6646694444444445 2692.8461631419937
1.667461111111111 2690.6620543806644
1.67025 2690.5429819277106
1.6730416666666668 2690.8158132530116
1.6771027777777778 2690.967801204819
1.6799194444444445 2690.8475602409635
1.682711111111111 2690.6952870090636
1.6855 2690.5585800604226
1.688288888888889 2690.438614457831
1.6910777777777777 2690.714006024096
1.6952694444444445 2690.8694277108425
1.6980694444444444 2690.7495180722885
1.7008583333333334 2690.598489425981
1.70365 2690.4649848942586
1.7064388888888888 2690.346415662649
1.7092277777777778 2690.6215662650593
1.7133611111111111 2690.780210843372
1.7161583333333332 2690.663734939758
1.71895 2690.5147432024155
1.721738888888889 2690.3810574018116
1.724525 2690.262891566264
1.7273166666666666 2690.5380120481914
1.731425 2690.6965963855414
1.734213888888889 2690.5803313253
1.7370055555555555 2690.431208459213
1.7397944444444444 2690.299879154077
1.7425861111111112 2690.3222054380653
1.745375 2690.539999999999
1.749566666638889 2690.565391566264
1.7523583333333332 2690.451475903614
1.7551416666666666 2690.3020241691843
1.7579333333333333 2690.1405438066463
1.7607222222222223 2690.117250755287
1.763511111111111 2690.2902416918428
1.7675833333333333 2690.286174698795
1.7704027777777778 2690.141686746988
1.7731916666666667 2690.1127492447126
1.7759833333333332 2689.9054380664656
1.7787722222222222 2689.852145015106
1.781563888888889 2689.9954682779457
1.785688888861111 2689.946265060241
1.7884777777777778 2689.9232530120485
1.7912694444444444 2689.8645619335343
1.7940583333333333 2689.6298489425976
1.79685 2689.548489425981
1.7996388888888888 2689.6637160120836
1.8038305555555556 2689.755150602409
1.8066777777777778 2689.704397590361
1.8094666666666666 2689.616465256797
1.8122583333333333 2689.5152265861025
1.8150472222222223 2689.3981927710843
1.8178388888888888 2689.6757530120476
1.8220416666666666 2689.8655421686744
1.8249194444444445 2689.778253012048
1.8277083333333333 2689.657432024169
1.8304972222222222 2689.356827794562
1.833288888888889 2689.3766767371603
1.8360777777777777 2689.59335347432
1.8400916666666667 2689.6162650602414
1.8429527777777779 2689.4997289156627
1.845736111111111 2689.3495468277947
1.8485277777777778 2689.1871601208463
1.8513166666666667 2689.161722054381
1.8540972222222223 2689.3319939577036
1.8581666666666667 2689.3250903614457
1.8609722222222222 2689.178042168674
1.8637555555555556 2689.1466163141986
1.8665444444444443 2688.9378247734135
1.8693333333333333 2688.8818429003018
1.872125 2689.023806646526
1.8762222222222222 2688.973072289157
1.879013888888889 2688.9475903614457
1.8818027777777777 2688.8862839879152
1.8845944444444445 2688.6457099697886
1.8873833333333334 2688.5294578313255
1.8901722222222221 2688.668885542169
1.8943944444444445 2688.749397590361
1.897186111111111 2688.6912650602408
1.899975 2688.597945619335
1.9027666666666667 2688.493232628398
1.9055555555555554 2688.3765361445776
1.9083444444444444 2688.6514457831317
1.912488888888889 2688.838403614457
1.9153083333333334 2688.7504518072283
1.9181 2688.628308157099
1.9208888888888889 2688.329818731117
1.9236666666666666 2688.3520241691836
1.9264583333333334 2688.5700302114797
1.9306361111111112 2688.597409638554
1.9334722222222223 2688.4834337349394
1.9362638888888888 2688.332235649547
1.9390527777777777 2688.170664652568
1.9418444444444445 2688.0556325301204
1.944625 2688.3020481927706
1.9489222222222222 2688.4010843373494
1.9517111111111112 2688.253734939759
1.9545027777777777 2688.2674622356494
1.9572916666666667 2688.1053776435047
1.9600805555555556 2688.1263141993954
1.9628722222222221 2688.3438670694864
1.9672222222222222 2688.339969879518
1.9700111111111112 2688.1942771084337
1.9728027777777777 2688.208670694864
1.9755916666666666 2688.049788519637
1.9783833333333334 2688.0757703927493
1.9811722222222221 2688.2978247734136
1.9852777777777777 2688.299518072289
1.9880666666666666 2688.157439759036
1.9908555555555556 2688.17413897281
1.9936472222222221 2688.017069486405
1.996436111111111 2688.0450755287015
1.9992277777777778 2688.2700604229613
2.003252777777778 2688.274879518073
2.0060694444444445 2688.135210843374
2.008852777777778 2688.1541993957703
2.0116416666666668 2687.9990332326283
2.0144333333333333 2688.0253172205444
2.0172222222222222 2688.2479154078555
2.021247222222222 2688.252048192772
2.024088888888889 2688.113343373495
2.0268777777777776 2688.1315407854995
2.0296694444444445 2687.974833836859
2.0324583333333335 2688.0000302114813
2.0352472222222224 2688.221842900303
2.039275 2688.22451807229
2.0421222222222224 2688.084397590362
2.044911111111111 2688.101842900303
2.047702777777778 2687.942930513596
2.050491666666667 2687.9671601208465
2.0532805555555558 2688.1889123867077
2.0573444444444444 2688.1896686747
2.0601805555555557 2688.047620481929
2.0629694444444446 2688.065015105741
2.065761111111111 2687.904169184291
2.06855 2687.9223262839887
2.071336111111111 2688.1384592145023
2.075375 2688.1321084337355
2.078261111111111 2687.9849096385547
2.0810416666666667 2687.9987009063448
2.083833333333333 2687.8346525679767
2.086622222222222 2687.8554380664655
2.0894138888888887 2687.964759036145
2.093497222222222 2688.0615963855425
2.096286111111111 2687.9125301204826
2.0990777777777776 2687.9283081571007
2.1018666666666665 2687.767099697886
2.1046583333333335 2687.6518674698805
2.107447222222222 2687.9000903614465
2.1114722222222224 2688.0034337349407
2.114333333333333 2687.85888554217
2.117125 2687.8757099697896
2.119913888888889 2687.7149244713
2.1227027777777776 2687.5992771084348
2.125488888888889 2687.8488855421697
2.1295777777777776 2687.952289156627
2.1323694444444445 2687.806837349398
2.135161111111111 2687.824833836859
2.13795 2687.6641087613293
2.1407416666666665 2687.5469578313255
2.1435305555555555 2687.7958132530125
2.147597222222222 2687.898644578314
2.1503916666666667 2687.753524096386
2.1531805555555557 2687.7706646525685
2.155972222222222 2687.6069184290036
2.158761111111111 2687.4885240963863
2.1615527777777777 2687.7365361445786
2.165547222222222 2687.8386144578317
2.1684027777777777 2687.692710843374
2.171186111111111 2687.71163141994
2.1739777777777776 2687.5507250755286
2.1767666666666665 2687.4330120481927
2.1795555555555555 2687.683012048193
2.1837472222222223 2687.7890060240966
2.186538888888889 2687.6452710843373
2.189325 2687.664894259819
2.1921166666666667 2687.502688821752
2.1949055555555557 2687.382951807229
2.197697222222222 2687.6301506024097
2.201911111111111 2687.7310843373493
2.2046944444444443 2687.584969879518
2.2074833333333332 2687.6030815709973
2.210272222222222 2687.438126888218
2.213061111111111 2687.3165963855427
2.2158527777777777 2687.5625000000005
2.2198555555555557 2687.6594277108434
2.222738888888889 2687.5104819277108
2.2255305555555553 2687.528429003021
2.2283194444444443 2687.3649546827796
2.2311027777777777 2687.2460240963856
2.2338944444444446 2687.4909036144577
2.2380944444444446 2687.5896987951805
2.240947222222222 2687.4436144578312
2.2437388888888887 2687.460664652568
2.2465277777777777 2687.2980966767373
2.2493194444444446 2687.18
2.252108333333333 2687.4275000000002
2.2560944444444444 2687.5280421686743
2.258986111111111 2687.381084337349
2.261772222222222 2687.4006344410877
2.264563888888889 2687.242145015106
2.267352777777778 2687.1256024096388
2.270136111111111 2687.3769578313254
2.2741194444444446 2687.4860542168676
2.27700277775 2687.3441265060246
2.2797833333333335 2687.365377643505
2.282572222222222 2687.209335347432
2.285361111111111 2687.0935843373495
2.288152777777778 2687.346204819277
2.292349999972222 2687.4591265060244
2.295138888888889 2687.3193373493978
2.297927777777778 2687.3412990936554
2.3007194444444443 2687.1849848942597
2.3035083333055555 2687.06906626506
2.3063 2687.3225903614452
2.3103 2687.4349096385545
2.3131416666666667 2687.2943373493977
2.3159277777777776 2687.3165256797583
2.3187083333333334 2687.1605135951663
2.3215 2687.04421686747
2.324288888888889 2687.2964156626504
2.3284611110833335 2687.4065060240964
2.3312444444444442 2687.265361445783
2.3340277777777776 2687.286072507553
2.3368166666666665 2687.1309365558914
2.3396083333333335 2687.017409638554
2.3423972221944442 2687.2714457831325
2.346588888888889 2687.3872289156625
2.349425 2687.2497289156627
2.3522166666666666 2687.2701812688824
2.3550055555555556 2687.114773413897
2.357797222222222 2687.001325301205
2.360586111111111 2687.2556325301202
2.364777777777778 2687.3722289156626
2.3675694444444444 2687.2346686746987
2.370361111111111 2687.25583081571
2.37315 2687.10416918429
2.375938888861111 2686.9928012048194
2.3787305555555553 2687.2491867469876
2.382686111111111 2687.3702710843363
2.385575 2687.234999999999
2.3883638888888887 2687.2563444108755
2.3911555555555557 2687.1032024169176
2.3939444444444447 2686.990542168674
2.396736111111111 2687.243945783132
2.4007222222222224 2687.3598493975896
2.403513888888889 2687.222228915662
2.406302777777778 2687.242054380664
2.4090944444444444 2687.087854984894
2.4118833333333334 2686.97563253012
2.414675 2687.2278012048187
2.418961111111111 2687.3415060240955
2.421752777777778 2687.203373493975
2.424541666666667 2687.2214803625366
2.4273333333333333 2687.0657401812673
2.4301222222222223 2686.9533433734928
2.432913888888889 2687.205271084336
2.4369805555277777 2687.3161445783117
2.439766666666667 2687.1754819277094
2.4425583333055556 2687.1917522658596
2.4453472222222223 2687.035377643503
2.4481305555555557 2686.9241566265046
2.4509222222222222 2687.174126506023
2.455113888888889 2687.2821686746975
2.457905555527778 2687.1402710843363
2.4606944444444445 2687.153685800603
2.463486111111111 2686.9932930513587
2.466275 2686.8813855421677
2.4690555555555553 2687.126536144577
2.473386111111111 2687.2254518072273
2.476183333333333 2687.079186746986
2.478972222222222 2687.0896676737143
2.481763888888889 2686.9245317220525
2.4845527777777776 2686.811024096384
2.4873416666666666 2687.055903614456
2.4914666666666667 2687.1527710843357
2.4942944444166666 2687.004759036143
2.4970833333333333 2687.0146827794542
2.4998722222222223 2686.8498791540765
2.502663888888889 2686.7369277108414
2.50545 2686.9815963855403
2.5094777777777777 2687.0785843373474
2.512275 2686.931204819275
2.5150638888888888 2686.9420543806627
2.5178555555555557 2686.778308157098
2.5206444444444442 2686.665210843372
2.523436111111111 2686.9099096385526
2.5274694444444443 2687.007138554215
2.530311111111111 2686.8602108433715
2.5331027777777777 2686.8712084592125
2.535891666638889 2686.7099395770374
2.538683333333333 2686.5995180722875
2.541472222222222 2686.848554216866
2.545536111111111 2686.952771084336
2.5483777777777776 2686.808584337348
2.551169444416667 2686.819697885195
2.5539583333333336 2686.6583383685784
2.55675 2686.548132530119
2.559538888888889 2686.798102409637
2.5635916666666665 2686.9033433734926
2.5663805555555554 2686.7590963855405
2.5691722222222224 2686.772809667672
2.571961111111111 2686.6154078549835
2.5747416666666667 2686.5058734939744
2.5775333333333332 2686.7563554216854
2.581638888888889 2686.864789156625
2.5844305555555556 2686.723674698794
2.5872194444444445 2686.7354682779446
2.5900083333333335 2686.5726586102705
2.5928 2686.4606024096374
2.595588888888889 2686.7102108433724
2.5997166666666667 2686.8147891566255
2.6025305555555556 2686.6697590361437
2.6053194444444445 2686.6832930513588
2.608111111111111 2686.521359516616
2.6109 2686.407289156626
2.613688888888889 2686.655451807228
2.6176944444444445 2686.75704819277
2.620527777777778 2686.6113253012036
2.6233166666666667 2686.6251963746213
2.6261083333333333 2686.465619335346
2.628897222222222 2686.3540662650594
2.6316805555555556 2686.604337349397
2.6357472222222222 2686.711897590361
2.6385472222222224 2686.569337349397
2.6413361111111113 2686.584984894259
2.644127777777778 2686.427854984894
2.646916666666667 2686.3171686746987
2.6497083333333333 2686.5673493975905
2.6536583333333335 2686.677771084337
2.6565416666666666 2686.5380722891564
2.6593305555555555 2686.5535649546823
2.662122222222222 2686.398791540785
2.664911111111111 2686.28984939759
2.667702777777778 2686.546114457831
2.6719 2686.6635843373488
2.674752777777778 2686.5255421686743
2.6775333333333333 2686.5415105740176
2.680325 2686.387764350453
2.683113888861111 2686.2800301204816
2.6859 2686.5355120481922
2.6899416666666665 2686.6711782477337
2.692788888888889 2686.5027190332326
2.6955805555555554 2686.5327190332323
2.6983694444166666 2686.3806042296073
2.701161111111111 2686.2734337349398
2.70395 2686.529638554217
2.7081166666666667 2686.6670090634443
2.7109055555555557 2686.5001208459216
2.713697222222222 2686.5296072507554
2.716486111111111 2686.3756193353474
2.7192722221944443 2686.267168674699
2.7220555555555555 2686.5245481927714
2.7263 2686.6619637462236
2.7291805555555557 2686.50578313253
2.7319694444444442 2686.521631419939
2.734761111111111 2686.366435045317
2.73755 2686.2567168674695
2.7403361110833333 2686.508433734939
2.7444444444444445 2686.618614457831
2.7472333333333334 2686.477831325301
2.750025 2686.4913293051354
2.752813888861111 2686.1387915407854
2.7556055555555554 2686.0309939759036
2.7583944444444444 2686.088253012048
2.7625972222222224 2685.6135843373495
2.765388888888889 2685.2783132530117
2.768177777777778 2685.2885196374623
2.7709694444444444 2684.934652567976
2.7737583333333333 2684.6330421686753
2.77655 2684.6894879518077
2.7806888888888888 2684.4084638554223
2.7834861111111113 2684.071987951808
2.786275 2684.0793957703936
2.789066666666667 2683.726948640484
2.7918555555555558 2683.4301204819285
2.7946388888888887 2683.485331325302
2.7986472221944445 2683.20451807229
2.8015222222222222 2682.8684638554223
2.8043055555555556 2682.8714501510585
2.8070944444444446 2682.5179758308163
2.809886111111111 2682.2240963855425
2.8126749999722223 2682.2829819277113
2.8167194444444443 2682.005240963856
2.8195527777777776 2681.66936746988
2.8223416666666665 2681.6721752265867
2.82512777775 2681.322870090635
2.8279194444444444 2681.0343072289165
2.8307083333333334 2681.095783132531
2.834966666638889 2680.82545180723
2.8378361110833334 2680.4935240963864
2.8406277777777778 2680.4937160120858
2.8434166666666667 2680.148580060424
2.8462083333333332 2679.866295180724
2.848997222222222 2679.9286746987964
2.8529944444444446 2679.661295180724
2.855886111111111 2679.332108433736
2.858675 2679.32740181269
2.861463888888889 2678.9837764350464
2.8642555555555558 2678.707469879519
2.8670444444444443 2678.772680722893
2.8713194444444445 2678.510271084338
2.874111111111111 2678.182560240964
2.8769 2678.1749848942604
2.8796833333333334 2677.833111782478
2.8824722222222223 2677.5613855421693
2.8852555555555557 2677.6300301204824
2.8891833333333334 2677.553444108762
2.892013888888889 2677.197703927493
2.8948027777777776 2677.039274924472
2.8975916666666666 2676.6977945619337
2.9003833333055558 2676.428343373494
2.903163888888889 2676.4979518072296
2.9072305555555555 2676.422205438067
2.9100527777777776 2676.067673716013
2.9128416666666666 2675.909184290031
2.9156333333333335 2675.570000000001
2.918422222222222 2675.305331325302
2.921213888888889 2675.3723493975913
2.925377777777778 2675.2883081571003
2.9281694444444444 2674.9327190332338
2.9309583333333333 2674.773323262841
2.93375 2674.4302416918435
2.936538888888889 2674.1680421686756
2.939322222222222 2674.236415662652
2.943627777777778 2673.979909638555
2.9464249999722223 2673.654939759037
2.9492166666666666 2673.635498489427
2.9520055555555555 2673.2938670694875
2.954797222222222 2673.034246987953
2.957586111111111 2673.103012048194
2.9615722222222223 2673.0141993957714
2.9644 2672.6571903323274
2.9671805555555557 2672.4969184290044
2.9699694444444447 2672.154290030213
2.972761111111111 2671.8979216867483
2.97555 2671.9617469879527
2.979591666666667 2671.862477341391
2.982441666666667 2671.5033836858015
2.9852305555555554 2671.3406344410887
2.9880222221944446 2670.994682779457
2.9908111111111113 2670.7412650602414
2.993602777777778 2670.8062650602415
2.997688888888889 2670.7036858006054
3.0005055555555558 2670.3433836858017
3.0032972222222223 2670.1803323262848
3.0060861111111112 2669.837583081572
3.00887777775 2669.5898795180733
3.0116666666666667 2669.656897590363
3.0156916666666667 2669.5549244712997
3.018483333333333 2669.1985800604234
3.021272222222222 2669.038519637463
3.0240638888611113 2668.697341389729
3.0268527777777776 2668.4540361445793
3.029641666638889 2668.522198795182
3.0340333333333334 2668.4175830815725
3.0368583333333334 2668.06235649547
3.0396472222222224 2667.9037160120856
3.042438888888889 2667.564682779457
3.045227777777778 2667.3268373493984
3.0480194444444444 2667.39858433735
3.0519861111111113 2667.294259818732
3.0548499999722223 2666.941208459215
3.0576416666666666 2666.786102719034
3.0604305555555555 2666.4460725075533
3.0632111111111113 2666.2096084337354
3.066 2666.2840963855424
3.0702083333333334 2666.181903323263
3.073011111111111 2665.828972809668
3.0757999999722223 2665.674531722054
3.0785916666666666 2665.337854984894
3.0813805555555556 2665.1045783132527
3.084161111111111 2665.1760843373495
3.0880666666666667 2665.0696676737157
3.0909555555555555 2664.718670694864
3.0937444444444444 2664.563746223565
3.096536111111111 2664.2253776435045
3.099325 2663.9939759036147
3.102113888888889 2664.0652409638556
3.1061194444444444 2663.9541389728092
3.108897222222222 2663.6009063444103
3.111677777777778 2663.4436253776425
3.1144583333333333 2663.108851963745
3.1172472222222223 2662.8855120481917
3.120033333333333 2662.9588855421675
3.124286111111111 2662.8465558912376
3.1271194444166666 2662.4982477341373
3.1299111111111113 2662.3462537764335
3.1326916666666667 2662.0123867069474
3.1354805555555556 2661.793102409637
3.138272222222222 2661.8697891566253
3.142280555527778 2661.7580966767355
3.14512777775 2661.4106042296057
3.147911111111111 2661.260785498488
3.1507027777777776 2660.9330211480346
3.1534916666666666 2660.7208734939745
3.1562833333333336 2660.8047289156616
3.160738888888889 2660.698157099697
3.1635194444444443 2660.356676737159
3.1663083333055555 2660.2123262839864
3.1690916666666666 2659.883564954682
3.1718777777777776 2659.6722289156614
3.174663888888889 2659.754367469878
3.178802777777778 2659.642356495467
3.1816444444444443 2659.29761329305
3.1844305555555557 2659.150422960724
3.1872194444444446 2658.8238368580046
3.190011111111111 2658.682024169183
3.1928 2658.7348640483374
3.1969833333333333 2658.589335347431
3.1998305555555557 2658.24839879154
3.2026194444444442 2658.1058006042285
3.205411111111111 2657.78006042296
3.2082 2657.6384290030205
3.2109916666666667 2657.6931117824765
3.2151916666666667 2657.5487613293044
3.217988888888889 2657.2080966767367
3.2207777777777777 2657.0664350453167
3.2235583333333335 2656.7432326283983
3.22635 2656.6012688821747
3.2291333333055556 2656.6283734939757
3.2332 2656.5119939577035
3.2359805555555554 2656.172719033232
3.2387694444444444 2656.029788519637
3.2415527777777777 2655.705135951661
3.2443305555555555 2655.5093674698787
3.247122222222222 2655.5919879518065
3.2512861110833335 2655.4714199395767
3.254075 2655.132688821752
3.256863888861111 2654.9896978851957
3.2596555555555558 2654.663323262839
3.2624444444444443 2654.4693072289147
3.265233333333333 2654.553373493975
3.2691916666666665 2654.4294561933534
3.2719722222222223 2654.08752265861
3.274763888888889 2653.9416616314197
3.2775527777777778 2653.615075528701
3.2803444444444443 2653.425512048193
3.2831333333333332 2653.506204819277
3.287252777777778 2653.3748640483386
3.290077777777778 2653.0334441087616
3.2928694444444444 2652.888157099698
3.2956583333333334 2652.5611782477345
3.29845 2652.375271084338
3.3012333333333332 2652.45921686747
3.305277777777778 2652.3270996978854
3.308063888888889 2651.9861329305136
3.3108555555555554 2651.841540785498
3.313633333333333 2651.729393939394
3.3164249999722224 2651.517432024169
3.3192138888888887 2651.376132930513
3.3234444444444446 2651.2862537764345
3.326322222222222 2650.947915407854
3.329111111111111 2650.806102719032
3.3319027777777777 2650.4827190332317
3.3346916666666666 2650.306174698794
3.337483333333333 2650.388403614457
3.3417416666666666 2650.2463444108753
3.3445722221944445 2649.9064652567968
3.347363888888889 2649.762749244712
3.3501444444444446 2649.4347129909356
3.3529333333333335 2649.258975903613
3.355725 2649.342499999999
3.360027777777778 2649.1982477341376
3.3628222222222224 2648.85598187311
3.3656083333333333 2648.709909365557
3.3684 2648.381661631418
3.3711805555555556 2648.208915662649
3.373961111111111 2648.2865963855406
3.378127777777778 2648.132356495467
3.380916666666667 2647.7877643504517
3.3837083333333333 2647.63930513595
3.3864972222222223 2647.1086706948627
3.3892777777777776 2646.761631419938
3.392063888888889 2646.6113595166153
3.396227777777778 2646.2649848942583
3.399013888888889 2645.7214199395753
3.4018055555555557 2645.3737462235636
3.4045944444444443 2645.236646525678
3.407383333333333 2645.2824169184273
3.4101749999722224 2645.5278549848927
3.414397222222222 2645.577462235648
3.4171888888611113 2645.4270694864026
3.419966666638889 2645.4725075528686
3.4227583333333333 2645.1362839879134
3.4255472222222223 2644.983262839877
3.428338888888889 2645.0280664652546
3.4323555555555556 2644.8755891238648
3.435216666666667 2644.525256797581
3.4380083333333333 2644.372205438064
3.4407944444444443 2644.037975830813
3.443583333333333 2643.8731626505996
3.4463666666666666 2643.9474096385516
3.450622222222222 2643.775317220541
3.453413888888889 2643.424441087611
3.456202777777778 2643.2710271903297
3.4589916666666665 2642.937824773411
3.4617722221944445 2642.7878247734116
3.4645638888888888 2642.833141993955
3.468625 2642.682265861025
3.47145 2642.335679758306
3.474238888888889 2642.185317220542
3.4770305555555554 2641.8532930513575
3.4798194444444444 2641.7056797583064
3.4826083333333333 2641.754259818729
3.4867083333333335 2641.604773413895
3.489552777777778 2641.258429003019
3.4923444444444445 2641.110090634439
3.4951305555555554 2640.782386706947
3.4979194444444444 2640.636706948638
3.5007111111111113 2640.6854078549823
3.505072222222222 2640.537915407853
3.5078555555555555 2640.1957401812665
3.5106444444444445 2640.0497280966747
3.513436111111111 2639.7238368580042
3.516225 2639.5810876132914
3.5190111111111113 2639.635256797582
3.5231805555555558 2639.493564954681
3.5259722222222223 2639.1549546827773
3.528763888888889 2639.012175226584
3.5315527777777778 2638.689003021146
3.5343444444444443 2638.5456797583065
3.5371333333333332 2638.5975226586083
3.5413694444444443 2638.4519637462213
3.5441972222222224 2638.110815709968
3.546988888888889 2637.967039274922
3.549777777777778 2637.640755287007
3.552566666666667 2637.4983987915384
3.5553583333333334 2637.5539274924445
3.5594361111111112 2637.413806646523
3.5623027777777776 2637.0749848942573
3.5650916666666665 2636.931963746221
3.5678805555555555 2636.607160120843
3.570672222222222 2636.463897280964
3.573461111083333 2636.5188821752236
3.5775444444444444 2636.376918429
3.5803333333333334 2636.0365558912354
3.583125 2635.8931419939545
3.585913888888889 2635.3671903323234
3.5887055555555554 2635.027975830812
3.5914944444166665 2634.884531722051
3.5956333333333332 2634.5432930513557
3.5984194444444446 2634.0051963746187
3.601208333333333 2633.6649244712953
3.603997222222222 2633.536374622353
3.606788888888889 2633.59196374622
3.609577777777778 2633.8462235649513
3.613958333333333 2633.903141993954
3.6167611111111113 2633.7616616314162
3.619549999972222 2633.817492447126
3.622341666666667 2643.1370392749204
3.6251305555555557 2652.637069486401
3.6279222222222223 2662.332205438063
3.632022222222222 2671.8315105740144
3.6348694444444445 2681.13531722054
3.6376472222222223 2690.634984894256
3.6404277777777776 2690.503141993954
3.6432166666666665 2690.5540785498456
3.6460083333055557 2690.8012386706914
3.6505555555555556 2690.8532628398752
3.6533444444444445 2690.7084592144984
3.656136111111111 2690.758761329302
3.658924999972222 2725.3273111782446
3.6617083333333333 2760.076465256794
3.6644972222222223 2794.8257401812657
3.6685916666666665 2829.3766465256763
3.671386111111111 2863.9276435045285
3.6741722222222224 2863.794259818728
3.676963888888889 2863.6612688821715
3.6797444444444443 2863.905709969785
3.682533333333333 2864.1496072507516
3.6867916666666667 2864.001419939573
3.6895805555555556 2863.8532628398752
3.692363888888889 2864.112567975827
3.695152777777778 2864.569969788516
3.6979361111111113 2865.2094864048304
3.700727777777778 2865.650845921447
3.7047333333333334 2865.8949244712953
3.7075222222222224 2866.139033232625
3.710313888861111 2866.0045619335315
3.713102777777778 2865.870332326281
3.7158944444444444 2866.115740181266
3.718675 2866.3610876132907
3.7228333333333334 2866.2114803625354
3.725688888888889 2866.061963746221
3.7284777777777776 2865.9274018126866
3.7312694444444445 2865.7938066465235
3.7340583333333335 2866.0401510573993
3.7368472222222224 2866.286616314197
3.740902777777778 2866.139274924469
3.743716666638889 2865.9919939577017
3.7465055555555558 2865.855135951659
3.7492972222222223 2865.7193051359495
3.7520861111111112 2866.15936555891
3.7548777777777778 2866.403262839877
3.7591805555555555 2866.4480664652547
3.761963888888889 2866.6890634441065
3.7647444444444442 2866.7464652567955
3.7675361110833334 2866.8041691842873
3.770325 2867.242598187309
3.7731166666666667 2867.681148036251
3.777286111111111 2867.726132930511
3.780075 2867.7711480362514
3.7828666666666666 2867.8340785498463
3.7856555555555556 2867.897069486402
3.788436111111111 2868.3396072507526
3.791227777777778 2868.781752265859
3.795463888888889 2868.8299093655564
3.7982805555555554 2868.878066465254
3.8010611111111112 2868.9387613293025
3.8038416666666666 2868.999788519635
3.8066333333055558 2869.4403625377618
3.809422222222222 2869.8809969788495
3.81365 2870.5342121212093
3.8164305555555558 2870.7482121212097
3.8192166666666667 2872.164848484846
3.8220027777777776 2872.8610574018103
3.8247944444444446 2874.6827492447105
3.827583333333333 2876.5035045317195
3.8316 2877.9294561933502
3.834433333333333 2879.355407854982
3.8372166666666665 2879.6130513595135
3.840002777777778 2879.871148036251
3.842791666666667 2880.505075528698
3.8455833333333334 2881.13854984894
3.849661111111111 2881.3801812688794
3.85245 2881.6218731117797
3.8552416666666667 2881.87607250755
3.8580305555555556 2882.1306948640454
3.8608194444444446 2882.7614501510548
3.863602777777778 2883.3921752265833
3.8676555555555554 2883.63024169184
3.8704444444444444 2883.868308157097
3.873225 2884.116676737158
3.8760083333333335 2884.3661933534718
3.8787861111111113 2884.9959214501487
3.881577777777778 2885.6255589123843
3.8857333333333335 2885.8599697885174
3.888525 2886.0943806646505
3.891313888888889 2886.13933534743
3.8940944444444443 2886.184773413895
3.8968861111111113 2886.6144712990917
3.8996666666666666 2887.0441691842884
3.9036805555555554 2887.0747129909346
3.9065555555555553 2887.105226586101
3.9093444444444443 2887.5494259818715
3.9121333333333332 2887.9941993957686
3.914925 2888.8163444108745
3.9177138888888887 2889.6385196374604
3.9217333333333335 2890.067824773412
3.924602777777778 2890.497099697884
3.9273944444444444 2890.7401208459205
3.9301833333333334 2890.9833534743193
3.9329722222222223 2891.6064652567966
3.935763888888889 2892.228791540784
3.940036111111111 2892.457794561932
3.942825 2892.6868277945605
3.9456166666666665 2892.9296676737144
3.9483972222222223 2893.1725981873096
3.951188888888889 2893.7961631419926
3.953977777777778 2894.4197280966755
3.9582305555555557 2894.6467069486393
3.961013888888889 2894.873685800603
3.9638027777777776 2895.118821752265
3.9665944444444445 2895.3642296072503
3.9693833333333335 2895.987371601208
3.972166666666667 2896.61006042296
3.9763555555555556 2896.8411782477338
3.979147222222222 2897.0721752265854
3.9819305555555555 2897.1194864048325
3.9847194444444445 2897.1676435045306
3.987511111111111 2897.5950755287
3.9903 2898.021903323262
3.9944944444444443 2898.0551963746216
3.9972861111111113 2898.088549848942
4.000075 2898.5295770392745
4.002861111111111 2898.9711782477334
4.005652777777778 2899.79006042296
4.008441666666666 2900.6090332326276
4.0128 2900.769578313252
4.0156527777777775 2901.458217522658
4.0184444444444445 2901.700422960724
4.021233333333333 2901.9426888217513
4.024025 2902.5643806646517
4.0268138888888885 2903.1860120845918
4.030991666666667 2902.9452108433725
4.033772222222222 2903.6401812688814
4.036561111111111 2903.684622356495
4.039352777777777 2903.7290936555887
4.042133333333333 2904.1517824773405
4.044925 2904.574048338368
4.0492 2903.9348192771076
4.052091666666667 2904.630664652567
4.054880555555555 2904.672084592144
4.057672222222222 2904.7141087613277
4.0604611111111115 2905.1385498489412
4.063252777777778 2905.5621752265847
4.067572222222222 2904.918524096384
4.0703611111111115 2905.616555891237
4.073152777777778 2906.2521450151044
4.075941666666667 2906.8880060422944
4.0787305555555555 2907.903202416917
4.0815222222222225 2908.918368580059
4.085483333333333 2909.447499999999
4.088369444444444 2910.1619939577026
4.0911583333333335 2910.405438066464
4.09395 2910.648942598186
4.096738888888889 2911.2716616314187
4.099530555555556 2911.894441087612
4.103688888888889 2911.6314759036136
4.106480555555556 2912.3521752265847
4.109269444444444 2912.5971299093644
4.112052777777778 2912.8423867069478
4.114841666666667 2913.4612386706935
4.117633333333333 2914.079939577038
4.121619444444445 2914.3077945619325
4.124461111111111 2914.535649546827
4.127252777777778 2914.7758308157086
4.130041666666667 2915.0165861027176
4.132833333333333 2915.634833836856
4.1356222222222225 2916.252386706947
4.1395888888888885 2916.4782779456177
4.1424666666666665 2916.7041993957687
4.145255555555556 2916.944531722053
4.148038888888889 2917.1848338368563
4.150827777777778 2917.799788519636
4.153619444444445 2918.4146525679744
4.157708333333333 2918.635770392748
4.160533333333333 2918.8567975830797
4.163322222222222 2919.095407854983
4.166113888888889 2919.3342296072487
4.168902777777777 2919.953595166161
4.173075 2920.572900302113
4.175897222222222 2920.7974622356483
4.178688888888889 2921.022054380663
4.181477777777777 2921.2642598187294
4.184266666666667 2921.506435045316
4.187058333333334 2922.124350453171
4.191261111111111 2922.7422356495454
4.194102777777778 2922.968549848941
4.196894444444444 2923.1948942598165
4.199683333333334 2923.4318126888197
4.202475 2923.6689425981854
4.205263888888889 2924.2872205438052
4.209383333333333 2924.3463253012033
4.212197222222223 2924.599728915661
4.214986111111111 2925.353081570995
4.217777777777778 2925.5885800604215
4.220566666666667 2925.8247734138954
4.2233583333333335 2926.4404833836843
4.227347222222222 2926.4878915662634
4.230216666666666 2926.738072289155
4.233008333333333 2927.496646525678
4.235797222222223 2927.729607250754
4.238588888888889 2927.9627190332308
4.241377777777778 2928.574743202416
4.245308333333333 2928.610662650601
4.248194444444445 2928.859367469878
4.250983333333333 2929.624773413896
4.253775 2929.6572205438056
4.256563888888889 2929.6896374622343
4.259355555555556 2930.1052870090625
4.263380555555556 2930.5209969788507
4.266202777777778 2929.7878313253004
4.268980555555555 2930.5531722054375
4.271769444444445 2930.5874320241683
4.274561111111111 2930.6219637462227
4.27735 2931.03422960725
4.28195 2930.6648795180713
4.284744444444445 2930.7145783132523
4.287533333333333 2931.4854984894246
4.290325 2932.1112084592137
4.293113888888889 2932.737371601207
4.295902777777778 2933.7425981873103
4.29995 2934.5469277108427
4.302763888888889 2935.185421686746
4.305555555555555 2935.9677341389715
4.308344444444445 2936.193262839878
4.311122222222222 2936.4187915407842
4.313913888888889 2937.023111782476
4.3180555555555555 2937.0193975903603
4.3208416666666665 2937.259066265059
4.323622222222222 2938.0476435045307
4.326413888888889 2938.2685196374614
4.329202777777778 2938.4899395770385
4.331994444444445 2939.091631419939
4.336186111111111 2939.076746987951
4.339016666666667 2939.3140361445776
4.341802777777778 2940.108217522658
4.344591666666667 2940.132658610271
4.347380555555556 2940.157009063443
4.3501722222222226 2940.56256797583
4.354197222222222 2940.152560240963
4.357027777777778 2940.193132530119
4.3598083333333335 2940.988821752265
4.3626 2941.016978851963
4.365388888888889 2941.0457401812682
4.368180555555556 2941.452326283987
4.372230555555555 2941.042680722891
4.375116666666667 2941.088042168674
4.3779055555555555 2941.88921450151
4.380683333333334 2941.9185800604223
4.383475 2941.9479758308153
4.386263888888889 2942.555377643504
4.390216666666666 2942.3428915662644
4.3930444444444445 2942.5869879518063
4.3958361111111115 2943.5918731117813
4.398625 2943.823081570996
4.401416666666667 2944.054380664651
4.4042055555555555 2944.2718126888203
4.408330555555556 2943.665933734938
4.411175 2943.5166265060225
4.413961111111111 2944.128126888216
4.416752777777778 2943.9660120845906
4.4195416666666665 2943.8040181268866
4.422330555555556 2944.2211178247717
4.426486111111111 2943.814698795179
4.429294444444444 2943.8658433734927
4.432083333333333 2944.6792749244696
4.434875 2944.715256797582
4.437655555555556 2944.7517824773404
4.440444444444444 2945.1674924471286
4.444577777777778 2944.757409638553
4.4473666666666665 2944.8079518072277
4.450158333333333 2945.6239577039264
4.452947222222222 2945.6576435045304
4.455738888888889 2945.692054380663
4.458527777777777 2946.103021148035
4.462655555555555 2945.6841566265043
4.4654694444444445 2945.7329216867456
4.468258333333333 2946.551208459213
4.471041666666666 2948.1564350453154
4.473830555555556 2949.7617522658597
4.4766111111111115 2951.7444712990923
4.480652777777777 2954.4437048192763
4.483516666666667 2956.0591867469875
4.486308333333334 2956.907220543806
4.489097222222222 2956.9399697885187
4.491888888888889 2956.973141993957
4.4946777777777775 2957.381208459214
4.498769444444444 2956.9266265060237
4.501611111111111 2956.9747289156626
4.504402777777778 2957.8251057401812
4.5071916666666665 2957.8570996978847
4.5099833333333335 2957.8890936555886
4.512772222222222 2957.162228915662
4.516963888888889 2957.8396385542164
4.519758333333334 2957.884096385542
4.522541666666666 2958.7320543806645
4.525333333333333 2958.75501510574
4.528113888888889 2958.778700906344
4.5309027777777775 2958.049789156626
4.535177777777778 2958.718524096385
4.537969444444444 2958.757409638554
4.540758333333334 2959.6078851963744
4.543547222222222 2959.6325075528694
4.546338888888889 2959.6574320241684
4.549127777777778 2958.922710843373
4.553252777777778 2959.591024096385
4.556097222222222 2959.628885542168
4.558886111111111 2960.4782477341387
4.561677777777778 2960.504501510574
4.564466666666666 2960.530785498489
4.567258333333333 2959.7962048192767
4.571347222222222 2960.467560240964
4.574163888888889 2960.5074096385542
4.576955555555555 2961.359395770393
4.579744444444445 2961.383746223565
4.582536111111111 2961.408972809668
4.585324999972222 2960.6719277108436
4.589625 2961.741445783133
4.592419444444444 2961.9808734939757
4.595208333333333 2963.0383987915407
4.598 2963.263111782477
4.600788888888889 2963.4883081570997
4.603580555555555 2962.743734939759
4.607658333333333 2963.0263253012045
4.610477777777778 2962.8719879518067
4.613266666638889 2963.536797583081
4.616058333333333 2963.367009063443
4.6188472222222225 2963.1980060422957
4.621638888888889 2953.961963746223
4.6256305555555555 2943.9018975903614
4.628474999972222 2934.3322289156627
4.631263888888889 2925.46749244713
4.63405 2915.8527190332325
4.636833333333334 2906.237915407855
4.6396138888888885 2906.4497280966766
4.643777777777777 2905.9524698795185
4.646566666666667 2905.802198795181
4.649358333333334 2906.2985800604233
4.652138888888889 2906.131117824774
4.654930555555556 2905.9638368580063
4.657711111083334 2871.4754380664654
4.6620333333333335 2836.4873795180724
4.664841666666667 2801.9361445783134
4.667625 2767.614864048338
4.670416666666667 2732.7452567975824
4.673205555555556 2732.7590030211472
4.675997222222223 2732.969395770392
4.680188888888889 2732.796506024096
4.6829777777777775 2732.6445481927703
4.685769444444444 2732.814290030211
4.688558333333333 2732.6443806646516
4.691347222222222 2732.264018126887
4.694138888888889 2731.8822356495457
4.6981472222222225 2731.3176204819274
4.700958333333333 2730.968102409638
4.703738888888889 2730.738610271903
4.706527777777778 2730.174954682779
4.709319444444445 2729.9047289156624
4.712108333333333 2730.1433433734937
4.716122222222222 2730.228012048193
4.718963888888889 2730.0743975903615
4.721752777777778 2730.235679758308
4.724544444444445 2730.0663141993955
4.727333333333333 2729.7972289156623
4.730125 2730.037740963855
4.7341138888888885 2730.1248493975904
4.736916666666667 2729.9723493975903
4.739708333333334 2730.13416918429
4.742497222222222 2732.920362537764
4.745288888888889 2735.588584337349
4.748077777777778 2738.778313253011
4.752238888888889 2744.761837349397
4.755030555555556 2747.5566265060233
4.757819444444444 2747.775166163141
4.760611111111111 2747.8106042296067
4.7634 2748.0298187311173
4.766180555555556 2748.1330120481925
4.770388888888889 2748.629789156626
4.773205555555555 2748.681927710843
4.775994444444445 2748.905196374622
4.778783333333333 2748.745347432024
4.781572222222223 2748.423734939759
4.784363888888889 2748.670301204819
4.7884 2748.9996978851964
4.79122777775 2748.8201510574017
4.794019444444444 2748.8388217522656
4.7968 2748.6744108761327
4.799588888888889 2748.3519879518067
4.802375 2748.5975903614453
4.80645 2748.9277945619333
4.8092388888611115 2748.749456193353
4.812030555555555 2748.7681268882175
4.814819444444445 2748.6055287009067
4.817608333333333 2748.2846084337352
4.8204 2747.153795180723
4.824511111111111 2744.7175226586105
4.8273472222222225 2743.158610271904
4.8301388888888885 2741.7976737160125
4.832927777777778 2741.042990936556
4.835716666666666 2741.530903614458
4.838505555555556 2742.3664759036146
4.842633333333334 2743.0721148036255
4.845416666666667 2743.4861631419944
4.848208333333333 2744.096314199396
4.850997222222222 2743.732296072508
4.853786111111111 2743.423192771085
4.856577777777778 2743.4698493975907
4.860758333333333 2743.387734138973
4.863597222222222 2743.0107250755286
4.866386111111111 2742.8303927492448
4.869177777777778 2742.4678247734137
4.871966666666666 2742.1631626506023
4.874755555555556 2742.2130120481925
4.878825 2742.129637462235
4.8816138888888885 2741.7532930513594
4.884402777777778 2741.576435045317
4.887194444444445 2741.2180060422957
4.889983333333333 2740.9175903614455
4.892775 2741.170722891566
4.897036111111111 2741.489848942598
4.8998277777777774 2741.3149244712986
4.902616666638889 2741.341208459214
4.905408333333333 2741.1836253776432
4.9081972221944445 2740.881385542168
4.910986111111111 2740.7376506024093
4.915194444444444 2740.0547289156625
4.917997222222223 2739.516114457831
4.920786111111111 2739.3189728096672
4.923577777777778 2738.763021148036
4.926366666638889 2738.4687650602405
4.9291583333333335 2738.5234939759034
4.933344444444445 2738.442839879154
4.936183333305555 2737.9024999999997
4.9389666666666665 2737.9008459214497
4.9417583333333335 2737.547160120846
4.944547222222222 2737.2581927710844
4.947338888861111 2737.3138253012044
4.951294444444445 2737.230181268882
4.95415 2736.862326283988
4.956938888888889 2736.692326283988
4.959727777777778 2736.340906344411
4.962519444444444 2736.0566867469884
4.965308333333334 2736.1125301204825
4.969375 2736.026193353475
4.972163888888889 2735.6605135951663
4.974941666666667 2735.4900604229615
4.977733333333333 2736.7093051359525
4.9805222222222225 2737.9918373493983
4.983313888888889 2739.815421686748
4.987433333305556 2741.709305135953
4.990261111111111 2743.112628398793
4.99305 2744.712024169185
4.995841666666666 2744.55495468278
4.998630555555556 2744.244879518073
5.001419444444444 2744.106024096386
5.0056 2743.433795180724
5.008388888888889 2742.9009638554226
5.011180555555556 2742.7183987915414
5.013969444444444 2742.167673716013
5.016761111111111 2741.86358433735
5.01955 2741.9201506024106
5.023588888861111 2741.8508157099704
5.0264444444444445 2741.3001807228925
5.029233333333333 2741.3100604229617
5.032025 2741.5487915407866
5.0348138888888885 2741.8375301204833
5.0376055555555554 2742.6788855421696
5.041886111111111 2743.9693975903624
5.044705555555556 2744.41873493976
5.047494444444444 2744.634682779457
5.050283333333334 2744.4789123867076
5.053075 2744.16936746988
5.055863888888889 2744.4228915662657
5.060177777777778 2744.536475903615
5.062969444444445 2744.397078313253
5.065761111111111 2744.61332326284
5.0685472222222225 2744.455891238671
5.071338888888889 2744.1446987951813
5.074127777777778 2743.8071084337353
5.078208333333333 2742.7385240963863
5.081077777777778 2742.007831325302
5.083855555555555 2741.625015105741
5.086641666666667 2740.8761631419948
5.0894305555555555 2740.576054216868
5.092222222222222 2740.6294879518077
5.096294444444444 2740.345120481928
5.0991277777777775 2740.007379518073
5.1019194444444445 2740.011057401813
5.104708333333333 2739.657129909366
5.107491666666666 2739.362259036145
5.110283333333333 2739.418403614459
5.114305555555555 2739.1371686746998
5.117169444444444 2738.800240963856
5.119952777777778 2738.7999395770403
5.122738888888889 2738.4471299093657
5.125527777777778 2738.1572590361448
5.128319444444444 2738.213042168675
5.132366666666667 2737.933132530121
5.1351555555555555 2737.598072289157
5.137947222222222 2737.594078549849
5.140736111111111 2737.2404229607255
5.143527777777778 2736.9532831325305
5.146316666666666 2737.009638554217
5.1503805555555555 2736.9241993957703
5.153186111111111 2736.555679758308
5.155974999972222 2736.3837764350455
5.158766666666667 2736.028398791541
5.161555555555555 2735.7433132530123
5.164338888888889 2735.7952108433733
5.168358333333333 2735.699425981873
5.1712 2735.3271903323266
5.173991666666667 2735.1511480362537
5.176780555555555 2734.7922658610273
5.179569444444445 2734.5101204819275
5.182361111111111 2734.5602108433736
5.186380555555556 2734.4579758308155
5.189269444444444 2734.0838670694866
5.1920611110833335 2733.906072507553
5.19485 2733.546253776435
5.197638888888889 2733.2679216867473
5.200430555555555 2733.3185843373494
5.204513888888889 2733.2136858006043
5.207302777777778 2732.8403927492445
5.210094444444445 2732.665196374622
5.212875 2732.3067371601205
5.215661111111111 2732.031927710843
5.218449999972222 2732.0851807228914
5.222641666638889 2731.798012048193
5.225436111111111 2731.458162650603
5.228227777777778 2731.4365256797582
5.231011111111111 2731.0794561933535
5.233802777777778 2730.8074698795185
5.2365916666666665 2730.8624397590365
5.241011111111111 2730.579186746988
5.243813888888889 2730.240993975904
5.246605555555556 2730.217552870091
5.2493944444444445 2729.8629607250764
5.252186111111111 2729.5944277108442
5.254975 2729.848765060242
5.259161111111111 2729.9616566265067
5.2619694444444445 2729.8201204819284
5.264758333333333 2729.995528700907
5.267544444444445 2729.8409063444115
5.270333333333333 2729.5729819277117
5.273125 2729.8267168674706
5.277441666666666 2729.941445783133
5.280230555555556 2729.802680722892
5.283022222222222 2729.9774622356495
5.2858111110833335 2732.5759214501513
5.288602777777778 2734.7650755287013
5.291391666638889 2737.149667673716
5.295475 2741.8769277108436
5.298266666638889 2743.89265060241
5.301055555555555 2743.5171601208463
5.303847222222222 2742.764501510574
5.3066361111111116 2742.5939577039276
5.309427777777778 2742.622054380665
5.313616666666666 2742.230391566265
5.316452777777778 2741.891987951807
5.319241666666667 2741.9106042296075
5.322033333333334 2741.953413897281
5.324822222222222 2742.1805740181267
5.327613888888889 2742.6058006042294
5.331725 2743.004939759036
5.334522222222223 2743.0630421686747
5.337311111111111 2743.086978851964
5.340102777777778 2742.735166163142
5.342891666666667 2742.7622054380668
5.345680555555556 2742.985740181269
5.349636111111111 2742.789849397591
5.35250277775 2742.6508132530125
5.355291666666667 2742.869697885197
5.358077777777778 2742.7145619335356
5.3608666666666664 2742.740453172206
5.363655555555556 2742.961993957704
5.367677777777778 2742.765602409639
5.370544444444445 2742.6260240963857
5.373336111083334 2742.842779456194
5.376125 2742.6863444108767
5.378916666666667 2742.7126283987914
5.3817055555555555 2742.9346525679757
5.385897222222222 2742.740060240964
5.388686111111111 2742.601385542169
5.391466666666667 2742.8178247734136
5.394255555555556 2742.6617220543803
5.3970472222222226 2742.6863141993954
5.399836111111111 2742.907009063443
5.403997222222222 2742.7100602409637
5.406786111111111 2742.5688253012045
5.409575 2742.7836555891236
5.412366666666666 2742.62749244713
5.415155555555556 2742.317951807229
5.417947222222222 2742.5693072289155
5.4221361111111115 2742.6793373493974
5.424991666666667 2742.538253012048
5.427777777777778 2742.7528398791537
5.4305666666666665 2742.5953172205436
5.4333583333333335 2742.6216918428995
5.436147222222222 2742.538253012048
5.440283333333333 2742.64891566265
5.4431111111111115 2742.507469879518
5.4459027777777775 2742.7222356495463
5.448691666666667 2742.5672507552868
5.451483333333333 2742.597009063444
5.454272222222222 2742.8220241691843
5.4584 2742.632319277108
5.461230555555556 2742.4952409638554
5.464019444444444 2742.7112990936557
5.466808333305556 2742.5552870090637
5.4696 2741.009063444109
5.472388888888889 2739.660151057402
5.4764 2737.9097891566266
5.479275 2736.203313253012
5.482066666666666 2734.8274320241694
5.484855555555556 2733.094501510574
5.487647222222222 2733.1167673716013
5.490436111111111 2733.338549848943
5.494338888888889 2733.169698795181
5.497191666666667 2733.0268373493977
5.499983333333334 2733.2130513595166
5.502772222222222 2733.0509969788523
5.505561111111111 2732.764879518073
5.508352777777778 2733.01108433735
5.512441666666667 2733.1115963855423
5.515255555527777 2732.9658734939762
5.5180444444444445 2733.1504229607253
5.520836111083334 2732.984078549849
5.523625 2733.006555891239
5.5264138888888885 2732.946024096386
5.530605555555556 2733.0468373493977
5.533469444444444 2732.897620481928
5.536261111111111 2733.0874018126888
5.539038888888889 2732.9271299093657
5.541827777777778 2732.6385240963855
5.544619444444445 2732.8836445783127
5.548572222222222 2732.9823493975896
5.551430555555555 2732.836295180722
5.554219444444445 2733.0231722054373
5.557008333333333 2732.8593353474316
5.5598 2732.570120481927
5.562588888888889 2732.8137650602403
5.566494444444444 2732.9076807228907
5.56937777775 2732.758042168674
5.5721694444444445 2732.9426888217517
5.574958333333333 2732.775981873111
5.57775 2732.4860843373485
5.5805388888888885 2732.7290060240957
5.584605555555555 2732.820180722891
5.58747777775 2732.669397590361
5.5902666666666665 2732.8546827794557
5.593055555555556 2732.6912990936553
5.595844444444444 2732.4040963855414
5.598636111111111 2732.647740963855
5.603 2732.74391566265
5.6058 2732.596897590361
5.608588888861111 2732.781389728096
5.611369444444445 2732.617794561933
5.614158333333333 2732.3318975903608
5.61695 2732.578072289156
5.621152777777778 2732.6771084337342
5.623941666666667 2732.530753012047
5.626733333333333 2732.7155891238663
5.6295222222222225 2732.552719033232
5.632313888888889 2732.267499999999
5.635102777777778 2732.513855421686
5.639288888888889 2732.615391566264
5.642072222222223 2732.470572289156
5.644863888861111 2732.6546223564947
5.647652777777778 2732.4902114803617
5.650444444444444 2732.50921450151
5.653225 2732.724894259818
5.657305555555555 2732.5464457831317
5.660097222222222 2732.398704819276
5.662883333333333 2732.5835649546816
5.665672222194445 2732.4195166163136
5.668463888888889 2732.439093655588
5.67125277775 2732.656072507552
5.6754138888888885 2732.4785542168665
5.6782055555555555 2732.331355421686
5.680994444444444 2732.5170996978845
5.683783333333333 2732.3526283987912
5.686574999972223 2732.372205438066
5.689363888888889 2732.587854984894
5.693391666666667 2732.408674698795
5.696180555555555 2732.261174698795
5.698972222222222 2732.4468580060416
5.701752777777778 2732.281450151057
5.704541666666667 2732.2994561933533
5.707333333333334 2732.5145015105736
5.711277777777778 2732.3338554216866
5.714166666666666 2732.1859638554215
5.716958333333333 2732.3722054380664
5.719747222222222 2736.538972809668
5.722538888888889 2740.555
5.725327777777777 2745.116355421687
5.729327777777778 2753.8466867469874
5.732194444444445 2758.0157831325296
5.734983333333333 2758.279123867069
5.737775 2758.1147432024163
5.740563888888889 2757.7487650602407
5.743347222222222 2755.045361445783
5.747513888888889 2749.248644578313
5.750302777777778 2746.1554216867466
5.753094444444445 2743.4280664652565
5.755883333333333 2740.11087613293
5.758675 2739.602319277108
5.761455555555556 2739.4512650602405
5.765544444444444 2738.755180722891
5.768408333333333 2738.2103614457824
5.771197222222222 2738.2133534743193
5.773988888888889 2738.0451963746214
5.776777777777777 2737.9361746987943
5.779569444444444 2738.372921686746
5.783516666666666 2738.852891566264
5.786408333333333 2738.8961445783125
5.7891916666666665 2739.097945619335
5.791980555555556 2738.7341389728085
5.794772222222222 2738.2319879518063
5.797561111111111 2738.2774096385533
5.801647222222222 2737.977078313252
5.804436111111111 2737.6312048192763
5.807227777777777 2737.8301812688815
5.810016666666667 2737.467160120845
5.812808333333333 2736.9682831325295
5.815597222222222 2737.013855421686
5.819738888888889 2736.711746987951
5.822530555555556 2736.364578313252
5.825319444444444 2736.5584592145005
5.828111111111111 2736.1903323262827
5.8309 2735.6917771084327
5.833688888888889 2734.9497289156616
5.8377083333333335 2733.0703012048184
5.840558333305555 2731.9329819277104
5.84335 2731.3250453172195
5.8461388888888886 2730.167794561933
5.8489305555555555 2729.6868072289153
5.851719444444444 2729.732259036144
5.855791666666667 2729.428855421686
5.858625 2729.0807831325296
5.861416666666667 2729.2555589123867
5.8642 2728.8900302114803
5.866988888888889 2728.412409638554
5.869780555555556 2728.4564457831325
5.873858333333334 2728.151234939759
5.876727777777778 2727.802801204819
5.879519444444444 2727.973021148036
5.8823083333333335 2727.607341389728
5.8851 2727.134879518072
5.887888888888889 2727.1777409638553
5.891936111111111 2726.8718975903607
5.894738888888889 2726.5232228915656
5.897530555555556 2726.689244712991
5.9003194444444444 2726.321782477341
5.903111111111111 2725.8521385542167
5.9059 2725.896867469879
5.910086111111111 2725.591626506024
5.912877777777778 2725.2416867469883
5.915663888888889 2725.405649546828
5.918444444444445 2725.043806646526
5.921233333333333 2724.581536144578
5.924025 2724.6282530120484
5.928047222222222 2724.328704819277
5.930936111111111 2723.9830120481924
5.93372777775 2724.14250755287
5.936516666666667 2723.7825377643503
5.939305555555555 2723.325813253012
5.942086111083333 2723.3725602409636
5.9462777777777776 2723.075210843373
5.949122222222222 2722.731536144578
5.951911111111111 2722.885589123867
5.954694444444445 2722.525135951661
5.957483333333333 2722.0733433734936
5.960275 2722.1204518072286
5.9642 2721.822710843373
5.967058333333333 2721.478403614458
5.96985 2721.6275528700908
5.972638888888889 2721.2649244712984
5.975430555555556 2720.816174698795
5.9782166666666665 2719.296174698795
5.9822138888888885 2715.8598192771083
5.9851 2713.9444879518073
5.987888888888889 2712.4982779456195
5.990680555555556 2710.5639879154082
5.993469444444444 2710.1480421686747
5.996261111111111 2710.1972891566265
6.000291666666667 2709.9017168674704
6.003141666666667 2709.557560240964
6.0059305555555556 2709.671812688822
6.0087222222222225 2709.314018126888
6.011511111111111 2708.904638554217
6.014302777777778 2708.9562349397593
6.018294444444445 2708.666777108434
6.021144444444444 2708.3259638554214
6.023933333333333 2708.4377039274923
6.026725 2708.0842900302114
6.029513888888889 2707.682168674699
6.032305555555555 2707.1472590361445
6.036388888888889 2705.6856024096387
6.039180555555555 2704.7597891566265
6.041969444444445 2704.2681268882175
6.044758333333333 2703.3210574018126
6.047547222194445 2702.9324096385544
6.050336111111111 2702.9867771084337
6.0545 2702.702259036145
6.057291666666667 2702.364156626506
6.0600805555555555 2702.456374622356
6.062869444444445 2702.1014199395768
6.065655555555556 2701.717801204819
6.068444444444444 2701.7748192771082
6.072488888888889 2701.7868882175226
6.075272222222222 2701.419697885196
6.078052777777778 2701.249274924471
6.080841666666666 2700.89667673716
6.083633333333333 2700.5166867469875
6.086422222222223 2700.573614457831
6.090686111111111 2700.293704819277
6.093474999972222 2699.9578915662646
6.096263888888889 2700.044259818731
6.099055555555555 2699.693081570997
6.101844444444445 2699.3185542168676
6.104636111111111 2699.3755120481924
6.1087694444444445 2699.3785196374624
6.1116222222222225 2699.0105135951662
6.1144 2698.8402416918434
6.117191666666667 2698.49247734139
6.119980555555555 2698.1259036144584
6.122766666666666 2698.184698795181
6.126913888888889 2698.1864652567974
6.129797222222222 2697.8232326283987
6.132586111111111 2697.655951661631
6.135372222222222 2697.3056193353477
6.138163888888889 2696.9425
6.140952777777778 2697.0032228915666
6.1449388888888885 2697.0020845921454
6.147741666666667 2696.6372507552874
6.150519444444445 2696.4705135951663
6.153308333333333 2696.123776435046
6.1561 2695.7659939759037
6.158883333333334 2695.829548192771
6.1630722222222225 2695.829909365559
6.165861111111111 2695.46918429003
6.168652777777778 2695.306072507553
6.1714416666666665 2700.070574018127
6.1742333333333335 2704.79515060241
6.177022222222222 2709.953403614458
6.181066666666666 2715.1070996978856
6.183925 2719.856555891239
6.186716666666666 2724.803716012085
6.1895 2724.45915407855
6.192286111111111 2724.0162650602415
6.195075 2724.0793674698803
6.199083333333333 2724.16743202417
6.201936111111111 2723.8098489425993
6.204727777777777 2723.6477341389736
6.207516666666667 2723.3040483383693
6.210308333333334 2722.866054216868
6.213097222222222 2722.9329518072295
6.217161111111111 2723.020120845922
6.219961111111111 2722.663746223566
6.22275 2722.503172205439
6.225530555555555 2722.161148036255
6.228316666666666 2721.7271987951817
6.231097222222222 2721.7952409638565
6.23515 2721.880120845922
6.237966666666667 2721.5240483383695
6.240758333333333 2721.3648942598197
6.243547222222222 2721.023897280968
6.246336111111111 2720.593403614459
6.249127777777778 2720.6605120481936
6.253219444444444 2720.741873111783
6.256083333333334 2720.385861027191
6.258875 2720.226948640484
6.261663888888889 2719.887734138973
6.26445 2719.4622289156628
6.267241666666667 2719.5314759036146
6.271305555555555 2719.611027190332
6.27415 2719.256767371601
6.276941666666667 2719.0987915407854
6.279730555555555 2718.7586706948637
6.282522222222222 2718.3363253012044
6.2853111111111115 2715.6606626506023
6.28935277775 2710.2213595166163
6.292211111111111 2707.1132326283987
6.295 2704.2009969788523
6.297788888888889 2701.1082477341392
6.300580555555555 2700.7409638554223
6.303358333333334 2700.8158132530125
6.307427777777778 2700.84824773414
6.3102583333333335 2700.498731117825
6.313036111111111 2700.347854984895
6.315825 2700.0116314199404
6.318602777777778 2699.645210843374
6.3213944444444445 2699.325993975904
6.325388888888889 2698.5633836858015
6.328244444444445 2697.8161631419944
6.331025 2697.2675226586107
6.333813888888889 2696.53489425982
6.336602777777777 2696.17780120482
6.339394444444444 2696.2517469879526
6.343477777777778 2696.271419939578
6.346347222222223 2695.920876132932
6.349138888888889 2695.7666465256807
6.351927777777778 2695.430211480364
6.354719444444444 2695.076024096387
6.3575 2695.1495180722904
6.361644444416667 2695.165438066467
6.364433333333333 2694.8143504531736
6.367219444444444 2694.6594259818744
6.370011111111111 2694.3255891238687
6.3728 2693.9775602409654
6.375588888888889 2694.050572289158
6.3797138888888885 2694.0617220543822
6.382572222194445 2693.712900302116
6.385363888888889 2693.5598489425993
6.388152777777778 2693.223655589125
6.390938888888889 2692.8778915662665
6.393730555555556 2692.951415662652
6.397694444444444 2692.9603021148055
6.400586111111111 2692.610271903325
6.403377777777778 2692.456314199397
6.406161111111111 2692.120271903325
6.40895 2691.777740963857
6.411741666666667 2691.8489156626524
6.4160111111111116 2691.8510271903338
6.418880555555556 2691.499818731119
6.421672222222222 2691.344471299095
6.424461111111111 2691.0086706948655
6.427247222222222 2690.670873493977
6.430025 2690.744277108435
6.4342388888611115 2690.743776435047
6.437036111111111 2690.3934441087627
6.439816666666666 2690.2396072507568
6.442605555555556 2689.9038368580077
6.445397222222223 2689.569427710845
6.448186111111111 2689.6404819277122
6.4523777777777775 2689.6335347432046
6.455166666666667 2689.2820543806665
6.457947222222222 2689.126586102721
6.460730555555555 2688.792114803627
6.463511111111111 2688.4644879518087
6.4663 2688.5414457831343
6.4703888888888885 2688.537824773415
6.473208333333333 2688.190634441089
6.476 2688.04072507553
6.478777777777778 2687.711057401814
6.481569444444444 2687.3888554216883
6.484358333333334 2687.4729819277118
6.4885777777777776 2687.474138972811
6.491366666638889 2687.1301812688835
6.4941555555555555 2686.9861933534758
6.496947222194445 2686.661661631421
6.499733333333333 2686.344186746989
6.502525 2686.430210843375
6.506825 2686.4342296072523
6.509616666666667 2686.0955589123882
6.512405555555556 2685.954290030213
6.5151972222222225 2685.633564954684
6.517986111111111 2685.322289156628
6.520777777777778 2685.4140060240984
6.525152777777778 2685.422296072509
6.527980555555556 2685.0882477341406
6.5307611111111115 2684.9528700906358
6.53355 2684.6351963746242
6.5363388888888885 2684.3271385542184
6.5391305555555554 2684.4181626506042
6.543155555555556 2684.425891238672
6.545994444444444 2684.0946827794573
6.548783333333334 2683.959637462237
6.5515638888888885 2683.641963746225
6.55435277775 2683.337289156628
6.557138888888889 2683.4292771084347
6.561272222222223 2683.4341691842906
6.564147222222222 2683.102507552871
6.5669361111111115 2682.9687009063455
6.569727777777778 2686.973504531723
6.572516666666667 2691.1612084592157
6.575294444444444 2695.5466465256804
6.579391666666667 2699.7357099697897
6.582208333333333 2703.727069486406
6.585 2707.9149546827807
6.587780555527778 2716.440785498491
6.590569444444444 2724.8521686747004
6.593361111111111 2733.757078313254
6.597658333333333 2742.7542296072525
6.6004861111111115 2751.2646223564966
6.603275 2759.9705438066476
6.606066666666667 2760.0452567975844
6.608847222222222 2760.3016918429016
6.611636111111111 2760.7544410876144
6.616116666666667 2761.010996978853
6.618897222222222 2761.070543806648
6.6216888888888885 2761.326374622358
6.624477777777778 2761.2030513595178
6.627269444416667 2761.2621450151073
6.630058333333333 2761.5175226586116
6.634138888888889 2761.5757099697903
6.637008333333333 2761.4366767371616
6.6398 2761.494803625379
6.642580555555556 2761.763716012086
6.645358333333333 2762.2173413897294
6.64815 2762.8674924471306
6.652455555555555 2763.3208157099707
6.6552444444444445 2763.5774924471307
6.6580361111111115 2764.031117824775
6.660825 2764.1047734138983
6.663616666666667 2764.3618731117836
6.6664055555555555 2764.8148640483396
6.6706 2765.0698791540794
6.673391666666666 2765.1290030211494
6.676169444444445 2765.3861027190346
6.678958333333333 2765.4583685800612
6.68175 2765.714410876134
6.684536111111111 2766.1685498489433
6.6885666666666665 2766.4255589123873
6.691394444444445 2766.4836555891243
6.694177777777778 2766.7389123867074
6.6969666666666665 2766.8108459214504
6.699755555555556 2767.0674018126892
6.702547222194444 2767.5206344410876
6.706683333333333 2767.7768277945625
6.709563888888889 2767.8356193353475
6.712352777777777 2768.091480362538
6.715144444444444 2768.163685800604
6.717933333333334 2764.087432024169
6.720722222222222 2760.2080966767367
6.724869444444445 2756.085421686746
6.727661111111111 2751.855542168674
6.730441666666667 2747.7827794561927
6.733233333333334 2743.5249546827786
6.736022222222222 2743.7793957703916
6.738813888888889 2744.2299697885187
6.742875 2744.485709969788
6.745666666666667 2744.54504531722
6.748455555555555 2744.7992145015096
6.751247222222222 2744.8690936555886
6.754036111111111 2745.31918429003
6.756813888888889 2745.9660422960724
6.761052777777778 2746.3957831325297
6.763841666666667 2746.6765361445778
6.7666305555555555 2747.1154682779447
6.769419444444445 2747.379788519637
6.772205555555556 2747.432447129909
6.774988888888889 2747.683021148036
6.779138888888889 2747.71108433735
6.781927777777778 2747.5972289156625
6.784719444444445 2747.6444108761334
6.787505555555556 2747.510271903324
6.7902861111111115 2747.9516314199395
6.793072222222222 2748.5918429003027
6.797244444444445 2749.003493975904
6.800080555555556 2749.278403614458
6.802866666666667 2749.7229305135947
6.805647222222222 2749.982990936556
6.8084388888888885 2750.4259818731116
6.81122777775 2751.0644410876134
6.815191666666666 2751.4668072289155
6.818069444444444 2751.7421987951807
6.820858333333334 2752.19495468278
6.823647222222222 2752.4554682779462
6.826438888888889 2752.9021752265867
6.829227777777778 2753.5457099697896
6.833233333333333 2753.9431626506034
6.8360972222222225 2754.219608433736
6.838883333333333 2754.6832326283998
6.841666666666667 2754.9455287009077
6.844455555555555 2755.392205438068
6.847236111111111 2756.0343504531734
6.851455555555556 2756.423795180724
6.854241666666667 2756.7016566265074
6.857019444444444 2757.1732326284
6.8598027777777775 2757.4345921450163
6.862591666666667 2757.878398791542
6.865380555555555 2758.5209969788534
6.869658333333334 2758.9012650602417
6.8724388888888885 2759.1774698795193
6.875227777777778 2759.657039274926
6.878019444444444 2759.913413897282
6.880808333333333 2760.352175226587
6.8836 2760.9905438066476
6.887683333333333 2761.3556325301215
6.890475 2761.627108433736
6.893261111111111 2762.1127794561944
6.896052777777777 2762.1686404833845
6.898841666666667 2762.408912386708
6.901633333333334 2762.8466465256806
6.9057305555555555 2762.8059939759046
6.9085222222222225 2762.8783734939766
6.911311111111111 2763.3689123867075
6.914091666666667 2763.820271903324
6.916880555555555 2764.4516616314204
6.919666666666667 2765.2789728096677
6.923886111111111 2766.014698795181
6.9266694444166665 2766.478795180723
6.929461111111111 2766.9766465256803
6.93225 2767.225558912387
6.935041666666667 2767.655075528701
6.937830555555555 2768.28172205438
6.941888888888889 2768.6093674698795
6.944686111111111 2768.8727409638554
6.947475 2769.3761329305134
6.950266666666667 2769.62332326284
6.953055555555555 2770.051510574018
6.955844444444445 2770.675528700906
6.960194444444444 2770.992861445783
6.9630222222222224 2771.2546987951805
6.9658138888888885 2771.764350453172
6.968602777777778 2772.0097885196374
6.971391666638889 2772.4380966767367
6.974183333333333 2773.0637764350454
6.978555555555555 2773.373493975904
6.981333333333334 2773.6340963855423
6.984125 2774.151480362538
6.986913888888889 2774.2021148036256
6.989705555555555 2774.4341389728097
6.992494444444445 2774.862084592145
6.996758333333333 2774.774638554217
6.99955 2774.8397891566265
7.002338888861111 2775.360151057402
7.005130555555556 2775.409093655589
7.007919444416666 2775.637401812689
7.0107083333333335 2776.06329305136
7.015058333333333 2775.9704216867476
7.017894444416667 2776.0331626506027
7.020675 2776.698524096386
7.023466666666667 2777.363915662651
7.026255555555555 2778.4037048192777
7.029047222222222 2779.443072289157
7.0331 2780.0908734939762
7.035936111111111 2780.7386144578318
7.03872777775 2781.007228915663
7.041516666666666 2781.276385542169
7.044308333305556 2781.9244277108432
7.047097222222222 2782.5719277108433
7.051097222222222 2782.827168674699
7.053972222222222 2783.082530120482
7.056763888888889 2783.3502710843372
7.059552777777777 2783.618765060241
7.062344444444444 2784.2650301204817
7.065133333333334 2784.910391566265
7.069325 2785.1632831325296
7.072116666666667 2785.4161144578306
7.074905555555556 2785.683373493975
7.077694444444444 2785.9507228915654
7.080486111111111 2786.5948795180716
7.083275 2787.2387650602404
7.087233333333334 2787.4915361445774
7.090097222222222 2787.744427710843
7.092875 2788.0103614457826
7.095658333333334 2788.277259036144
7.098449999972222 2788.919548192771
7.101238888888889 2789.561445783132
7.105358333333333 2789.81156626506
7.108147222222223 2790.0617168674694
7.110936111111111 2790.3253614457826
7.11372777775 2790.589397590361
7.116516666666667 2791.227048192771
7.119308333305556 2791.864789156626
7.123449999972222 2792.1105722891566
7.126241666666667 2792.356385542169
7.129030555527778 2792.418765060241
7.1318222222222225 2792.4814759036144
7.134611111111111 2792.922228915663
7.137402777777778 2793.362108433735
7.141430555555556 2793.4099397590367
7.144291666666667 2793.4578915662655
7.147083333333334 2793.913975903615
7.149872222222222 2794.3700602409644
7.152661111111111 2795.2032228915673
7.155452777777778 2796.0363855421697
7.15945 2796.4760542168688
7.162302777777778 2796.915692771085
7.165094444444445 2797.172620481929
7.167883333333333 2797.4301506024103
7.170675 2792.9705421686754
7.173463888888889 2788.5108734939768
7.177558333333334 2783.660000000001
7.180372222222222 2778.809126506025
7.18315 2773.776626506025
7.1859416666666664 2768.744186746989
7.188730555555556 2769.1828313253022
7.191519444444444 2769.6211144578324
7.19560277775 2769.66951807229
7.198469444444444 2769.7179216867485
7.2012583333333335 2770.170722891567
7.204047222222222 2770.623524096386
7.206836111111111 2771.4542771084343
7.2096277777777775 2772.283975903615
7.213647222222222 2772.721144578313
7.21645 2773.1583132530122
7.219241666666667 2773.657220543807
7.2220305555555555 2773.8816012084594
7.2248222222222225 2773.6662349397593
7.227611111111111 2774.2998493975906
7.23175 2775.172680722892
7.234552777777778 2775.4118975903616
7.237344444444444 2775.6618373493984
7.2401333333333335 2775.911807228916
7.242925 2776.54171686747
7.245713888888889 2777.171656626506
7.249724999972222 2777.4078313253012
7.2525055555555555 2777.6439759036143
7.2552972222222225 2777.6929216867466
7.258086111111111 2777.741957831325
7.260877777777778 2777.5402102102103
7.2636666666666665 2777.996756756757
7.267702777777778 2778.6306325301207
7.270508333333333 2778.663975903614
7.2733 2779.1774018126885
7.276080555555556 2779.5908157099693
7.278866666638889 2779.5487650602404
7.281655555555556 2780.3703012048186
7.285694444444444 2781.6195180722884
7.288522222222222 2782.0471084337346
7.291313888888889 2782.571027190332
7.294102777777778 2782.7874018126886
7.296894444444445 2782.539367469879
7.299683333333333 2783.1613855421683
7.303875 2784.0136746987946
7.306666666666667 2784.2445481927703
7.309455555555555 2784.7732024169177
7.3122444444444445 2784.9889123867065
7.3150361111111115 2784.7351506024092
7.317824999972222 2785.3608132530117
7.322016666638889 2786.21719879518
7.3248194444444445 2786.4488554216864
7.3276111111111115 2786.9864954682776
7.3304 2787.0077341389724
7.3331888888888885 2786.5517469879514
7.3359805555555555 2786.9814759036144
7.3399222222222225 2787.4479518072285
7.342802777777778 2787.485542168675
7.345594444444444 2788.027583081571
7.3483833333333335 2788.4419939577037
7.351175 2788.3723192771085
7.353963888888889 2789.1941566265064
7.358063888888889 2790.444186746988
7.360852777777778 2790.8724397590368
7.363644444444445 2791.4252567975836
7.366433333333333 2791.6443806646525
7.369225 2791.3698192771085
7.372013888888889 2791.992771084337
7.375986111111111 2792.8484638554214
7.378861111111111 2793.0810843373497
7.38165 2793.6374924471297
7.384433333333333 2793.852567975831
7.387224999972222 2793.570602409639
7.390013888888889 2794.19421686747
7.394019444444444 2795.0486445783135
7.396830555555556 2795.2794277108437
7.399619444444444 2795.843564954683
7.402411111111111 2796.059667673717
7.4052 2795.771415662651
7.407988888861111 2796.394879518073
7.412025 2797.2503614457833
7.414883333333333 2797.4824397590364
7.417675 2798.0533836858012
7.420463888861111 2798.271057401813
7.423252777777778 2797.9771084337353
7.426044444416666 2798.5997891566267
7.430116666638889 2799.4545180722894
7.432941666666666 2799.6865361445784
7.435733333333333 2800.2626283987915
7.438522222222222 2800.2829305135947
7.441311111111111 2799.7875301204817
7.444102777777778 2800.2157831325303
7.448133333333334 2800.680451807229
7.450938888888889 2800.716897590362
7.45372777775 2801.296072507553
7.456519444444444 2801.710211480363
7.459305555555556 2801.603132530121
7.462097222222222 2802.420481927711
7.466238888888889 2803.663192771085
7.469027777777778 2804.0889759036145
7.471819444444445 2804.674864048339
7.474602777777778 2804.8888519637467
7.477391666666667 2804.5760843373496
7.480183333333334 2805.193885542169
7.48437777775 2806.0382831325305
7.487166666666667 2806.264789156627
7.489958333333333 2806.855105740182
7.4927472222222224 2806.8698489425988
7.495536111111111 2806.355722891567
7.498316666666667 2806.7762650602417
7.50245 2807.6525075528707
7.50525 2808.080545454546
7.508038888888889 2808.6783890577517
7.510827777777778 2809.2492682926836
7.513616666666667 2809.2492682926836
7.516408333333334 2809.974556574925
7.520597222222222 2810.6729754601233
7.523391666666667 2811.1448615384625
7.526169444444444 2811.588672839507
7.528961111083333 2812.205386996905
7.53175 2812.7947515527962
7.534538888888889 2813.5444548286614
7.538588888861111 2814.2669062500013
7.541430555555555 2814.758996865205
7.544222222222222 2815.222610062894
7.547011111111111 2815.8621451104113
7.549802777777778 2816.4739556962036
7.552591666666666 2817.249650793652
7.556583333333333 2817.9972929936316
7.559438888888889 2818.510607028755
7.562230555555556 2818.995000000001
7.565019444444444 2819.6585852090043
7.5677972222222225 2820.29406451613
7.570580555555556 2816.467864077671
7.5746722222222225 2812.584220779222
7.577458333333333 2808.429413680783
7.580247222222222 2804.2146078431383
7.583038888888889 2800.15380327869
7.585816666666667 2796.0332236842114
7.588608333333333 2787.1134653465356
7.592561111111111 2778.100529801325
7.595441666666667 2768.7795016611303
7.598230555555555 2759.362966666667
7.601022222222222 2750.0662207357864
7.603811111111111 2740.6733557046987
7.6065999999722225 2740.8027272727277
7.61065 2740.899020270271
7.613477777777778 2740.7408474576278
7.616269444444445 2740.5474489795924
7.619058333333333 2740.5410238907853
7.62185 2740.5001712328767
7.624638888888889 2740.855841924399
7.62875277775 2741.179344827586
7.631572222222222 2741.244359861592
7.634363888888889 2741.274965277778
7.637152777777778 2741.498292682927
7.639944444444445 2741.688076923077
7.642733333333333 2741.599157894737
7.646997222222222 2741.4733450704225
7.649786111111111 2741.081166077739
7.652575 2740.650567375887
7.655366666666667 2740.4128113879005
7.658155555555555 2740.1375000000003
7.660947222222222 2740.275089605735
7.6648861111111115 2740.3766906474825
7.667730555555556 2740.208700361011
7.670522222222222 2740.003115942029
7.673302777777778 2739.995272727273
7.676094444444445 2739.950729927007
7.678883333333333 2740.0931501831506
7.683052777777778 2740.199338235294
7.685841666666667 2740.0263837638377
7.688633333333334 2739.8149259259258
7.691422222222222 2739.8094052044603
7.694211111111111 2739.7663805970146
7.697002777777778 2739.9126966292138
7.701127777777778 2740.0213157894736
7.703916666666666 2739.846339622642
7.706708333333333 2739.63196969697
7.709491666666667 2739.6262357414453
7.712280555555555 2739.582099236641
7.715072222222222 2739.732030651341
7.719275 2739.666872586873
7.722063888888889 2739.4491472868217
7.724847222222222 2739.444357976654
7.727636111111111 2739.4003125000004
7.730427777777778 2739.4003125000004
7.733216666666666 2739.5524313725496
7.737266666666667 2739.6660236220478
7.740058333333334 2739.4838735177877
7.742847222222222 2739.2603968253975
7.745638888888889 2739.254103585658
7.748427777777778 2739.2076000000006
7.751216666666667 2739.365381526105
7.755288888888889 2739.484032258065
7.758080555555556 2739.2982186234817
7.760866666666667 2739.0700813008134
7.763655555555555 2739.0660000000003
7.766447222222222 2739.0207377049182
7.769236111111111 2739.185720164609
7.773372222222222 2739.1215767634853
7.7761611111111115 2738.8895833333327
7.77895 2738.8886192468613
7.781741666666667 2738.845420168067
7.7845305555555555 2738.845420168067
7.787311111111111 2739.019324894515
7.791619444444445 2738.9609787234044
7.794441666666667 2738.725854700855
7.797230555555555 2738.729184549357
7.800022222222222 2738.68926724138
7.802802777777778 2738.68926724138
7.8055916666666665 2738.864415584416
7.809772222222223 2738.8044978165944
7.812563888888889 2738.565833333334
7.815352777777778 2738.566519823789
7.818144444444444 2738.522743362832
7.8209333333333335 2738.522743362832
7.823722222222222 2738.7021333333337
7.8277833333333335 2738.636995515695
7.830580555555556 2738.388873873874
7.833369444444444 2738.3889140271494
7.836161111111111 2738.3433181818186
7.83895 2738.3433181818186
7.841738888888889 2738.529269406393
7.845844444444444 2738.4648847926273
7.848638888888889 2738.2120370370376
7.851430555555556 2738.2124186046517
7.854219444444444 2738.1658411214958
7.857008333333333 2738.1658411214958
7.8598 2738.358450704226
7.863880555555555 2738.294549763034
7.866666666666666 2738.0337142857143
7.869455555555556 2738.037129186603
7.872247222222223 2737.9923076923073
7.875036111111111 2737.9923076923073
7.877827777777778 2738.1983574879223
7.881886111111111 2738.143024390243
7.884688888888889 2737.878676470588
7.887480555555555 2737.888916256157
7.890269444444445 2737.849554455445
7.893061111111111 2737.849554455445
7.895844444444444 2738.3890547263672
7.899930555555556 2739.0019597989944
7.902775 2739.0709595959593
7.905555555555556 2739.423299492386
7.908344444444444 2739.728010204082
7.911136111111111 2739.728010204082
7.913925 2739.624307692308
7.918066666666666 2738.9175647668394
7.920875 2738.310572916666
7.923663888888889 2737.9856020942407
7.926455555555555 2737.604368421052
7.9292444444444445 2737.604368421052
7.9320361111111115 2737.8346560846558
7.936227777777778 2737.791069518716
7.939019444444445 2737.512419354838
7.941797222222222 2737.529351351351
7.944588888888889 2737.4918478260865
7.947369444444444 2737.4918478260865
7.950158333333333 2737.728907103825
7.954338888888889 2737.6856353591156
7.957119444444444 2737.3998333333334
7.959911111111111 2737.416983240223
7.9627 2737.377865168539
7.965491666666667 2737.377865168539
7.968280555555555 2737.623785310734
7.972341666666667 2737.5778857142855
7.975125 2737.2800574712637
7.977916666666666 2737.2989595375716
7.980705555555556 2737.259709302325
7.983497222222222 2737.259709302325
7.986286111111111 2737.8917543859643
7.990277777777778 2738.616213017751
7.993161111111111 2738.7022619047616
7.9959444444444445 2739.1174850299394
7.9987361111111115 2739.4774096385536
