# SectorTime OrderThroughputTimeAvg
0.010575 154.60605263157902
0.010597222222222221 154.60605263157902
0.012055555555555555 154.26655241935492
0.01275277775 154.09851106639846
0.015644444444444443 153.95282565130267
0.018416666666666668 153.63920159680646
0.018711111111111112 153.63920159680646
0.021241666666666666 153.96124752475254
0.021697222222222222 153.96124752475254
0.024022222222222223 153.7034122287969
0.024080555555555556 153.7034122287969
0.024091666666666667 153.7034122287969
0.024247222222222222 153.7034122287969
0.026883333333333332 153.36776031434192
0.02713888888888889 153.36776031434192
0.027325 153.36776031434192
0.029627777777777777 153.67645792563607
0.029725 153.66695312500005
0.030016666666666667 153.66695312500005
0.030194444444444444 153.66695312500005
0.03249166666666667 153.72021400778218
0.03249166666666667 153.72021400778218
0.03291388888888889 153.63283495145637
0.03298611111111111 153.63283495145637
0.03526111111111111 153.34210831721478
0.035305555555555555 153.34210831721478
0.035305555555555555 153.34210831721478
0.03587222219444444 153.34210831721478
0.03802222222222222 152.93913294797693
0.03813888888888889 152.93913294797693
0.03813888888888889 152.93913294797693
0.03846111111111111 152.8546538461539
0.038719444416666665 152.8546538461539
0.040791666666666664 152.71493282149717
0.041022222222222224 152.71493282149717
0.041022222222222224 152.71493282149717
0.04156111111111111 152.71493282149717
0.043616666666666665 152.45286806883368
0.04378888886111111 152.45286806883368
0.044069444444444446 152.35145038167943
0.04435833333333333 152.35145038167943
0.046608333333333335 153.02279467680611
0.046622222222222225 153.02279467680611
0.046844444416666665 152.97872865275147
0.04716388888888889 152.97872865275147
0.04927499997222222 152.97872865275147
0.049305555555555554 152.97872865275147
0.04942222219444444 152.97872865275147
0.05212222219444444 152.52657844990554
0.05218888888888889 152.52657844990554
0.05488611111111111 152.1220488721805
0.055025 152.1220488721805
0.055025 152.1220488721805
0.05535277777777778 152.1220488721805
0.05563611111111111 152.1220488721805
0.05775277777777778 152.49241121495334
0.05780277777777778 152.49241121495334
0.05780277777777778 152.49241121495334
0.05819722222222222 152.37815298507468
0.06066111111111111 152.640279329609
0.060675 152.640279329609
0.06091666666666667 152.640279329609
0.06119722222222222 152.640279329609
0.06336111111111112 152.3940555555556
0.06383888888888889 155.02696857670983
0.06403333333333333 155.02696857670983
0.06666666666666667 154.54018382352947
0.0669 154.54018382352947
0.06903888888888889 154.35168807339454
0.06960833333333333 154.35168807339454
0.07180277777777777 155.4591256830602
0.07189166666666667 155.4591256830602
0.07225555555555556 155.4591256830602
0.07252777777777777 155.4591256830602
0.07470555555555555 156.04704174228684
0.07509444441666667 156.04704174228684
0.07537777777777778 156.04704174228684
0.07730833333333334 156.2675812274369
0.07735833333333333 156.2675812274369
0.07755 156.2675812274369
0.07790555555555556 156.2675812274369
0.08013611111111112 156.37685251798567
0.08032777777777778 156.37685251798567
0.08044444444444444 156.37685251798567
0.08309722222222223 156.29624775583488
0.08333888888888889 156.29624775583488
0.08374444444444444 156.29624775583488
0.08658611111111111 156.29624775583488
0.08852777777777777 159.51329159212884
0.08890833333333334 159.51329159212884
0.089075 159.51329159212884
0.08938888888888889 159.51329159212884
0.09148611111111112 159.89365418894835
0.09181388886111111 159.89365418894835
0.09428333333333333 159.5308672566372
0.09429722222222223 159.5308672566372
0.09464166666666667 159.5308672566372
0.09705 159.0655281690141
0.09708611111111111 159.0655281690141
0.09740277777777778 159.0655281690141
0.09988888888888889 158.37921190893172
0.10028055555555555 158.37921190893172
0.10028055555555555 158.37921190893172
0.10275 157.59335652173914
0.10303333333333334 157.59335652173914
0.10343055555555555 157.59335652173914
0.106175 156.87897923875434
0.10812222222222222 156.68117241379312
0.10859722222222222 156.68117241379312
0.10864166666666666 156.68117241379312
0.10906388888888889 156.68117241379312
0.11118333333333333 157.0705308219178
0.11178333333333333 157.0705308219178
0.11381111111111111 156.71988074957412
0.11397222222222222 156.71988074957412
0.11424166666666667 156.71988074957412
0.11465833333333333 156.71988074957412
0.11699444444444444 156.06884940778346
0.11701944444444444 156.06884940778346
0.11979166666666667 155.9589038785835
0.12023611111111111 155.9589038785835
0.12215 155.77255462184877
0.12234444444444445 155.7143624161074
0.12528055555555556 155.8034840871022
0.12548055555555557 155.8034840871022
0.12812777777777778 155.9073745819398
0.12826666666666667 155.9073745819398
0.12850555555555557 155.9073745819398
0.1305138888888889 155.9073745819398
0.13091666666666665 155.73530884808014
0.13102222222222223 155.73530884808014
0.13334444444444443 156.97796019900497
0.1337861111111111 156.97796019900497
0.13384722222222223 156.97796019900497
0.13660277777777777 158.7079338842975
0.1388888888888889 158.54331683168314
0.13938055555555556 158.54331683168314
0.13938055555555556 158.54331683168314
0.13955277777777778 158.54331683168314
0.13965555555555556 158.54331683168314
0.1422277777777778 158.29129934210525
0.14449444441666667 158.21269293924465
0.14511666666666667 158.13903278688522
0.14527777777777778 158.13903278688522
0.14529166666666668 158.13903278688522
0.14722222222222223 157.75236928104573
0.14805833333333332 157.75236928104573
0.14808055555555555 157.75236928104573
0.15057222219444444 157.90811688311686
0.1508722222222222 157.90811688311686
0.15102222219444444 157.90811688311686
0.15333333333333332 157.64610032362455
0.155625 157.3181451612903
0.15642777777777778 157.3181451612903
0.15896944444444444 156.7157051282051
0.15920277777777778 156.7157051282051
0.15943333333333334 156.7157051282051
0.16129999997222222 156.36065495207663
0.16206944444444443 156.20940988835721
0.16395833333333334 156.2016401273885
0.16486111111111112 156.1036089030206
0.1674027777777778 155.90969889064974
0.1676388888888889 155.90969889064974
0.16964444444444443 155.4749842271293
0.17021111111111112 155.4749842271293
0.1704277777777778 155.34332283464565
0.1704277777777778 155.34332283464565
0.17333333333333334 157.18483568075115
0.17503611111111111 157.18483568075115
0.17802777777777778 157.18483568075115
0.1780861111111111 157.18483568075115
0.17868333333333333 157.18483568075115
0.17889722222222224 157.18483568075115
0.18082777777777778 158.02135937499997
0.18155833333333332 158.60533541341653
0.18176944444444446 158.60533541341653
0.18373055552777778 158.43713395638628
0.18431111111111112 158.47659409020216
0.1865 158.20465116279067
0.18735833333333332 158.20465116279067
0.190125 158.02901081916536
0.19015 158.02901081916536
0.19196666666666667 158.02901081916536
0.1927638888888889 157.89222222222222
0.19289166666666666 157.7570724191063
0.19295277777777778 157.7570724191063
0.1948111111111111 157.66550769230767
0.19559444444444443 157.62941628264207
0.19565555555555555 157.62941628264207
0.19573055555555555 157.62941628264207
0.1984861111111111 157.62941628264207
0.19850833333333334 157.62941628264207
0.19853888888888888 157.62941628264207
0.20051944444444444 157.5533588957055
0.20132777777777777 157.14738931297705
0.2031888888888889 157.36568597560972
0.20373611111111112 157.36568597560972
0.20609444444444444 156.923535660091
0.2066611111111111 156.60163388804835
0.20688055555555557 157.95048338368574
0.2068916666388889 157.95048338368574
0.2088611111111111 157.7630618401206
0.20895555555555556 157.7630618401206
0.20946666666666666 158.681641566265
0.2096888888888889 158.95487218045108
0.20971666666666666 158.95487218045108
0.21173333333333333 158.62991004497746
0.21234444444444445 158.62991004497746
0.21250555555555556 158.62991004497746
0.21794444444444444 160.15821428571425
0.21804166666666666 160.15821428571425
0.21806944444444445 160.15821428571425
0.220025 159.96509658246654
0.22010277777777779 159.96509658246654
0.22086944444444445 159.96509658246654
0.22092777777777778 159.96509658246654
0.2228388888888889 159.596124260355
0.223675 159.596124260355
0.22565277777777779 159.596124260355
0.228375 159.4477843426883
0.22847222222222222 159.4477843426883
0.2311888888888889 159.26290132547862
0.23126388888888888 159.26290132547862
0.2319 159.26290132547862
0.23203055552777777 159.26290132547862
0.23206388886111112 159.26290132547862
0.2339527777777778 159.0199265785609
0.23479444444444444 158.93215542521992
0.23485277777777777 158.93215542521992
0.23676666666666665 158.80135964912276
0.23755555555555555 158.67997080291966
0.2376638888888889 158.67997080291966
0.23965833333333333 158.82138081395343
0.23965833333333333 158.82138081395343
0.24035555555555554 158.82138081395343
0.24038055555555554 158.82138081395343
0.24044166666666666 158.82138081395343
0.2424138888888889 158.53571014492746
0.2424138888888889 158.53571014492746
0.24311388888888888 158.41526772793046
0.24315833333333334 158.41526772793046
0.24524166666666666 158.38033236994212
0.24524166666666666 158.38033236994212
0.246025 158.38033236994212
0.24804444444444446 159.63956958393106
0.24804444444444446 159.63956958393106
0.24879166666666666 159.63956958393106
0.24881666666666666 159.63956958393106
0.2508916666666667 160.37759999999992
0.2515 160.37759999999992
0.2515 160.37759999999992
0.2516055555555556 160.37759999999992
0.25366944444444445 160.1761965811965
0.25376944444444444 160.1761965811965
0.254325 160.1761965811965
0.25451111111111113 160.1761965811965
0.2564916666666667 161.67648648648643
0.25653333333333334 161.67648648648643
0.2571361111111111 161.67648648648643
0.2593916666666667 161.52971590909084
0.2599972222222222 161.52971590909084
0.2622138888888889 161.52971590909084
0.262775 161.52971590909084
0.2656722222222222 161.30266949152536
0.26570555555555553 161.30266949152536
0.26770555555555553 161.17015514809586
0.2677861111111111 161.17015514809586
0.2683027777777778 161.17015514809586
0.26855833333333334 161.09446478873232
0.2704611111111111 160.89640449438195
0.2713305555555556 160.89640449438195
0.27332222222222224 160.89640449438195
0.2733555555555556 160.89640449438195
0.27396944444444443 160.89640449438195
0.2761 160.6028111888111
0.27615833333333334 160.6028111888111
0.27896666666666664 160.33748953974887
0.2795222222222222 160.33748953974887
0.28181944444444446 161.34744444444433
0.2844333333333333 161.34744444444433
0.2848333333333333 161.34744444444433
0.2872472222222222 161.31528432732307
0.2876222222222222 161.31528432732307
0.2879805555555556 161.31528432732307
0.288 161.31528432732307
0.29017222219444444 161.2019944598337
0.2901861111111111 161.2019944598337
0.2905083333333333 161.2019944598337
0.29085555555555553 161.2019944598337
0.2929638888888889 161.1307734806629
0.2930611111111111 161.1307734806629
0.2960111111111111 161.07381542699716
0.29641388888888887 161.07381542699716
0.296425 161.07381542699716
0.29865833333333336 160.9529986244841
0.298925 160.9529986244841
0.29922777777777776 160.82417582417574
0.2992388888888889 160.82417582417574
0.30206944444444445 160.82417582417574
0.3020833333333333 160.82417582417574
0.30455 160.80156378600816
0.30493055555555554 160.80156378600816
0.3058722222222222 160.80156378600816
0.3071083333333333 160.87338356164375
0.3076138888888889 160.87338356164375
0.3086833333333333 160.87338356164375
0.3100222222222222 163.11294277929147
0.3129972222222222 162.9001902173912
0.31329444441666665 162.9001902173912
0.3133444444444444 162.9001902173912
0.3143 162.9001902173912
0.316025 164.61244233378554
0.3161416666388889 164.61244233378554
0.3171583333333333 164.7960351826792
0.31861666666666666 164.7960351826792
0.3211555555555556 165.45813765182177
0.3213666666666667 165.45813765182177
0.3218388888611111 165.45813765182177
0.32273888886111113 165.45813765182177
0.32433055555555557 165.38921832884088
0.32445277777777776 165.38921832884088
0.3283 165.47775838926165
0.3296611111111111 165.34821715817685
0.3312027777777778 165.34821715817685
0.33245 165.2595053475935
0.333125 165.2595053475935
0.3339083333333333 165.2595053475935
0.33589444444444444 166.41718666666657
0.3367666666388889 166.31976063829777
0.33685 166.31976063829777
0.3383527777777778 166.31976063829777
0.34429166666666666 166.0077278731835
0.3460388888888889 165.88209762532972
0.3488888888888889 166.31684210526305
0.34957222222222223 166.31684210526305
0.34981944444444446 166.31684210526305
0.3506555555277778 166.241997371879
0.3517388888888889 167.3159239842725
0.35235 167.3159239842725
0.35265 167.3159239842725
0.3545611111111111 167.57205497382188
0.35539166666666666 167.57205497382188
0.35541388888888886 167.57205497382188
0.3562444444444444 167.4441045751633
0.3575083333333333 170.59689295039152
0.35794444444444445 170.59689295039152
0.35825833333333335 171.601773142112
0.3603277777777778 171.601773142112
0.36070277777777776 171.601773142112
0.36099166666666666 171.601773142112
0.3611138888888889 171.601773142112
0.36184444444444447 171.43165364583322
0.36320277777777776 171.43165364583322
0.3635277777777778 171.43165364583322
0.3638111111111111 171.26146944083214
0.3646638888888889 171.26146944083214
0.366325 171.12977922077908
0.366675 171.09749675745772
0.36750555555555553 171.17080310880817
0.37032777777777776 172.11301033591715
0.37190833330555556 171.97540645161277
0.37223333333333336 171.94195876288643
0.373075 171.94195876288643
0.37483333333333335 172.29237789203071
0.3758666666388889 172.29237789203071
0.37648333333333334 172.29237789203071
0.3776333333333333 172.10962772785606
0.3778944444444444 172.10962772785606
0.37875277777777777 171.9905897435896
0.37933055555555556 171.9905897435896
0.3804972222222222 171.9905897435896
0.3806333333333333 171.9905897435896
0.3842611111111111 171.89663682864438
0.3849111111111111 171.89663682864438
0.3863138888888889 171.7650063856959
0.38706944444444447 171.7650063856959
0.38763333333333333 171.7650063856959
0.38772222222222225 171.7650063856959
0.3888888888888889 171.7650063856959
0.3892055555555556 171.59441326530597
0.39043055555555556 171.4792493638675
0.3904888888888889 171.4792493638675
0.39197499997222224 171.3641168996186
0.39266666666666666 171.3641168996186
0.39336666663888886 171.90544993662846
0.39338055555555557 171.90544993662846
0.39444444444444443 171.90544993662846
0.39473888888888886 171.90544993662846
0.39540277777777777 171.90544993662846
0.3961722222222222 171.90544993662846
0.39725277775 171.90544993662846
0.39802777777777776 173.00611392405042
0.39832222222222224 173.14533501896315
0.3990388888888889 173.1200757575756
0.400075 173.1200757575756
0.40178888888888886 173.1200757575756
0.4036666666666667 173.1200757575756
0.40387222222222224 173.1200757575756
0.40575 173.1200757575756
0.40865833333333335 173.19836065573753
0.40878333330555555 173.19836065573753
0.40935 174.1412342569268
0.4114777777777778 178.04533333333316
0.41209444444444443 178.04533333333316
0.4123222221944444 178.04533333333316
0.41439444444444445 178.01714285714266
0.41509444444444443 177.96356695869818
0.41702222222222224 177.8872749999998
0.4171944444444444 179.8865792759049
0.41778055555555554 179.8865792759049
0.4182722222222222 179.8865792759049
0.41983333333333334 179.8865792759049
0.41999444444444445 179.8865792759049
0.420675 179.8865792759049
0.42275833333333335 180.43408977556086
0.42280833330555556 180.43408977556086
0.4255527777777778 180.8425124378107
0.426325 180.8425124378107
0.4275388888888889 181.04357320099228
0.42907222222222224 181.04357320099228
0.43191944444444447 181.04357320099228
0.43195833333333333 181.04357320099228
0.43471944444444444 184.80011152416333
0.4367333333333333 184.80011152416333
0.4393444444444444 184.89509900990072
0.4421111111111111 185.44964241676914
0.44225277775 185.44964241676914
0.44308611108333334 189.091871921182
0.44308611108333334 189.091871921182
0.44492777777777776 189.091871921182
0.44524722222222224 189.091871921182
0.44597777777777775 189.091871921182
0.44597777777777775 189.091871921182
0.44785833333333336 189.4399138991387
0.44805555555555554 189.4399138991387
0.4515638888888889 189.47468058968028
0.4534416666666667 189.47468058968028
0.45640277777777777 189.6389938650304
0.4566 189.6389938650304
0.45745833333333336 190.32297794117616
0.4590444444444444 190.56008567931428
0.45942777777777777 190.56008567931428
0.46175 194.64514041514013
0.46221388888888887 194.64514041514013
0.46300277777777776 194.64514041514013
0.464625 194.97576829268266
0.46498055555555556 194.97576829268266
0.46555277777777776 194.97576829268266
0.4674833333333333 194.97576829268266
0.4677972222222222 197.69606577344675
0.46846944444444444 197.69606577344675
0.46852222222222223 197.69606577344675
0.4703555555555556 198.86243013365706
0.4706361111111111 198.86243013365706
0.4706361111111111 198.86243013365706
0.47315555552777777 198.86243013365706
0.47357499997222224 198.86243013365706
0.4740583333055556 198.86243013365706
0.4741361111111111 198.86243013365706
0.47633055555555553 198.86243013365706
0.47681388888888887 198.86243013365706
0.47688888888888886 198.86243013365706
0.47879166666666667 199.39830097087352
0.4791888888888889 199.39830097087352
0.47965833333333335 199.39830097087352
0.479775 199.39830097087352
0.48165833333333335 199.39830097087352
0.48199166666666665 199.39830097087352
0.4820027777777778 199.39830097087352
0.4845333333333333 199.39830097087352
0.4847861111111111 200.67970909090883
0.4852444444444444 200.67970909090883
0.48543333333333333 200.67970909090883
0.48734444444444447 200.67970909090883
0.4877138888888889 204.7415012106535
0.48814166666666664 205.91743651753296
0.48825555555555555 205.91743651753296
0.49044444444444446 205.91743651753296
0.49101666666666666 205.91743651753296
0.49111944444444444 205.91743651753296
0.4929611111111111 207.71243961352627
0.49323333333333336 207.71243961352627
0.49388611111111114 207.71243961352627
0.49567222222222224 210.04668674698763
0.4961083333333333 210.04668674698763
0.4965527777777778 210.04668674698763
0.5013555555555556 210.04668674698763
0.5022944444444445 210.26681107099847
0.5040944444444444 210.26681107099847
0.5048694444444445 210.26681107099847
0.5076472222222222 210.50643028846122
0.5077527777777778 210.50643028846122
0.5078777777777778 210.50643028846122
0.5104666666666666 212.01331332532982
0.5106083333333333 212.43185318892867
0.5106194444444444 212.43185318892867
0.512625 212.63550602409606
0.5134666666666666 212.83662243667038
0.5136861111111111 212.83662243667038
0.51625 213.07173913043445
0.5181805555555555 213.58171290711667
0.5193777777777778 215.19630880578978
0.519475 215.19630880578978
0.5195611111111111 215.19630880578978
0.5209555555555555 215.19630880578978
0.5222305555555555 216.02230676328472
0.522775 216.02230676328472
0.5250305555555556 217.37214545454512
0.5255944444444445 217.37214545454512
0.5277888888888889 217.99762773722594
0.5292666666666667 217.99762773722594
0.5296888888888889 218.18973203410445
0.5307611111111111 218.79682151589213
0.5320444444444444 218.79682151589213
0.5325055555555556 219.2592401960781
0.5335861111111111 219.62759213759185
0.533975 219.62759213759185
0.5367916666666667 220.9856720098641
0.5377888888888889 220.9856720098641
0.5381694444444445 221.62173267326702
0.5404638888888889 221.97460297766722
0.5419555555555555 222.62578553615933
0.5432861111111111 222.62578553615933
0.5438555555555555 222.92244999999969
0.5447416666666667 223.23097744360874
0.54605 227.66272841051287
0.5467555555555556 227.984880803011
0.5502888888888889 231.81532156368186
0.551725 235.13564231738
0.5523416666666666 235.6403535353532
0.5531138888888889 235.6403535353532
0.5546055555555556 235.6403535353532
0.5559583333333333 236.38745870393868
0.5569972222222223 236.38745870393868
0.5573972222222222 236.38745870393868
0.5578666666666666 237.63519745222897
0.56025 240.77073885350288
0.5614638888888889 241.54309859154895
0.5626472222222222 241.54309859154895
0.5630638888888889 241.54309859154895
0.5634916666666666 241.8140769230766
0.5642666666666667 242.33991002570664
0.5653638888888889 242.33991002570664
0.5662833333333334 242.33991002570664
0.5671222222222222 242.65091494845333
0.5699861111111111 243.18662790697647
0.5705111111111111 243.18662790697647
0.5710472222222223 243.18662790697647
0.57135 243.18662790697647
0.5727861111111111 243.6706103896101
0.5734222222222223 243.6706103896101
0.5757138888888889 244.18069100391102
0.5761888888888889 244.18069100391102
0.57695 244.18069100391102
0.5790111111111111 244.9585583224112
0.5798055555555556 244.9585583224112
0.5827027777777778 245.63410526315752
0.5882194444444444 245.54152116402085
0.5885083333333333 245.54152116402085
0.5899666666666666 245.74234042553158
0.5912972222222223 245.74234042553158
0.5924222221944444 246.2617466666663
0.5935083333333333 246.2617466666663
0.5938083333333334 246.2617466666663
0.5941611111111111 246.2617466666663
0.5962861111111111 246.82966532797823
0.5967027777777778 246.82966532797823
0.5970138888888888 246.82966532797823
0.5980027777777778 247.32163978494592
0.5983333333333334 247.32163978494592
0.5991444444444445 247.32163978494592
0.6008944444166666 247.61802968960828
0.6010805555555555 247.61802968960828
0.6019472222222222 247.61802968960828
0.6022833333055555 247.61802968960828
0.6036638888888889 248.24172086720833
0.6038222222222223 248.24172086720833
0.6046916666666666 248.24172086720833
0.6066722222222222 248.5341519674352
0.6079555555555556 248.5341519674352
0.60922777775 248.5039427012275
0.6094972222222222 248.5039427012275
0.6098777777777777 248.5039427012275
0.6102916666666667 248.5039427012275
0.6124 248.83871409028697
0.6131222221944445 248.83871409028697
0.6135027777777777 248.83871409028697
0.6148444444444444 249.3089408528195
0.6152027777777778 249.3089408528195
0.6160833333333333 249.3089408528195
0.6162305555555555 249.3089408528195
0.6180305555555555 249.55119999999968
0.6188333333333333 249.55119999999968
0.6205 249.89260027662485
0.6218805555555555 249.89260027662485
0.6221555555555556 250.08587257617697
0.6251694444444444 249.82185852981937
0.6268472222222222 249.8319471488175
0.6307722222222222 250.7063916083913
0.6325 251.05604488078512
0.6327333333333334 251.05604488078512
0.6329694444444445 251.05604488078512
0.6330361111111111 251.05604488078512
0.6353833333333333 251.09867605633775
0.6355638888888889 251.09867605633775
0.6385416666666667 251.23991537376554
0.6409138888888889 252.32231534090877
0.6414499999722222 252.32231534090877
0.6442138888888889 251.95290184921734
0.6446888888888889 252.15455840455806
0.6466722222222222 252.52852646638024
0.6471305555555555 252.52852646638024
0.6496333333333333 252.87837643678134
0.6496472222222223 252.87837643678134
0.64995 252.87837643678134
0.6503666666666666 252.87837643678134
0.6527694444166666 253.40070707070677
0.6531361111111111 253.40070707070677
0.6552138888888889 253.5343930635835
0.6555694444444444 253.5343930635835
0.6579694444444445 253.71568115941997
0.6581222221944445 253.71568115941997
0.6583055555555556 253.71568115941997
0.658875 253.71568115941997
0.6607638888888889 254.24858806404632
0.6609527777777777 254.24858806404632
0.6617916666666667 253.77274052478106
0.6639388888888889 253.9795620437953
0.6648416666666667 254.1925584795319
0.6657888888888889 254.43187408491917
0.6667944444444445 254.43187408491917
0.66860277775 254.514743024963
0.6694 254.514743024963
0.6695861111111111 254.514743024963
0.6703833333333333 254.20192930780533
0.6722222222222223 254.7004579025108
0.6724 254.7004579025108
0.6732194444444445 254.7004579025108
0.6733055555555556 254.7004579025108
0.6801055555555555 255.39997019374044
0.6815138888888889 255.62131343283556
0.6834944444444444 256.12871257485006
0.6840611111111111 256.36128935532207
0.6843416666666666 256.5639039039036
0.6863805555277778 256.5639039039036
0.6892083333333333 257.00164156626477
0.69005 257.00164156626477
0.6925055555555556 256.7806505295006
0.6928138888888888 257.093015151515
0.6940972222222223 257.38387537993896
0.6954027777777778 257.04242009132395
0.6986611111111111 257.5375422427033
0.700925 257.6270461538459
0.7009583333333333 257.6270461538459
0.7011111111111111 257.6270461538459
0.7014777777777778 257.85268104776554
0.7037472221944444 258.2317156105098
0.7040416666666667 258.2317156105098
0.7052583333333333 258.2317156105098
0.7065472222222222 258.3715325077397
0.7066222222222223 258.3715325077397
0.7067388888888889 258.53888372092996
0.7070916666666667 259.2332503888022
0.7093722221944444 259.5579095163804
0.7094861111111112 259.80773437499977
0.7100805555555556 260.47998432601855
0.710925 260.47998432601855
0.7133277777777778 261.36275590551156
0.713725 261.36275590551156
0.7150111111111112 261.36275590551156
0.7156444444444444 261.36275590551156
0.7161527777777777 261.36275590551156
0.7184805555555556 261.5664398734175
0.7212722222222222 262.09654458598703
0.7216777777777778 262.09654458598703
0.721825 262.09654458598703
0.7273916666666667 262.7785759999998
0.7288416666666667 263.4667255216691
0.7299055555555556 263.4667255216691
0.7328 264.4087540453072
0.732975 264.4087540453072
0.7343888888888889 264.6423176661262
0.7354611111111111 265.09439024390224
0.7356027777777778 265.09439024390224
0.7372194444166666 265.28081433224736
0.7381944444444445 264.6634967320259
0.7385277777777778 264.6634967320259
0.7385388888611111 264.6634967320259
0.7410333333055555 264.7726523887971
0.7410333333055555 264.7726523887971
0.7428 265.4986115702477
0.7439111111111111 265.9466003316747
0.7467083333333333 266.9580166666664
0.7467222222222222 266.9580166666664
0.7469388888888889 266.9580166666664
0.7469527777777778 266.9580166666664
0.7478444444166666 266.9580166666664
0.7494861111111111 268.02337248322124
0.7495916666666667 268.02337248322124
0.7497444444444444 268.02337248322124
0.7522805555555555 269.1208614864862
0.7533611111111111 269.1208614864862
0.7552805555555555 270.00812925170044
0.7590305555555555 269.4001538461536
0.7629111111111111 270.61311531841625
0.7637277777777778 270.61311531841625
0.7644666666666666 270.61311531841625
0.7656222221944444 270.61311531841625
0.7665638888888889 271.2512435233158
0.76845 271.87161458333304
0.7693583333333334 272.2389565217389
0.7700722222222223 272.2389565217389
0.7741194444444445 273.7252280701752
0.7749583333333333 273.7252280701752
0.7756805555555556 273.7252280701752
0.7775888888888889 273.7667253521124
0.7777777777777778 273.7667253521124
0.7798916666666666 274.45063604240255
0.7804305555555555 274.45063604240255
0.7806888888888889 274.45063604240255
0.7853305555555555 275.4500532859678
0.7886666666666666 276.1623255813952
0.7909972222222222 276.6272432432431
0.7915555555555556 276.6272432432431
0.794875 277.2626763110306
0.7958249999722222 277.2626763110306
0.7981611111111111 278.1003636363635
0.7991 278.6565693430655
0.8038694444444444 279.7940257352939
0.8059638888611111 280.7556931608131
0.8087666666666666 281.68962825278794
0.8088111110833334 281.68962825278794
0.8091722222222222 281.68962825278794
0.8093194444444445 281.68962825278794
0.8100305555555556 282.0252141527
0.8128527777777778 282.0252141527
0.8156722222222222 283.29362101313296
0.8163 282.5541431261769
0.8171583333333333 282.5541431261769
0.8194472222222222 283.34325141776924
0.8198861111111111 283.34325141776924
0.8227749999722223 284.9121333333332
0.8256222221944445 285.6145889101337
0.8259333333333333 285.6145889101337
0.8278277777777778 285.6145889101337
0.8283833333333334 285.78279693486576
0.8316361111111111 284.43303846153833
0.8322861111111111 284.43303846153833
0.8339777777777778 285.7115860735008
0.8344611111111111 285.7115860735008
0.836725 286.1281007751936
0.836725 286.1281007751936
0.8396 287.1521052631578
0.8396583333333333 287.1521052631578
0.8423638888888889 287.1521052631578
0.8428166666666667 287.1521052631578
0.8433638888888889 287.1521052631578
0.8452944444444445 287.3349023437499
0.8480166666666666 287.72197651663396
0.8485944444444444 287.72197651663396
0.8503166666666667 287.18165354330705
0.8507861111111111 287.5499408284023
0.8509111111111111 287.5499408284023
0.8531888888888889 288.69263888888884
0.8561583333333334 290.1280039920159
0.8562833333333333 290.54796
0.8581972222222222 291.5469477911646
0.8617388888888889 293.45505070993903
0.8637777777777778 294.08632653061215
0.8647138888611111 294.81749999999994
0.8665666666666667 294.94798767967137
0.8671305555555555 295.1599176954732
0.8687166666666667 295.47828865979375
0.8694083333333333 295.47828865979375
0.8713972222222223 295.9996487603305
0.8722222222222222 296.36283643892335
0.8739138888888889 297.44854469854465
0.8742388888888889 297.44854469854465
0.8770416666666667 299.00167364016727
0.8783972222222223 299.57857142857137
0.8831555555555556 300.73391949152534
0.8834611111111111 300.73391949152534
0.8862638888888889 301.67276595744676
0.8890111111111111 303.4692903225806
0.8893416666666667 304.0336206896551
0.8898777777777778 304.0336206896551
0.8911944444444444 305.0346103896103
0.89275 306.12484782608686
0.8930361111111111 306.12484782608686
0.8972611111111111 304.69163355408375
0.8981388888888889 303.1499999999999
0.89875 303.59882483370285
0.9077916666666667 304.2280674157303
0.9092166666666667 305.20203160270876
0.9105277777777778 305.7797058823529
0.9128833333333334 302.94895216400903
0.9134055555555556 302.94895216400903
0.9140444444444444 302.94895216400903
0.9146111111111112 302.181301369863
0.915675 302.5505034324942
0.9170277777777778 303.0582110091743
0.9217305555555556 306.29258139534875
0.9240972222222222 307.34467289719623
0.9242833333333333 307.34467289719623
0.9268166666666666 307.53145539906103
0.9270861111111112 307.53145539906103
0.9339555555277778 309.07109004739334
0.9392333333055556 310.01173809523806
0.9393472222222222 310.57107398568013
0.9397083333333334 310.57107398568013
0.9401916666666666 310.57107398568013
0.9427416666666667 311.64553956834527
0.9475416666666666 314.6831630170316
0.9498944444444445 315.8756234718826
0.9536194444444445 312.7632432432432
0.957225 311.890074074074
0.9574777777777778 311.2274504950494
0.9605222222222223 311.06141791044763
0.9609861111111111 311.06141791044763
0.9633722222222222 312.90035087719286
0.9676527777777778 315.5330632911392
0.9686472222222222 317.1709693877551
0.9689388888888889 317.1709693877551
0.9770416666666667 322.42329842931935
0.9846222222222222 326.84727272727275
0.9877 328.08683783783783
0.9880388888888889 325.3365040650407
0.9928444444444444 328.7879395604396
0.9944555555555555 330.81614958448756
0.9948388888888889 330.81614958448756
1.002236111111111 332.68179271708686
1.0065583333333334 330.3562994350283
1.0094527777777778 332.6313390313391
1.0162805555555556 337.7791569767443
1.0185972222222222 338.5878717201167
1.0193305555555556 338.5878717201167
1.021136111111111 340.2904129793511
1.0229972222222221 341.7841246290802
1.0342416666666667 348.1070642201836
1.045611111111111 354.4932601880879
1.0496 354.8551735015774
1.0505055555555556 355.8619620253166
1.05785 360.92375404530753
1.0588444444444445 361.7993181818183
3.0633222221944445 152.8269900497513
3.0673777777777778 152.64619753086424
3.0712361111111113 151.77244498777512
3.0719666666666665 151.5245853658537
3.074736111111111 151.73343825665864
3.0768222222222223 151.73343825665864
3.077561111111111 151.94613526570055
3.0814666666666666 151.129090909091
3.086 151.73595238095245
3.0870527777777776 151.73595238095245
3.089938888888889 151.47533175355457
3.0910888888888888 151.47533175355457
3.0916333333055555 151.47533175355457
3.0938583333333334 151.29749408983457
3.0944444444444446 151.14058962264156
3.0966555555277777 152.0771361502348
3.0966555555277777 152.0771361502348
3.097341666666667 152.0771361502348
3.0973805555555556 152.0771361502348
3.098375 156.35880562060896
3.0994527777777776 156.35880562060896
3.1001166666666666 156.35880562060896
3.1002305555555556 156.35880562060896
3.102988888888889 157.86596736596744
3.10315 157.86596736596744
3.105741666666667 157.6978837209303
3.1059444444444444 157.6978837209303
3.1088722222222223 157.6978837209303
3.1090583333333335 157.6978837209303
3.1142416666666666 161.2931954022989
3.1146305555555553 161.2931954022989
3.117097222222222 164.91906178489708
3.1173888888888888 164.91906178489708
3.120261111111111 165.04863325740322
3.120416666666667 165.04863325740322
3.1223388888888888 164.5749321266969
3.1226694444444445 164.5749321266969
3.123113888861111 164.5749321266969
3.1231944444444446 164.5749321266969
3.125172222222222 165.3743049327355
3.1255083333333333 165.3743049327355
3.12605 165.3743049327355
3.1283583333333334 164.96245535714291
3.128711111111111 164.96245535714291
3.1293305555555557 164.96245535714291
3.1312361111111113 168.09208888888892
3.1314888888888888 168.09208888888892
3.1315944444444446 168.09208888888892
3.1322638888888887 168.09208888888892
3.1340555555555554 168.1656541019956
3.1351388888888887 168.1656541019956
3.1369305555555558 168.1656541019956
3.1373027777777778 168.1656541019956
3.1379361111111113 168.1656541019956
3.139861111111111 168.1656541019956
3.1436027777777777 168.02834070796467
3.1449666666388887 169.85615894039742
3.1464166666666666 169.57550438596496
3.1466805555555557 169.57550438596496
3.147866666666667 169.57550438596496
3.14825 169.57550438596496
3.149575 169.09058823529418
3.1499027777777777 169.09058823529418
3.1506083333333335 169.09058823529418
3.1509916666666666 169.09058823529418
3.1526944444444442 168.94480434782616
3.155472222222222 168.97678958785255
3.1561916666666665 168.97678958785255
3.156625 168.82274891774898
3.1581833333055553 173.19863930885535
3.1590083333333334 173.19863930885535
3.1595194444444443 173.19863930885535
3.1596805555555556 173.19863930885535
3.161841666638889 175.69965517241386
3.1625722222222223 175.69965517241386
3.164597222222222 175.46608602150542
3.164919444416667 175.46608602150542
3.1651527777777777 175.46608602150542
3.167419444416667 178.66008565310497
3.1677694444444446 178.66008565310497
3.168222222222222 178.66008565310497
3.169427777777778 178.66008565310497
3.170286111111111 183.06380341880347
3.170758333333333 183.06380341880347
3.1710194444444446 183.06380341880347
3.1722333333333332 183.06380341880347
3.178166666666667 182.18978947368427
3.1785555555555556 182.18978947368427
3.1791944444444447 182.18978947368427
3.181297222222222 181.83821802935017
3.1822472222222222 181.83821802935017
3.1838055555555558 181.7419874476988
3.1841222222222223 181.49210855949903
3.1847944444444445 181.49210855949903
3.1876749999722223 182.5276556016598
3.1891833333333333 182.5276556016598
3.1894833333333334 182.19178053830234
3.1897527777777777 182.19178053830234
3.1904805555555558 182.19178053830234
3.1920194444444445 182.19178053830234
3.1926194444444445 182.31845041322322
3.1933944444444444 182.31845041322322
3.1948527777777778 182.31845041322322
3.1948527777777778 182.31845041322322
3.1954194444444446 182.31845041322322
3.196263888888889 182.31845041322322
3.197652777777778 182.31845041322322
3.1982194444444443 182.31845041322322
3.2000277777777777 186.7683298969073
3.2007416666666666 186.7683298969073
3.200925 186.7683298969073
3.203491666666667 187.89194672131154
3.209138888888889 186.4054158215011
3.211975 185.41469758064522
3.214155555527778 186.1353306613227
3.214347222222222 186.1353306613227
3.2175833333333332 185.29866799204777
3.2179555555555557 185.29866799204777
3.2222222222222223 185.21482142857147
3.2224805555555553 185.21482142857147
3.223177777777778 185.21482142857147
3.223533333333333 185.21482142857147
3.225052777777778 185.21482142857147
3.225486111111111 185.21482142857147
3.226052777777778 185.21482142857147
3.226227777777778 185.21482142857147
3.227011111111111 184.9136633663367
3.2278805555555556 184.9136633663367
3.2282888888888888 184.9136633663367
3.2292694444444443 184.9136633663367
3.23165 184.9136633663367
3.2326027777777777 184.64324110671942
3.2339777777777776 184.41132149901384
3.2353194444444444 184.4085236220473
3.2379055555277776 189.0877647058824
3.2399944444444446 188.60687500000006
3.2407222222222223 188.60687500000006
3.2435 188.14809338521408
3.2452027777777777 188.29821705426366
3.2481805555555554 187.93830443159933
3.250566666666667 187.93830443159933
3.250913888888889 187.84215384615396
3.251333333333333 187.84215384615396
3.251688888888889 187.54159309021125
3.252225 187.54159309021125
3.253413888888889 187.54159309021125
3.254541666666667 187.2597318007664
3.255072222222222 187.2597318007664
3.2565555555555554 186.95921606118557
3.2574055555555557 186.6796755725192
3.2601416666666667 190.26927893738153
3.2606305555555557 190.26927893738153
3.261111111111111 190.26927893738153
3.262758333333333 190.26927893738153
3.2630333333333335 190.26927893738153
3.263447222222222 190.26927893738153
3.265613888861111 191.561912878788
3.265836111111111 191.561912878788
3.2674694444444445 191.561912878788
3.2682055555555554 191.561912878788
3.2683222221944446 191.561912878788
3.268475 191.561912878788
3.270386111111111 192.24459357277894
3.270966666666667 192.56243396226427
3.271122222222222 192.56243396226427
3.271497222222222 192.56243396226427
3.2732666666666668 192.56243396226427
3.2737194444444446 192.56243396226427
3.2739944444166666 192.56243396226427
3.274052777777778 192.56243396226427
3.2743444444444445 192.56243396226427
3.2766 192.32623352165734
3.276727777777778 192.32623352165734
3.276925 192.32623352165734
3.2795638888888887 193.8341165413535
3.2821944444444444 193.7704307116106
3.2837027777777776 193.7704307116106
3.2874583333333334 194.92959107806703
3.287825 194.92959107806703
3.2879972222222222 194.92959107806703
3.2902555555555555 194.50522222222233
3.2907027777777778 194.50522222222233
3.2920583333333333 194.2097966728282
3.2921388888888887 194.2097966728282
3.29305 194.2097966728282
3.293438888861111 194.2097966728282
3.294983333333333 193.5004044117648
3.2958222221944444 193.5004044117648
3.2973194444444442 196.99677655677667
3.2976888888888887 196.99677655677667
3.2976888888888887 196.99677655677667
3.30055 196.41401459854026
3.3014194444444445 196.54581056466316
3.3017916666666665 196.54581056466316
3.302983333333333 196.03096188747742
3.303425 196.03096188747742
3.304663888888889 196.03096188747742
3.306138888888889 197.70490054249558
3.307463888888889 197.70490054249558
3.309780555527778 197.49662454873658
3.3117111111111113 197.23126126126138
3.3118694444444445 197.23126126126138
3.3125805555555554 196.93435251798573
3.314536111111111 196.66360861759438
3.3146472222222223 196.66360861759438
3.3153833333055553 196.66360861759438
3.3158583333333334 196.66360861759438
3.3161805555555555 196.66360861759438
3.317488888861111 196.66360861759438
3.3181555555555557 196.66360861759438
3.3190305555555555 196.66360861759438
3.322338888888889 196.7991218637994
3.3226722222222222 196.7991218637994
3.3251416666666667 196.7991218637994
3.3266805555555554 196.6395000000001
3.328263888888889 196.5016577540108
3.3286416666666665 196.30222419928836
3.328927777777778 196.1002486678509
3.3307944444444444 195.88083333333344
3.3328416666666665 195.36342756183757
3.3341805555555557 195.33823943661983
3.336997222222222 195.0922105263159
3.3383861111111113 194.81446584938718
3.3417944444166667 195.6503321678323
3.3420111111111113 195.6503321678323
3.344 196.7483769633509
3.344786111111111 197.23034843205585
3.346808333333333 197.23034843205585
3.34755 197.23034843205585
3.349172222222222 197.23034843205585
3.349625 197.23034843205585
3.349625 197.23034843205585
3.3520055555555555 197.23034843205585
3.3547416666666665 197.23674782608705
3.355986111111111 197.23674782608705
3.3606944444444444 197.25289930555564
3.36357777775 197.72544982698972
3.3638194444444443 197.72544982698972
3.364325 197.72544982698972
3.3643444444444444 197.72544982698972
3.366355555527778 197.72544982698972
3.367086111111111 197.78189655172423
3.369108333333333 197.78189655172423
3.369877777777778 198.90018900343654
3.3719916666666667 198.90018900343654
3.3721638888888887 199.86370497427112
3.3732555555555557 199.86370497427112
3.3739166666666667 199.86370497427112
3.374808333333333 199.86370497427112
3.3754333333333335 199.86370497427112
3.377588888888889 199.86370497427112
3.3777694444444446 199.86370497427112
3.3789666666666665 199.86370497427112
3.380663888888889 199.86370497427112
3.3816611111111112 199.86370497427112
3.382286111111111 199.86370497427112
3.3833555555555557 199.86370497427112
3.384461111111111 199.84719178082204
3.385075 199.84719178082204
3.386233333333333 199.84719178082204
3.387252777777778 199.84719178082204
3.389 201.45994880546087
3.3918638888611112 201.45994880546087
3.3929722222222223 201.51183673469401
3.3945583333333333 201.51183673469401
3.3947083333333334 206.2256536502548
3.397525 206.3834576271188
3.3997333333333333 206.3834576271188
3.4004305555555554 206.3834576271188
3.4014083333333334 206.99524534686984
3.4023583333333334 207.52376689189202
3.4025555555555558 207.52376689189202
3.4042555555555554 207.52376689189202
3.4051555555555555 207.52376689189202
3.4053916666666666 207.52376689189202
3.4059666666666666 207.52376689189202
3.4082999999722223 207.52376689189202
3.408855555527778 207.52376689189202
3.411461111111111 209.45308080808093
3.4138722222222224 209.45308080808093
3.4163277777777776 209.59289075630264
3.4167472222222224 209.59289075630264
3.4170666666666665 209.59289075630264
3.417238888888889 209.59289075630264
3.4192805555555554 209.59289075630264
3.41965 209.59289075630264
3.4199805555555556 209.59289075630264
3.4221138888888887 210.3659228187921
3.4224527777777776 210.3659228187921
3.422858333333333 210.3659228187921
3.4228944444444442 210.3659228187921
3.4249805555555555 210.58809045226144
3.4277777777777776 216.78297161936575
3.428072222222222 216.78297161936575
3.42835 216.78297161936575
3.42845 216.78297161936575
3.4290666666666665 216.78297161936575
3.430633333333333 216.78297161936575
3.4333833333333335 218.26361064891861
3.4339916666666666 218.26361064891861
3.436288888888889 219.61034883720944
3.436738888888889 219.61034883720944
3.4380194444444445 219.61034883720944
3.4391805555555557 222.5524378109454
3.43965 222.5524378109454
3.442047222222222 222.5524378109454
3.442461111111111 222.5524378109454
3.4424722222222224 222.5524378109454
3.4431805555555557 222.5524378109454
3.44637777775 224.42531456953654
3.4480416666666667 224.42531456953654
3.4507416666666666 226.64125619834724
3.4507805555555557 226.64125619834724
3.4508722222222223 226.64125619834724
3.4523027777777777 229.2225577557757
3.453738888861111 229.2225577557757
3.455163888888889 229.2225577557757
3.45535 229.2225577557757
3.456311111111111 229.2225577557757
3.4565111111111113 229.2225577557757
3.458 229.57678747940705
3.458197222222222 229.57678747940705
3.4591694444444445 229.57678747940705
3.4607888888888887 229.57678747940705
3.4620499999722223 233.46430921052644
3.464813888888889 233.46430921052644
3.465061111111111 233.46430921052644
3.4651194444444444 233.46430921052644
3.4676388888888887 235.37889983579652
3.46795277775 235.37889983579652
3.470525 235.37889983579652
3.4718805555555554 236.3783934426231
3.4724138888888887 236.3783934426231
3.473425 236.3783934426231
3.4757805555555557 237.9065793780689
3.4774861111111113 237.9065793780689
3.47855 237.9065793780689
3.4807916666666667 247.01632952691702
3.4842333333333335 247.01632952691702
3.484363888861111 247.01632952691702
3.4852083333333335 247.01632952691702
3.4881361111111113 248.4368078175898
3.4896611111111113 248.4368078175898
3.4908805555555555 249.98513821138232
3.492475 249.98513821138232
3.4937638888888887 251.02574675324698
3.494188888888889 251.02574675324698
3.495302777777778 251.02574675324698
3.4965722222222224 251.02574675324698
3.4969333333055554 251.02574675324698
3.49857777775 251.02574675324698
3.4993861111111113 251.02574675324698
3.4998833333333335 251.02574675324698
3.501436111111111 251.02574675324698
3.502213888888889 252.45833063209096
3.502213888888889 252.45833063209096
3.502674999972222 252.45833063209096
3.5042305555555555 252.45833063209096
3.5045305555555557 252.45833063209096
3.5050083333333335 252.45833063209096
3.5050083333333335 252.45833063209096
3.506938888888889 252.45833063209096
3.5078555555555555 252.45833063209096
3.510083333333333 252.45833063209096
3.510211111111111 252.45833063209096
3.5107083333333335 253.98577669902934
3.5128333333333335 257.2593214862684
3.5133638888888887 257.2593214862684
3.515816666666667 262.45504838709695
3.519302777777778 267.55421900161053
3.5213666666666668 267.55421900161053
3.524227777777778 272.7714951768491
3.5246555555555554 272.7714951768491
3.525338888888889 272.7714951768491
3.5304611111111113 272.7714951768491
3.5322027777777776 272.7714951768491
3.5332555555555554 272.7714951768491
3.5337555555555555 272.7714951768491
3.5364166666666668 272.7714951768491
3.538838888888889 272.7714951768491
3.5392166666666665 272.7714951768491
3.5400027777777776 272.7714951768491
3.542011111111111 275.62497592295364
3.5425805555555554 275.62497592295364
3.5453833333055558 275.62497592295364
3.547605555527778 275.62497592295364
3.5481611110833335 275.62497592295364
3.54895 280.955496794872
3.549288888888889 280.955496794872
3.5498583333333333 280.955496794872
3.5504583333333333 280.955496794872
3.5517055555555554 280.955496794872
3.5520638888888887 280.955496794872
3.5539194444444444 280.955496794872
3.554611111111111 280.955496794872
3.5549583333333334 280.955496794872
3.556175 280.955496794872
3.5577555555555556 280.955496794872
3.559586111111111 280.955496794872
3.5604916666666666 280.955496794872
3.5619694444444443 280.955496794872
3.562411111111111 280.955496794872
3.564747222222222 281.31869983948656
3.566072222222222 281.31869983948656
3.5667444444444443 281.31869983948656
3.567586111111111 281.6595980707398
3.567816666666667 281.6595980707398
3.5689416666666665 281.6595980707398
3.5703805555555554 281.6595980707398
3.5716972222222223 281.97922705314033
3.571988888888889 282.29566129032276
3.5744305555555558 282.29566129032276
3.5744555555555557 282.29566129032276
3.5773694444444444 283.0159708737866
3.5778305555555554 283.3029659643438
3.5800027777777776 283.3029659643438
3.5802638888888887 283.3029659643438
3.5804638888888887 283.3029659643438
3.5828055555555554 283.5680844155846
3.5855944444444443 283.5680844155846
3.588302777777778 284.2201954397396
3.5898583333333334 284.2201954397396
3.593238888888889 285.2688216039282
3.593958333333333 285.4666229508199
3.5960083333055555 285.8859277504107
3.596238888861111 285.8859277504107
3.5982333333333334 287.11024793388447
3.6010805555555554 288.57570715474225
3.602725 288.57570715474225
3.6042638888888887 289.1698664440736
3.609738888888889 290.1683193277313
3.6098194444444442 290.1683193277313
3.610777777777778 290.1683193277313
3.612677777777778 290.1683193277313
3.6136222222222223 290.1683193277313
3.615425 290.96286677908955
3.6164583333333336 290.96286677908955
3.6182666666666665 291.7930626057531
3.619311111111111 291.7930626057531
3.620636111111111 292.61001697792886
3.622038888888889 292.61001697792886
3.622052777777778 292.61001697792886
3.6238888888888887 292.7721025641028
3.624677777777778 292.7721025641028
3.624888888888889 292.7721025641028
3.6249333333333333 292.7721025641028
3.6267805555555555 294.0918728522339
3.6276777777777776 294.0918728522339
3.6294416666666667 294.55813471502614
3.6295194444444445 294.55813471502614
3.633288888888889 295.3821043478263
3.6402638888888887 297.76360281195105
3.6438305555555557 298.12209507042274
3.6451749999722223 298.52786596119955
3.64595 298.52786596119955
3.6463444444444444 298.52786596119955
3.648775 299.33234458259346
3.6491333333055556 299.33234458259346
3.6494805555277776 299.33234458259346
3.6522916666666667 300.95101967799667
3.6537944444444443 301.4410931899644
3.6566222222222224 302.4541187050362
3.6578194444444443 302.9240720720723
3.6607333333333334 303.3679128856627
3.6638305555555557 304.18794171220424
3.666713888888889 304.2627655677658
3.666786111111111 304.2627655677658
3.670247222222222 305.4607933579338
3.672361111111111 306.4933828996285
3.6726444444444444 306.4933828996285
3.6751583333333335 306.4933828996285
3.675561111111111 306.4933828996285
3.675561111111111 306.4933828996285
3.6779361111111113 306.4933828996285
3.6781111111111113 306.4933828996285
3.6811527777777777 306.8465794392526
3.6811666666666665 306.8465794392526
3.683702777777778 307.54195121951244
3.683975 307.97148496240624
3.6864944444166667 308.870528301887
3.6867472222222224 308.870528301887
3.686897222222222 308.870528301887
3.6893527777777777 309.7441098484851
3.6925833333333333 311.63059160305363
3.6982777777777778 314.8685077519382
3.701113888888889 315.4710721247565
3.702647222222222 315.4710721247565
3.703038888888889 315.4710721247565
3.704011111111111 314.9948828125002
3.704108333333333 314.9948828125002
3.7068055555555555 314.9948828125002
3.706961111111111 314.9948828125002
3.7088194444444444 314.9948828125002
3.7095499999722223 315.43318982387495
3.7097444444444445 315.43318982387495
3.711672222222222 315.43318982387495
3.7124 315.96743137254924
3.712597222222222 315.96743137254924
3.7128527777777776 315.96743137254924
3.7144305555555555 315.6264173228348
3.7144833333333334 315.6264173228348
3.715177777777778 315.6264173228348
3.7172277777777776 315.6264173228348
3.7209305555555554 316.40942687747054
3.7265111111111113 319.99014056224917
3.7320444444444445 320.75032454361065
3.733852777777778 321.3287195121953
3.734838888888889 321.70672097759694
3.7361222222222223 322.2880000000002
3.7370694444444443 322.2880000000002
3.73825 322.43417177914125
3.7394583333333333 322.43417177914125
3.7426666666666666 323.5501232032855
3.743227777777778 323.5501232032855
3.7444972222222224 324.1560288065845
3.7450527777777776 324.1560288065845
3.745775 323.3616288659795
3.7460833333333334 323.3616288659795
3.747911111111111 323.3616288659795
3.7507333333333333 323.8537681159422
3.7513972222222223 324.85594594594613
3.7541694444444444 326.25359832635996
3.7563083333055554 325.949642857143
3.7570305555555557 326.55023157894755
3.757713888888889 327.0509915611816
3.7591944444444443 327.0509915611816
3.7597972222222222 327.0509915611816
3.7638444444444445 330.4396581196582
3.7699972222222224 329.1678354978356
3.7705444444166667 329.7303687635576
3.7750083333333335 334.16558498896256
3.778488888888889 336.1890000000001
3.7798083333333334 335.47202672605806
3.7812888888888887 335.47202672605806
3.785325 336.6848769574945
3.7854555555555556 336.6848769574945
3.7861583333333333 336.6848769574945
3.7862583333333335 336.6848769574945
3.78815 337.70164414414427
3.7892111111111113 337.70164414414427
3.79095 338.90764705882367
3.7937861110833335 341.40495433789965
3.794588888888889 341.40495433789965
3.7947944444444444 341.40495433789965
3.796488888888889 342.8076146788992
3.7967166666666667 342.8076146788992
3.7977194444444446 342.69595842956136
3.800483333333333 342.69595842956136
3.8011805555555553 343.27094907407417
3.8022388888888887 343.7993953488374
3.802875 343.7993953488374
3.8050694444444444 345.4016861826699
3.8056805555555555 345.4016861826699
3.809127777777778 346.20811764705894
3.810502777777778 346.9048584905662
3.8118916666666665 348.3546445497632
3.813363888888889 347.94149643705475
3.8201444444444443 351.5512348668282
3.825572222222222 353.21531707317087
3.8257583333333334 353.21531707317087
3.826983333333333 353.9730073349634
3.828533333333333 354.3877941176472
3.8287055555555556 354.9363390663392
3.830711111111111 355.4479802955666
3.8315888888888887 356.1934074074075
3.8326305555555558 356.1934074074075
3.8336166666666665 356.8697277227724
3.83365 356.8697277227724
3.8343444444444446 357.5813895781639
3.8354222222222223 357.5813895781639
3.8372166666666665 358.37539800995035
3.8407305555555555 359.20107231920207
3.8428055555555556 360.4457142857144
3.8443694444444443 360.71824120603026
3.8535416666666666 364.7465728900257
3.8586555555555555 365.11961439588697
3.8617138888888887 364.3122680412372
3.8625583333333333 364.3122680412372
3.866413888888889 367.2557441253265
3.8665305555555554 367.2557441253265
3.8691694444444447 368.71750656167984
3.8693805555555554 368.71750656167984
3.8720305555555554 368.89274406332464
3.8835944444444443 378.0835422343325
3.887775 381.5111570247934
3.8878055555555555 381.5111570247934
3.8919916666666667 383.1805263157895
3.89265 383.1805263157895
3.8946277777777776 384.6687465181059
3.89655 385.6301955307263
3.901022222222222 384.96878873239433
3.9015194444444443 385.8849717514124
3.908925 393.0233236994219
3.9092555555555557 393.0233236994219
3.914936111111111 393.7438662790697
3.9211055555555556 399.77789317507415
3.9238833333333334 403.5160060060061
3.9250861111111113 404.6383132530121
3.925238888888889 404.6383132530121
3.9308 406.9198466257669
3.931897222222222 406.9198466257669
3.9350194444444444 409.02762345679014
3.938888888888889 412.22601246105927
3.943875 418.8160317460318
3.9505694444444446 420.6493610223643
3.951286111111111 423.08396774193557
3.9571083333333332 427.46124999999995
3.9611111111111112 432.714
3.9666722222222224 437.35317567567563
3.9708888888888887 441.0685324232082
3.9738166666666666 445.0272068965517
3.9786972222222223 447.22602787456447
3.978877777777778 447.22602787456447
3.986066666666667 446.7755477031803
3.990152777777778 449.25565836298944
3.993602777777778 452.2189605734768
4.001763888888889 453.6862962962963
4.010372222222222 469.8774517374518
4.011030555555555 471.541511627907
4.0144166666666665 474.5549609375
4.015863888888889 474.68301960784316
4.023883333333333 472.80893280632415
4.041575 484.2377272727272
4.048652777777778 493.3308860759493
6.024375 153.31144356955377
6.025322222222222 153.31144356955377
6.025349999972223 153.31144356955377
6.02755 154.65458115183242
6.029833333333333 158.85651041666665
6.030047222194445 158.85651041666665
6.035666666666667 161.48719072164948
6.0359388888888885 161.48719072164948
6.038216666666667 160.97452685421996
6.038508333333334 160.97452685421996
6.041313888888889 160.48875318066158
6.044188888888889 159.53542929292928
6.046883333333334 161.21827499999998
6.050622222222223 161.33695544554453
6.052622222222222 160.26335784313724
6.0555666666666665 159.17589805825244
6.05625 159.17589805825244
6.0583277777777775 159.32409200968524
6.059063888888889 159.32409200968524
6.06122777775 159.32409200968524
6.061936111111111 159.32409200968524
6.0621833333333335 159.0124154589372
6.0621833333333335 159.0124154589372
6.064019444444445 158.81072115384615
6.064830555555556 158.81072115384615
6.065016666666667 159.1858992805755
6.066847222222222 158.94964114832533
6.067919444416667 158.94964114832533
6.069663888888889 158.69539379474935
6.070383333333333 159.1388571428571
6.070616666666667 159.1388571428571
6.0725 158.8515201900237
6.073291666666667 158.65497630331748
6.075283333333333 158.65497630331748
6.0761111111111115 161.65155294117642
6.076405555555556 161.65155294117642
6.078161111111111 161.5080985915492
6.078736111111111 161.4057611241217
6.081763888888889 161.28897196261673
6.081986111111111 160.98937062937054
6.083811111111111 161.20925581395338
6.084416666666667 162.26532407407396
6.087494444444444 162.16593533487287
6.087655555555555 162.16593533487287
6.089422222194444 162.81217889908243
6.092311111111111 166.20931506849303
6.093280555555555 166.20931506849303
6.095202777777778 166.4676696832578
6.0961388888888886 166.4676696832578
6.096277777777778 166.4676696832578
6.096755555555555 166.26237020316017
6.098027777777777 166.26237020316017
6.099108333333334 166.26237020316017
6.099602777777778 166.1275225225224
6.100805555555556 166.1275225225224
6.101761111111111 166.1275225225224
6.101933333333333 166.1275225225224
6.102316666666667 166.1275225225224
6.106361111111111 165.97341573033697
6.108061111111111 166.71337807606255
6.110766666638889 166.5449999999999
6.110880555527777 166.5449999999999
6.112033333333334 166.53213808463244
6.113638888888889 166.32044444444438
6.113663888888889 166.32044444444438
6.1136888888888885 166.32044444444438
6.114877777777778 166.10232815964517
6.1164555555555555 165.79971238938046
6.119177777777778 169.382026431718
6.120819444444445 169.47210989010983
6.121244444444445 169.14526315789465
6.121966666666666 169.14526315789465
6.1241666666666665 169.09428884026252
6.124736111111111 168.92320960698683
6.126475 168.92320960698683
6.127688888888889 173.39999999999995
6.1293194444444445 173.39999999999995
6.1293194444444445 173.39999999999995
6.131836111111111 173.1683478260869
6.132175 173.1683478260869
6.132227777777778 173.1683478260869
6.1350388888888885 172.6728571428571
6.135075 172.6728571428571
6.137508333333333 172.67451403887688
6.137761111111111 172.34249999999997
6.14055 172.11254817987148
6.140691666666667 172.40822649572647
6.1414888888888886 172.40822649572647
6.141672222222223 172.40822649572647
6.1434194444444445 172.71891257995733
6.1434194444444445 172.71891257995733
6.144572222222222 172.94819532908704
6.144994444444444 172.94819532908704
6.146144444444444 172.94819532908704
6.146813888888889 172.65588983050844
6.148994444444445 172.65588983050844
6.149005555527777 172.65588983050844
6.149719444444444 177.2320675105485
6.151075 177.2320675105485
6.151805555555556 177.2320675105485
6.152547222194444 177.2320675105485
6.155427777777778 176.76161764705878
6.156680555555556 176.76161764705878
6.15735 176.76161764705878
6.159575 176.45165271966525
6.160322222222222 176.45165271966525
6.162602777777778 176.18847599164923
6.163083333333334 176.18847599164923
6.164536111111111 176.18847599164923
6.165983333333333 178.31279166666664
6.1662888888888885 178.31279166666664
6.167269444416666 178.31279166666664
6.167663888888889 178.31279166666664
6.168158333333333 178.2954771784232
6.1709749999722225 178.2954771784232
6.1729722222222225 178.40024844720492
6.172983333333334 178.40024844720492
6.175777777777777 178.03791752577314
6.176061111111111 178.03791752577314
6.178933333333333 177.63198770491798
6.178933333333333 177.63198770491798
6.181652777777778 177.84824847250505
6.184530555555556 177.5896341463414
6.185875 177.5896341463414
6.187322222222222 181.35050607287442
6.189055555555556 181.4898585858585
6.189105555555556 181.4898585858585
6.1898333333333335 181.20493951612897
6.191558333333333 181.20493951612897
6.191941666666667 181.20493951612897
6.194622222222222 180.62629258517026
6.19465 180.62629258517026
6.194791666666666 180.62629258517026
6.195480555555555 180.8220359281436
6.198272222222222 180.59274900398398
6.199222222222223 180.59274900398398
6.200144444444445 180.33248508946312
6.200266666666667 180.33248508946312
6.201161111111111 180.33248508946312
6.202969444444444 180.33248508946312
6.203944444444445 184.93787698412686
6.204344444444445 184.93787698412686
6.204772222222222 184.93787698412686
6.205730555555555 184.77732673267315
6.206819444444444 184.77732673267315
6.2075861111111115 184.77732673267315
6.208569444444445 184.61654150197617
6.209822222222222 184.71794871794862
6.2105 185.16086614173216
6.211533333333334 186.41825147347728
6.212816666666667 186.41825147347728
6.214252777777777 186.31174168297446
6.216163888888889 186.31174168297446
6.217344444444445 186.1419298245613
6.218352777777778 186.1419298245613
6.218502777777778 186.1419298245613
6.2189194444444444 186.1419298245613
6.221080555555556 186.36157587548624
6.221369444444444 186.36157587548624
6.2217416666666665 186.36157587548624
6.223011111111111 186.36157587548624
6.2255416666666665 186.36157587548624
6.227044444444444 186.22079611650472
6.228663888888889 185.8646808510637
6.232291666666667 184.92176245210715
6.233202777777778 184.92176245210715
6.233563888888889 184.92176245210715
6.233761111111111 184.92176245210715
6.235188888888889 188.2481488549617
6.236613888888889 188.2481488549617
6.237980555555556 188.2481488549617
6.239402777777777 188.07495238095225
6.240769444444444 187.77741444866908
6.241963888888889 187.53267552182152
6.243586111111111 187.3582196969696
6.244758333333333 187.20778827977304
6.245052777777778 187.20778827977304
6.247622222222223 187.7419585687381
6.2478 187.67511278195477
6.2482138888888885 188.07442776735445
6.249491666638889 188.07442776735445
6.250725 187.87456928838938
6.251805555555555 187.4702425373133
6.253505555555556 187.19232774674103
6.253863888888889 187.19232774674103
6.2564 187.19232774674103
6.257961111111111 187.19232774674103
6.259119444444444 187.19232774674103
6.259422222194445 187.19232774674103
6.263041666666667 188.66703153988854
6.26445 188.66703153988854
6.265033333333333 188.66703153988854
6.267736111111111 188.43127777777764
6.267911111111111 188.1282624768945
6.269152777777777 188.0513259668507
6.2691638888888885 188.0513259668507
6.2700555555555555 188.22136029411752
6.2707 188.22136029411752
6.272275 188.22136029411752
6.272913888888889 188.22136029411752
6.273541666666667 188.00548623853197
6.274858333333333 188.45349177330885
6.2764194444444446 188.34105839416046
6.277538888888889 188.06624772313285
6.277658333333333 188.06624772313285
6.279133333333333 188.06624772313285
6.280266666666667 187.77862068965504
6.283194444444445 188.5637184115522
6.2847583333333334 188.5637184115522
6.2876 190.68330935251782
6.288297222222222 190.68330935251782
6.291758333333333 192.7657423971376
6.2920388888888885 192.7657423971376
6.292286111111111 192.7657423971376
6.2939638888888885 192.7657423971376
6.294825 192.7657423971376
6.2952055555555555 192.7657423971376
6.29695 192.7657423971376
6.297411111111111 192.7657423971376
6.297713888888889 192.59944642857127
6.298 192.59944642857127
6.2996888888888884 192.41996434937596
6.300861111111111 192.41996434937596
6.302519444444444 192.41996434937596
6.302677777777777 192.41996434937596
6.303061111111111 192.41996434937596
6.305555555555555 192.41996434937596
6.306441666666666 192.41996434937596
6.308372222222222 192.20715808170502
6.309819444444445 192.28498226950342
6.311116666666667 192.13853097345117
6.311680555555555 192.13853097345117
6.311972222222222 192.13853097345117
6.313175 192.11867491166063
6.316033333333333 192.29313932980583
6.317275 192.14065140845054
6.318847222222222 192.14065140845054
6.321625 192.21863157894717
6.322886111111111 192.21863157894717
6.323777777777778 192.34325744308214
6.325052777777778 192.34325744308214
6.325708333333333 192.34325744308214
6.327849999972222 192.34325744308214
6.328536111111111 192.34325744308214
6.329713888888889 192.34325744308214
6.330638888888889 192.34325744308214
6.331094444444444 192.34325744308214
6.331311111111111 192.34325744308214
6.332566666666667 192.38204188481657
6.333491666666666 192.38204188481657
6.336244444444445 197.22418118466882
6.34055 202.49284722222205
6.341663888888889 202.49284722222205
6.342058333333333 203.02651646447123
6.342230555555555 203.02651646447123
6.343419444444445 203.02651646447123
6.344880555555555 203.02651646447123
6.34725 203.09380622837352
6.347725 203.09380622837352
6.3504861111111115 204.42409326424854
6.352922222222222 209.17771084337335
6.355791666666667 210.6297250859105
6.356130555555556 210.6297250859105
6.3573 210.70651801029143
6.3582527777777775 210.70651801029143
6.3601833333333335 210.70651801029143
6.363 210.70651801029143
6.363044444444444 210.70651801029143
6.363741666666667 210.70651801029143
6.365802777777778 210.99314529914514
6.366416666666667 210.99314529914514
6.366591666666666 210.99314529914514
6.368566666666666 212.31303754266196
6.369238888861111 212.31303754266196
6.3699361111111115 212.31303754266196
6.3701083333333335 212.31303754266196
6.371333333333333 212.31303754266196
6.37425 212.31303754266196
6.374672222222222 212.31303754266196
6.374844444444444 212.31303754266196
6.3774444444444445 212.31303754266196
6.3777888888888885 212.31303754266196
6.378291666666667 214.56149659863928
6.379263888888889 219.51247877758897
6.380561111111111 219.51247877758897
6.383394444444445 219.93669491525407
6.384922222222222 219.93669491525407
6.387808333333333 219.93669491525407
6.388888888888889 219.93669491525407
6.389519444444445 219.93669491525407
6.390133333333333 219.93669491525407
6.3941333333333334 223.69086294416226
6.394444444444445 223.69086294416226
6.395741666638889 228.5984290540539
6.395913888888889 228.5984290540539
6.396941666666667 228.5984290540539
6.400152777777778 228.5984290540539
6.400461111111111 230.14647554806055
6.403308333333333 235.17742424242408
6.403780555555556 235.17742424242408
6.406641666666666 235.17742424242408
6.406744444444445 235.17742424242408
6.409955555555555 235.62485714285697
6.412486111111111 240.6843791946307
6.412725 240.6843791946307
6.4135027777777776 240.6843791946307
6.41500277775 249.18806020066873
6.415561111111111 249.18806020066873
6.418175 251.96524207011672
6.418372222222223 251.96524207011672
6.418616666666667 251.96524207011672
6.421130555555555 253.41561666666652
6.424066666666667 253.41561666666652
6.424213888861111 253.41561666666652
6.424472222222223 253.41561666666652
6.426169444444445 254.26475873544078
6.426441666666666 254.26475873544078
6.426886111111111 254.26475873544078
6.427272222222222 254.26475873544078
6.428997222222222 257.3147508305646
6.429322222222222 257.3147508305646
6.4297555555555554 257.3147508305646
6.431805555555556 257.3147508305646
6.432430555555555 257.3147508305646
6.434919444444445 257.3147508305646
6.435244444444445 257.3147508305646
6.43750277775 257.3147508305646
6.438416666666667 258.7598673300164
6.439147222222222 258.7598673300164
6.440525 259.27349337748325
6.443566666666666 259.27349337748325
6.4447777777777775 259.27349337748325
6.445855555555555 260.37704132231386
6.446205555555555 260.37704132231386
6.446791666666667 260.37704132231386
6.447605555555556 260.37704132231386
6.448636111111111 260.37704132231386
6.449669444444444 260.37704132231386
6.454338888888889 260.37704132231386
6.455255555527778 260.37704132231386
6.457983333333333 265.5772442244223
6.458077777777778 265.5772442244223
6.459944444444444 267.5304612850081
6.4608 267.5304612850081
6.4608 267.5304612850081
6.466427777777778 272.7308059210525
6.469238888861111 277.0343349753693
6.470980555555555 278.1099672131146
6.47205 278.1099672131146
6.472469444444444 278.1099672131146
6.473991666666667 278.1099672131146
6.476769444444445 279.45962356792126
6.477188888888889 279.45962356792126
6.4773 279.45962356792126
6.477625 279.45962356792126
6.479177777777778 279.45962356792126
6.48045 279.45962356792126
6.482025 281.4545261437907
6.482980555555556 281.4545261437907
6.483333333333333 281.4545261437907
6.485569444444445 281.4545261437907
6.4885 281.4545261437907
6.493058333305555 282.93274061990195
6.494311111111111 282.93274061990195
6.495241666666667 282.93274061990195
6.498375 282.93274061990195
6.503972222222222 282.93274061990195
6.506013888888889 282.93274061990195
6.506766666666667 282.93274061990195
6.506913888888889 282.93274061990195
6.507944444444444 282.93274061990195
6.509536111111111 282.93274061990195
6.5123138888888885 282.93274061990195
6.5131805555555555 282.93274061990195
6.514422222194445 282.93274061990195
6.515072222194444 282.93274061990195
6.515130555555555 282.93274061990195
6.517766666666667 282.93274061990195
6.520072222194444 282.93274061990195
6.520569444444445 282.93274061990195
6.52425 282.93274061990195
6.525672222194444 284.0378032786884
6.528536111111111 284.3935960591131
6.528883333333333 284.3935960591131
6.532522222222222 285.08031301482686
6.533911111111111 285.08031301482686
6.534397222222222 285.08031301482686
6.534822222222222 285.08031301482686
6.537222222222222 285.9115206611569
6.537330555555555 285.9115206611569
6.537625 285.9115206611569
6.5401694444444445 286.6190878938639
6.540216666666667 286.6190878938639
6.542355555555556 287.06149501661116
6.542972222222223 287.06149501661116
6.5430777777777775 287.06149501661116
6.545169444444444 287.32738768718787
6.545830555555556 287.32738768718787
6.545880555527778 287.32738768718787
6.546713888861111 287.32738768718787
6.548033333305556 287.57799999999986
6.548658333305555 287.57799999999986
6.549491666638889 287.57799999999986
6.549511111111111 287.57799999999986
6.550786111111111 287.80697829716183
6.5514222222222225 287.80697829716183
6.55155 287.80697829716183
6.552341666666667 287.80697829716183
6.553683333305556 288.02468227424737
6.554294444444444 288.02468227424737
6.554327777777778 288.02468227424737
6.554588888888889 288.02468227424737
6.556558333333333 288.6733053691274
6.5621527777777775 289.81878378378366
6.562666666666667 290.25096610169476
6.563472222222222 290.25096610169476
6.564894444444445 290.8437244897958
6.566297222194445 291.3089948892673
6.569180555555556 291.9133675213674
6.569822222222222 292.37885273972586
6.5719722222222225 293.2485567010308
6.57265 293.52512908777953
6.575533333305556 294.27145077720195
6.5757055555555555 294.27145077720195
6.576105555555555 294.27145077720195
6.57745 294.78157712305017
6.578580555555556 295.2407465277777
6.579005555527778 295.31659130434775
6.5818055555555555 295.7780487804877
6.583377777777778 295.8346771378708
6.583941666666667 295.87999999999994
6.584255555555556 295.87999999999994
6.585477777777778 296.3281436077057
6.588130555555556 296.3734094903339
6.588552777777778 296.3734094903339
6.588961111083333 296.3734094903339
6.589822222222222 296.75232394366196
6.591080555555555 296.75232394366196
6.593711111111111 297.6719081272085
6.5938944444444445 297.6719081272085
6.594047222222223 297.6719081272085
6.594997222222222 297.6719081272085
6.596522222222222 298.06811722912965
6.59945 299.008375
6.6061138888611115 300.5840720720721
6.607075 300.9069314079423
6.607802777777778 300.9069314079423
6.609625 300.80513562386983
6.611011111111111 301.6517967332124
6.613611111111111 302.10887272727274
6.613883333333333 303.0944241316271
6.615272222222222 303.4075457875458
6.616516666666667 303.90893577981655
6.618088888888889 303.90893577981655
6.620611111111111 304.41222426470586
6.620988888888889 304.23042357274403
6.623938888888889 304.95992606284653
6.624669444444445 305.49168518518513
6.6265527777777775 306.5234758364312
6.629647222222222 307.92586915887847
6.632527777777778 308.3278759398495
6.634986111111111 308.3278759398495
6.6367416666666665 309.22767924528296
6.637727777777778 309.75659735349706
6.638022222222222 310.0982007575757
6.638036111111111 310.0982007575757
6.639880555555555 310.0982007575757
6.640575 310.6272865275141
6.642719444444444 310.9692748091602
6.643680555555555 311.5354022988505
6.643691666666666 311.5354022988505
6.646472222222222 313.12865125240836
6.649177777777778 313.3625387596898
6.6492555555555555 313.3625387596898
6.6547583333333336 314.06064453124986
6.65485 314.06064453124986
6.658913888888889 315.66029469548124
6.659388888888889 315.66029469548124
6.660491666666666 315.7548323471399
6.664761111111111 316.2503968253967
6.667791666666667 317.15547999999984
6.668086111111111 317.15547999999984
6.671397222222223 318.1724297188754
6.673663888888889 318.18885080645146
6.674322222222222 318.18885080645146
6.676455555555555 319.003927125506
6.677136111111111 319.003927125506
6.678352777777778 319.003927125506
6.679005555527778 319.8875406504064
6.679308333305555 319.8875406504064
6.680005555555556 319.8875406504064
6.682155555527777 320.4611405295314
6.686244444444444 321.2798159509201
6.686613888888889 321.2798159509201
6.687636111111111 321.87637295081953
6.689558333333333 321.40222222222206
6.691988888888889 321.73881987577624
6.692436111111111 321.73881987577624
6.694472222222222 321.73881987577624
6.694805555555556 323.2782708333332
6.69525 323.2782708333332
6.697272222222222 323.8919624217117
6.7001166666388885 324.82085953878385
6.703686111111111 326.48906976744166
6.705422222222222 327.9953404255317
6.7081333333333335 329.5772805139184
6.709280555555556 330.2417381974247
6.710425 330.8909677419353
6.71125 331.3130172413791
6.7133666666666665 332.6151298701297
6.714083333333333 332.6151298701297
6.716269444444444 332.6998695652172
6.716675 332.6998695652172
6.720866666666667 332.96510964912267
6.726447222222222 336.02434589800424
6.727083333333334 336.684111111111
6.727961111111111 336.684111111111
6.728947222222223 335.67144766146976
6.72937777775 335.67144766146976
6.729883333333333 335.67144766146976
6.731805555555556 335.67144766146976
6.7321583333333335 335.67144766146976
6.734647222222222 337.2340449438201
6.734936111111111 337.2340449438201
6.738336111083333 339.1253619909501
6.7405888888888885 339.7935827664398
6.741216666666666 340.496568181818
6.742788888888889 341.1831662870158
6.744033333333333 341.8931050228309
6.745830555555556 342.8622935779815
6.746663888888889 342.8622935779815
6.747705555555555 343.60377011494245
6.748008333333333 344.27449308755746
6.750580555555556 344.61062499999997
6.751155555555555 345.350324825986
6.751413888888889 345.350324825986
6.753494444444445 345.90220930232556
6.76185277775 349.7834433962264
6.7622583333333335 349.7834433962264
6.765113888888889 351.32926365795726
6.767869444444444 351.994
6.7685361111111115 352.5896897374702
6.7687083333333335 352.5896897374702
6.769930555555556 353.7354196642686
6.773108333333333 353.8871428571428
6.774225 354.67240291262135
6.7744333333333335 354.67240291262135
6.775855555555555 355.4687347931873
6.77705 356.2363902439024
6.779138888888889 356.3512776412776
6.779847222222222 356.3512776412776
6.781991666638889 357.0174630541872
6.7827 357.0174630541872
6.782855555555556 357.0174630541872
6.785572222222222 358.44668316831684
6.786938888888889 358.44668316831684
6.788422222222223 359.88345771144276
6.790030555555555 359.88345771144276
6.791313888888889 359.88345771144276
6.7976833333333335 365.5578172588832
6.798652777777778 366.14696428571426
6.806816666666666 371.69194805194803
6.807858333333333 371.69194805194803
6.809647222222222 372.579140625
6.810286111111111 373.1697911227154
6.812205555555556 375.0125
6.815555555555555 375.79886543535616
6.816330555555555 376.66962962962964
6.81935 378.4551063829787
6.820036111111111 378.4551063829787
6.823761111111111 380.05877005347594
6.831477777777778 384.29556164383564
6.8322416666666665 384.29556164383564
6.834327777777777 384.5923415977961
6.837827777777778 385.5435911602209
6.840252777777778 385.5435911602209
6.841911111111111 386.83827777777776
6.84635 387.8856179775281
6.848963888888889 389.65632768361587
6.850911111111111 390.64719546742214
6.851022222222222 390.64719546742214
6.855555555555555 390.79849431818184
6.856547222222222 392.11557142857146
6.865394444416666 394.43023255813944
6.865408333333333 394.43023255813944
6.867608333333333 397.12568914956006
6.87795 403.47305135951666
6.878288888888889 403.47305135951666
6.878472222222222 404.3933030303031
6.881666666666667 405.5758231707318
6.891744444444444 411.7604658385093
6.894575 413.33150000000006
6.900316666666667 416.67984177215186
6.902875 417.74939682539684
6.908 418.3736977491962
6.911919444444444 418.80280645161304
6.913591666666667 418.78280130293166
6.914219444444444 418.78280130293166
6.916302777777778 421.31331147540993
6.918847222222222 424.9260264900663
6.9255305555555555 429.8477516778524
6.928391666666666 433.5432312925171
6.937555555555556 443.56013986013994
6.940097222222223 446.16799295774655
6.945186111083333 449.7782918149467
6.956533333333334 455.24468864468867
6.959677777777777 457.65062730627307
6.961430555555555 460.40160447761195
6.9669694444444445 461.85348314606745
6.969655555527778 463.3995112781955
6.974144444416667 459.1398473282444
6.981688888888889 467.498984375
6.98935 475.3908764940239
