# SectorTime IS OB PP PS RB RP TA
0 0 0.324733911271562 0.6201922309775881 2.2528097929720663 0 0 5.094486957321691
0.016591666666666668 0 0.324733911271562 0.6201922309775881 2.2528097929720663 0 0 5.094486957321691
0.033325 0 0.32155628369692746 0.623860290540569 2.178010116821793 0 0 4.960233824202178
0.049994444444444446 0 0.31974614464905193 0.6255123473942432 2.143069936972789 0 0 4.895230541950778
0.0666 0 0.31974614464905193 0.6255123473942432 2.143069936972789 0 0 4.895230541950778
0.08332777777777778 0 0.3159898961035408 0.6283015635292296 2.0766784183809803 0 0 4.764468145284896
0.09995 0 0.3143212755162068 0.629461587940401 2.04528990339068 0 0 4.701666545952142
0.116625 0 0.3124722457550738 0.6302913042649462 2.0150159549727205 0 0 4.63948823033106
0.13324444444444444 0 0.3124722457550738 0.6302913042649462 2.0150159549727205 0 0 4.63948823033106
0.1498861111111111 0 0.3104575123858908 0.6308183379781571 1.985252337538618 0 0 4.572938840384716
0.16663611111111112 0 0.3083862039261031 0.6313423408487557 1.9565710507973626 0 0 4.508533322307958
0.18326666666666666 0 0.3060731618729767 0.6315694651998532 1.9284439600114638 0 0 4.444950194484954
0.19998055552777777 0 0.301770753795816 0.6315217737271457 1.8751719195513064 0 0 4.3247721434528
0.21663333333333334 0 0.301770753795816 0.6315217737271457 1.8751719195513064 0 0 4.3247721434528
0.23326944444444445 0 0.29953487595328876 0.631267778701758 1.8494266775125234 0 0 4.2655424012771235
0.2499361111111111 0 0.2972464116738628 0.6310328678332361 1.824650333591096 0 0 4.208454152914445
0.26663888888888887 0 0.2923225786994011 0.6297138566017196 1.777047112715307 0.00021278014278966115 0 4.097820840373093
0.2833111111111111 0 0.2923225786994011 0.6297138566017196 1.777047112715307 0.00021278014278966115 0 4.097820840373093
0.29995555555555553 0 0.2873886229087437 0.6278853399722162 1.7267421783157093 0.0006157174762851474 0 3.987982420637235
0.31664722222222225 0 0.2850985850129423 0.627124609914987 1.702987330737971 0.000806799277487292 0 3.9360880448742055
0.33329722219444446 0 0.2850985850129423 0.627124609914987 1.702987330737971 0.000806799277487292 0 3.9360880448742055
0.3499888888888889 0 0.2803915802400204 0.6249085715801572 1.655871648938188 0.0011669138747882018 0 3.8339843558298585
0.3666638888888889 0 0.27793163692891243 0.6236849089038933 1.6333088768180457 0.0013335942227498021 0 3.7850435296307556
0.38333055555555556 0 0.2754215503036109 0.6224940279902559 1.611349487833526 0.0014972405720145268 0 3.7375512355628784
0.39994444444444444 0 0.27300248359547125 0.6211605464335763 1.590002917792793 0.0016549178620765125 0 3.6912290405249095
0.41664444444444443 0 0.27044897744517343 0.619711706340195 1.5692889425913947 0.001803945618905908 0 3.645850920303395
0.43326944444444443 0 0.27044897744517343 0.619711706340195 1.5692889425913947 0.001803945618905908 0 3.645850920303395
0.4499111111111111 0 0.2678452101748123 0.618117028214049 1.5487156504382544 0.0019507100861686478 0 3.6013356007816535
0.4666527777777778 0 0.26518929723993534 0.6165568839306554 1.528791847496802 0.0020954506018490476 0 3.558329566622187
0.4833222222222222 0 0.2600797219508029 0.613126518980284 1.4903787114497589 0.0023646993350176014 0 3.4749789346891053
0.49990277777777775 0 0.2600797219508029 0.613126518980284 1.4903787114497589 0.0023646993350176014 0 3.4749789346891053
0.5166055555555555 0 0.25149638935145463 0.6112093277981964 1.406976337715435 0.002706599453795299 0 3.2924091303289686
0.5332944444444444 0 0.24887388059822418 0.6091915447548946 1.388912428102854 0.002828938179333077 0 3.253272329706074
0.5499861111111111 0 0.24434486456532697 0.607511110065907 1.3483152151578868 0.0029928849015667526 0 3.165622525325341
0.5666472222222222 0 0.23762922002574535 0.6059092568905526 1.2848155673015969 0.003209448725487039 0 3.028848745680227
0.5833277777777778 0 0.23490077845345522 0.6034792287570356 1.2679213006313157 0.003323566156488532 0 2.9920338010834446
0.5999333333333333 0 0.23281573428427818 0.6038228376708126 1.2456243372705518 0.0033789589257633406 0 2.9433286637456226
0.6165944444166667 0 0.22799873635733583 0.6013879177386753 1.2067402431133354 0.003548456196857276 0 2.8593023645799294
0.6333027777777778 0 0.21813941881134238 0.5961639497483683 1.1300655310509307 0.003887450739045146 0 2.694159627998348
0.6499611111111111 0 0.2159488126748568 0.5963660724005228 1.1072010998394317 0.003953339734622183 0 2.6453495686539523
0.6666555555555556 0 0.20840325140863633 0.5899856296955058 1.0550122987543271 0.00422644049307983 0 2.533280625120734
0.6833249999722222 0 0.20350061559477928 0.5864261591862199 1.0187319884901007 0.004395932497294532 0 2.455385101878327
0.6999527777777778 0 0.20350061559477928 0.5864261591862199 1.0187319884901007 0.004395932497294532 0 2.455385101878327
0.7166527777777778 0 0.19390342028425508 0.5778129270360214 0.9479600702903518 0.004734913632994331 0 2.30434833138815
0.7332777777777778 0 0.19151381366109665 0.5769636690922272 0.9257134795394841 0.004815166406434913 0 2.257317486141608
0.7499416666666666 0 0.1842228787702883 0.5684175964716789 0.8774161126847829 0.005073893811128414 0 2.1553746979883304
0.7665888888611111 0 0.18170294931338313 0.5646005703145988 0.8650327129292339 0.005157421136077522 0 2.129209511706822
0.7833305555277777 0 0.17436913833942416 0.5585626259989314 0.8089636042880823 0.005412869680435877 0 2.0114890206106986
0.79995 0 0.172010749849036 0.5544070813802191 0.7973689791044387 0.005490841436635007 0 1.9870158643258957
0.8166027777777778 0 0.16966893680534026 0.5530215352992162 0.7756562744527853 0.005582355460578923 0 1.941169526860377
0.8333055555555555 0 0.16048974792004098 0.5413685017782923 0.7094064620667039 0.005924252490013608 0 1.8015439071118504
0.8499833333333333 0 0.16048974792004098 0.5413685017782923 0.7094064620667039 0.005924252490013608 0 1.8015439071118504
0.8665805555555556 0 0.15351100259753106 0.5310805096892476 0.6673231102711998 0.006160532236070023 0 1.7127592313646525
0.8832722222222222 0 0.15106902246325216 0.5293538774238219 0.645557279018105 0.006263207773337856 0 1.6668747462956017
0.89992777775 0 0.14633251755412074 0.5223081062261199 0.6141191727718407 0.006432702650355198 0 1.6000645445840644
0.916625 0 0.13935150025354784 0.5102270932089261 0.5744009602172093 0.006663552413878346 0 1.5155260940172521
0.9333305555277778 0 0.13202489776122833 0.5001075646848387 0.5217403615026153 0.006944112243691109 0 1.4037771453332673
0.94995 0 0.1293594456002718 0.4973248506738629 0.49898526148110683 0.007061809061380788 0 1.3554753327448834
0.9666583333333333 0 0.12471444433472481 0.4890087104444817 0.4686294359252445 0.007234188906882479 0 1.2904968613301324
0.9832972222222223 0 0.12095888624028603 0.4783106792584154 0.45426485662812255 0.007330442465815554 0 1.2598558916439624
0.9999722222222223 0 0.11575117543940966 0.4714269411089439 0.40933395772967296 0.007578932040927946 0 1.1643216553264042
1.0165944444444444 0 0.11382198918208616 0.46615596543741517 0.4028565437693278 0.007625025841153836 0 1.1507782117685037
1.0332805555555555 0 0.10924542064797234 0.45717209629328354 0.3862452447414053 0.0077945116212968825 0 1.1084019906578642
1.04995 0 0.10302808587450793 0.44315862688702584 0.3643472121412588 0.007997389283333064 0 1.0550810579988321
1.066638888888889 0 0.09876560134878401 0.43417801831049657 0.3486171582645479 0.00816411450451491 0 1.0158324697950398
1.0832305555555555 0 0.0961743108089158 0.43005812977524566 0.3384948807878622 0.00830018307959016 0 0.9900501812898236
1.0999972222222223 0 0.08776972343739899 0.41214828595627684 0.30859739238887546 0.00864210228834258 0 0.919160692204129
1.1166277777777778 0 0.0837020876941798 0.40350458681233703 0.29419118821006013 0.008811589026005356 0 0.8861112188164757
1.1332222222222221 0 0.0837020876941798 0.40350458681233703 0.29419118821006013 0.008811589026005356 0 0.8861112188164757
1.1499777777777778 0 0.0760103740549911 0.3862389942676757 0.26701298423506387 0.00915349738395741 0 0.8305592569348317
1.1666361111111112 0 0.0760103740549911 0.3862389942676757 0.26701298423506387 0.00915349738395741 0 0.8305592569348317
1.1832583333055555 0 0.07245118272585915 0.3779342279049016 0.2541321042021768 0.00932298364285897 0 0.8047975246369728
1.1999916666666666 0 0.06533213645205833 0.36128639121479444 0.22903746528413874 0.009659160560380577 0 0.7546929926747122
1.216591666638889 0 0.06533213645205833 0.36128639121479444 0.22903746528413874 0.009659160560380577 0 0.7546929926747122
1.2333 0 0.05866636791699606 0.34497257712249063 0.20543143924370222 0.009995332274085871 0 0.7098745958234424
1.2499194444444444 0 0.05866636791699606 0.34497257712249063 0.20543143924370222 0.009995332274085871 0 0.7098745958234424
1.2665722222222222 0 0.055615356704529856 0.3370410118330797 0.1940836385053074 0.009995332274085871 0 0.6887860825905823
1.2832944444444445 0 0.052615156691195625 0.329243666487686 0.18309413904461389 0.009828654495567303 0 0.6680496570891663
1.29995 0 0.04973381703774735 0.3216165660379429 0.17461960299165816 0.009659163927717405 0 0.6504225710037447
1.3166361111111111 0 0.04476510762197422 0.30948039704242486 0.15998052155281853 0.009481016484250638 0 0.6203081249826836
1.3332944444444443 0 0.044019022494941315 0.30669527848405687 0.157992147543797 0.00932299954284646 0 0.6159018763804868
1.35 0 0.038595140464375496 0.29245780267338634 0.14341552587795556 0.008984006915936094 0 0.5853930915802922
1.3665666666666667 0 0.038595140464375496 0.29245780267338634 0.14341552587795556 0.008984006915936094 0 0.5853930915802922
1.3832777777777778 0 0.03372178139914342 0.27824514092726094 0.12965729839235615 0.008647815759272795 0 0.5563494763683413
1.39995 0 0.0318802373320792 0.2736534900553014 0.12444321640590082 0.008622024644592273 0 0.5456125097224728
1.4165972222222223 0 0.03134890004321121 0.27129595726400246 0.12287763019366413 0.008478324233849067 0 0.5424510874965953
1.4332416666666667 0 0.029182131056897972 0.26453682782771776 0.11622784714288628 0.008311649696440358 0 0.5291453656829561
1.4499527777777779 0 0.02525152267378905 0.2515435159752277 0.10409108412369399 0.007969730025631791 0 0.5041872024484024
1.466663888888889 0 0.023354900098807804 0.24525603854733022 0.09821157852165686 0.007797309791542587 0 0.4922617540286211
1.4832611111111111 0 0.023354900098807804 0.24525603854733022 0.09821157852165686 0.007797309791542587 0 0.4922617540286211
1.4999805555555557 0 0.020132844378966775 0.23445629129682455 0.08834450130379454 0.007584627624584039 0 0.4722875509832561
1.5166499999722223 0 0.018102453533813328 0.22678076153322987 0.08228760213831918 0.0072887328202905725 0 0.46008081918104404
1.5333083333333333 0 0.016577064277073374 0.22097883458088227 0.07770300322900477 0.007119245125097243 0 0.4506634430356732
1.549911111111111 0 0.016305309124990203 0.2196902123968667 0.07692932243141896 0.0070025361886202385 0 0.4489437589181114
1.5665527777777777 0 0.015243630936239478 0.21568447422701956 0.0735444611123573 0.006952565957493007 0 0.44209174648611554
1.58325 0 0.012939254504900318 0.20602632364290088 0.06659130169711694 0.00672851526948054 0 0.42861405750688175
1.5998944444444445 0 0.01272360026315198 0.20496527877787654 0.06582040769678747 0.0066163733483225315 0 0.4272328273570158
1.6166027777777778 0 0.011706616636588367 0.20004980428929117 0.062260957342834655 0.006446876077228594 0 0.4206223035476893
1.6332777777777778 0 0.009836592593350315 0.1914161442459001 0.05642736252144699 0.006211404950888872 0 0.4092364860360204
1.6499694444444444 0 0.009672649383461141 0.19046726092624358 0.056004149345063294 0.006107881535040724 0 0.4082779637460115
1.6666555555555556 0 0.007977700613287722 0.18161417265705665 0.05023289038412686 0.005768891781006039 0 0.3966567364955683
1.6833222222222222 0 0.007130240592214216 0.17750696539615793 0.047512575639603254 0.005599399776791339 0 0.39113449446133325
1.6999916666666666 0 0.007013351402177918 0.17693116164618927 0.047233855207506954 0.005507606337827546 0 0.3903910950744195
1.7166527777777778 0 0.005774316049415024 0.17051590377847503 0.043097433793970415 0.0052604186410915394 0 0.38137566988114874
1.7332833333333333 0 0.005679655130572154 0.17005467462597568 0.04289108567138547 0.005174182269926104 0 0.38079217115497593
1.7499638888888889 0 0.0044932833934359555 0.16409856930154207 0.03986358791542252 0.005004852674194023 0 0.3740510208683893
1.7666638888888888 0 0.00390994230522749 0.16047716864159145 0.03834060690688541 0.004751954119073723 0 0.37042827130818023
1.7833166666388889 0 0.0034014677289563033 0.1575535856698729 0.037312397210472324 0.004582462593649994 0 0.3672788940916845
1.7999972222222222 0 0.0028930103885271654 0.15496912338163113 0.036284235706655094 0.0044129768135069474 0 0.3646353859829083
1.8166611110833333 0 0.0023757823858030986 0.15264183564604142 0.035571673998902466 0.004240567479265591 0 0.3625382950618652
1.8333 0 0.0018673193002231125 0.1502691620866412 0.03489376726764525 0.004071079784072262 0 0.3605048281528111
1.8499944444166667 0 0.0018673193002231125 0.1502691620866412 0.03489376726764525 0.004071079784072262 0 0.3605048281528111
1.8666138888888888 0 0.0012095682036352053 0.14609479928465488 0.03376178104210593 0.00379538084821832 0 0.35730903057607905
1.8832416666666667 0 0.0011894087335746185 0.14620214394028455 0.033877020151948316 0.0037321245007480145 0 0.3572858153462391
1.899988888888889 0 0.0008474911450377166 0.14346962935116234 0.03336557862487144 0.003390206912211111 0 0.355575975592662
1.916611111111111 0 0.0006894964943757537 0.1421094220223675 0.033069302369861324 0.003275309138958866 0 0.3547083307490843
1.9333166666666666 0 0.0005171229795471554 0.1410750859802741 0.03306927704902885 0.0031029356241302664 0 0.354363362162143
1.9499027777777778 0 0.0005085042632213695 0.14126604225693815 0.03319604448745666 0.003051220030394762 0 0.3545586046293118
1.966588888888889 0 0.0003334400804702045 0.14107277747301966 0.033307531120723266 0.0028344719826079666 0 0.3546473450235084
1.983286111111111 0 0 0.14033901537822502 0.0334023705701368 0.002585812644583109 0 0.354603279231019
1.9999888888888888 0 0 0.14045629219720404 0.03384548583808152 0.0023703064329320344 0 0.35509973720784355
2.0166472222222223 0 0 0.14065443879573414 0.033790783561088514 0.002331448950424952 0 0.35528013107817563
2.0332777777777777 0 0 0.14077966193741967 0.03378248672447945 0.0021647416256940877 0 0.3555112180761256
2.0499 0 0 0.14075309487425935 0.0338370507208623 0.0020313281697806104 0 0.35550416813876773
2.0665833333333334 0 0.00033895815561568965 0.14163942368499008 0.03384538826185467 0.001695149194495712 0 0.35814642969485444
2.0833333333333335 0 0.0005084506386240684 0.14244872227162045 0.033836581224528935 0.0015227210323787539 0 0.35940255646922975
2.099988888888889 0 0.000847440392658753 0.14329624645167163 0.03383659271567458 0.0013532299857432924 0 0.361097639302769
2.116616666666667 0 0.0008618037891444946 0.14331196487226375 0.033893016104426694 0.0012038066929632352 0 0.36118535947583574
2.133322222222222 0.00017238228049977643 0.0012065683501440477 0.1444801761910927 0.03422890420896405 0.0010284655936427306 0 0.36401525840442706
2.149977777777778 0.000508608831220004 0.0020313274995895038 0.14698413898439758 0.03501212102942085 0.0008418348901284622 0 0.3698102884296075
2.1666222222222222 0.0006669830154785932 0.002498163150628723 0.14807551564843816 0.035438424035921554 0.0008280343181591432 0 0.372583562484248
2.183288888888889 0.0008336884565960087 0.0031649849150983855 0.14940912621404895 0.035938533295703415 0.0006613265225182649 0 0.37591758889827515
2.1999166666666667 0.0008475832642059422 0.0032177346636833586 0.14969580756869064 0.03602901560087969 0.0005028508813095329 0 0.3762504607994718
2.2166166666666665 0.001167121943469288 0.004832152349464784 0.15344630771921125 0.03694713675540392 0.00033066070200520904 0 0.38351948069673475
2.233236111111111 0.001186573975860443 0.0049126882219558635 0.1538003190044663 0.03705443917336357 0.00016667731549515667 0 0.3838096737061153
2.25 0.001525590545295274 0.00694678763856485 0.15837897324577319 0.03773224720841183 0.0003390165694348312 0 0.3933052484120926
2.2666583333333334 0.0016672947819380188 0.007999903297990328 0.1604505863311552 0.03794725536733153 0.000500172838468731 0 0.3975273121225857
2.2832999999722223 0.001834005403094847 0.009166877646088124 0.1631179930013718 0.03828068791170899 0.0006668834596255591 0 0.40236201902919194
2.2999833333333335 0.002000716495180312 0.01066727747485731 0.16611880490302014 0.038614113863298376 0.0008335945517110242 0 0.40803022912500925
2.316625 0.002167423819911177 0.012167643397435098 0.16911949389463818 0.03894751532705626 0.0010003018764418892 0 0.41369815949452393
2.3332611111111112 0.00220354755024303 0.012370437454059016 0.16956526406720968 0.03891867256564839 0.0010169735743825873 0 0.4146609086719181
2.349997222222222 0.0025425631619119472 0.01609960918241711 0.17600666795597403 0.03993575004838512 0.0013559891860515047 0 0.42652673090990006
2.366661111111111 0.0027120704888661546 0.017964189778913394 0.17969816745650322 0.0404326838161821 0.0015254965130057122 0 0.43286661246983554
2.3833083333333334 0.002758037785287615 0.018268667571776333 0.1805032776173586 0.04042856154466479 0.001551352386107504 0 0.43417089223945304
2.3999444444444444 0.0028815529177753374 0.019997978925823588 0.18359625709779986 0.04094112918795132 0.0016949789419148952 0 0.4398153752992267
2.4166583333333334 0.0032177373229669106 0.024368376193314042 0.19192379431871257 0.042268730571967325 0.002031163347106469 0 0.4539047890248263
2.4333222221944446 0.0033872465654583577 0.02657199634570285 0.19612385638984733 0.04293807469782125 0.0022006725895979155 0 0.46109226993732005
2.449963888888889 0.003553920176858833 0.028905426905309502 0.20041800662644502 0.043763007684863325 0.002367346200998391 0 0.4684941733008048
2.4665777777777778 0.0036623702824384154 0.030765522737041924 0.2038009092176268 0.044379270066057484 0.002495248338969128 0 0.4741508283184485
2.4833333333333334 0.0038900796946161457 0.033944999968852724 0.20995599234951481 0.04543496222753338 0.0027035057187557035 0 0.48402394872350707
2.499988888861111 0.00399302228500417 0.036055954778094 0.21384952393664683 0.04602384189046374 0.0028259003415348834 0 0.4897597097621286
2.516608333333333 0.004059572656420906 0.0366568873577289 0.2152103052868756 0.04628243421842177 0.0028729986805604646 0 0.492159692284601
2.5332444444444446 0.004326423749544193 0.04139037821073436 0.22472355726451537 0.04769909373358609 0.0031593018060749054 0 0.5060258781655933
2.5499972222222222 0.004565215073153047 0.0449138502865596 0.2320967991685488 0.04898573045643726 0.003378641097292605 0 0.5171980644053428
2.5665666666666667 0.004565215073153047 0.0449138502865596 0.2320967991685488 0.04898573045643726 0.003378641097292605 0 0.5171980644053428
2.5832916666666668 0.004734700374540284 0.047795100410142635 0.23836763706117886 0.050002614974291974 0.003548126398679842 0 0.5256720110859031
2.599925 0.004904188548502946 0.05084588754147055 0.24480829491154663 0.051189047512000124 0.003717614572642504 0 0.5344856565714431
2.6166333333055554 0.005246093521659686 0.057000177058291884 0.2579700909059354 0.05324046589351284 0.004059519545799245 0 0.5522615898590194
2.6333277777777777 0.005335010361009851 0.05796628175419514 0.26006308998795963 0.05361683697749738 0.004128324961829741 0 0.5556605125916216
2.649963888888889 0.00549074011495372 0.06234806232847265 0.27004995985721986 0.054834741034191906 0.004323618171484433 0 0.5665391702559688
2.666558333333333 0.005582252450202949 0.06338719670061385 0.2721778508365487 0.05524016588084218 0.004395678474342507 0 0.5702186313824796
2.6832555555555557 0.0057517320067314425 0.06660730827465525 0.279674104907959 0.056265433273760976 0.004565158030871001 0 0.5796350942673555
2.6999805555555554 0.006090820207545983 0.0732166604795876 0.29513471188017615 0.05830868325750733 0.004904246231685542 0 0.598711396773839
2.716561111111111 0.006090820207545983 0.0732166604795876 0.29513471188017615 0.05830868325750733 0.004904246231685542 0 0.598711396773839
2.7332805555555555 0.006429809003966263 0.07999643640799317 0.3109397838495373 0.06035103328248323 0.005243235028105821 0 0.6186404492766051
2.7499083333333334 0.006429809003966263 0.07999643640799317 0.3109397838495373 0.06035103328248323 0.005243235028105821 0 0.6186404492766051
2.766608333333333 0.006599305796239468 0.0833863722534573 0.3194144826819492 0.06136798386871209 0.005412731820379027 0 0.6284709112753302
2.7832583333333334 0.006771722066588181 0.08683469766043153 0.327943244743753 0.06225302659608906 0.005585148090727739 0 0.6385052910659075
2.799952777777778 0.006941208804250959 0.09039391915134987 0.3369681970629811 0.06311170167722985 0.005754634828390517 0 0.6486033707752468
2.8165916666666666 0.007113612689085164 0.09401440073286818 0.3461915501156575 0.06399664034312445 0.005927038713224722 0 0.658809069271143
2.833286111111111 0.00745258616441072 0.10113284371470484 0.366741405235893 0.06604166729991238 0.006266012188550278 0 0.6799233031586301
2.8498916666666667 0.00745258616441072 0.10113284371470484 0.366741405235893 0.06604166729991238 0.006266012188550278 0 0.6799233031586301
2.8666194444444444 0.007625004912075883 0.10475363741567326 0.377302713532088 0.06708785036953537 0.006438430936215442 0 0.6905458820188932
2.8833305555555557 0.007961184988004832 0.11214959908611015 0.399740990852427 0.06924870556536139 0.006774611012144391 0 0.7122001571305022
2.899983333333333 0.008130678428608682 0.11587845477939482 0.4114360851756078 0.07043517305573554 0.0069441044527482395 0 0.7230478546329367
2.9166333333055556 0.008164100652254341 0.11764647272664845 0.4186950421721305 0.07111433046106666 0.006996978708785055 0 0.7278658145094361
2.9332999999722222 0.00830016899645858 0.1196072472720926 0.42313087690184725 0.07162159170924388 0.007113595020598139 0 0.734064607480572
2.94995 0.008500387616000474 0.12504478592906335 0.44278115635740745 0.0734798152766162 0.007333265672531187 0 0.7501611720777195
2.96655 0.008642060742933815 0.12712886569454776 0.4476185412317559 0.07402653191390869 0.0074554867670733735 0 0.7567318224608175
2.983325 0.00883391831956219 0.1323824614074211 0.46766393736561335 0.07615958744632208 0.007666796376092904 0 0.771941523223222
2.999975 0.008981150291554893 0.13458883576421146 0.47291597062217505 0.07675094971721894 0.0077945763156944525 0 0.7787055375980657
3.0166555555277776 0.009320240303165942 0.1422154877790694 0.49923075498919484 0.07964487648147184 0.0081336663273055 0 0.8005127288142793
3.0332333333333334 0.009320240303165942 0.1422154877790694 0.49923075498919484 0.07964487648147184 0.0081336663273055 0 0.8005127288142793
3.0499888888611113 0.009500895210856149 0.14721989245137826 0.5199314174029832 0.08184874641906459 0.008333773267386864 0 0.8123341790688919
3.0666611111111113 0.00982591985382647 0.15300147973798534 0.5386745147559279 0.0841961343993412 0.00863934587796603 0 0.8269654619707675
3.083302777777778 0.009995417124920407 0.1563914299479496 0.5512173990024192 0.0857216242034433 0.008808843149059966 0 0.8352710293539638
3.099975 0.010164830974495328 0.1586973968073711 0.5574574486943461 0.08665743007361824 0.00895814557531522 0 0.8416716202252714
3.1165527777777777 0.009995417124920407 0.15961140029966686 0.5634191773836154 0.0869078824798922 0.00897831743981006 0 0.8418796003111914
3.1333333333333333 0.009653477738191144 0.16565119079211202 0.5868369013455967 0.08822383671590255 0.009314500903105243 0 0.8523439190414991
3.149961111111111 0.009495224004778174 0.1662700736637268 0.5920550432009923 0.08827805858420375 0.009328527975153201 0 0.8520424201791551
3.1666666666666665 0.009317317725850505 0.17119977128049094 0.6093648532784018 0.08923256200416937 0.009650688165584207 0 0.861761439742051
3.183288888888889 0.009302881892251997 0.17341203642706451 0.6159012287241448 0.08971083947120657 0.009814259151441566 0 0.8668879598232904
3.199927777777778 0.008997869371194555 0.17377969518107572 0.6242927702524507 0.08979615011845236 0.009828774568014351 0 0.864190479286773
3.216625 0.008808843149059966 0.17786245022650207 0.6406297837187004 0.09078424500674241 0.009992587477481257 0 0.8714746718391437
3.233236111111111 0.008808843149059966 0.17786245022650207 0.6406297837187004 0.09078424500674241 0.009992587477481257 0 0.8714746718391437
3.2499861111111112 0.008469826579625134 0.18125232477481806 0.659613219483635 0.09214014751483855 0.009653570908046425 0 0.8745245108069117
3.2666472222222223 0.008441017725372972 0.18311784141738247 0.665966877924814 0.09284001874555592 0.009644825516987844 0 0.8783155849773309
3.2833277777777776 0.008130844965107313 0.18362528321655128 0.6770712722505293 0.09298765302123027 0.009314589293528604 0 0.8752028848393157
3.2999916666666667 0.008096293581173312 0.18518631531251112 0.6832038247440363 0.09352954104356839 0.009300101372788184 0 0.8781438322673087
3.316663888888889 0.007791869574677378 0.1849812968122641 0.6930037878046946 0.09366567274608588 0.008975613903098669 0 0.873678057667418
3.3332361111111113 0.007791869574677378 0.1849812968122641 0.6930037878046946 0.09366567274608588 0.008975613903098669 0 0.873678057667418
3.349902777777778 0.007579173521703519 0.18642805240852975 0.7065215894297934 0.09406714520318184 0.008782981313318389 0 0.8747026924621872
3.3666583333333335 0.007283346636054251 0.1852172962922296 0.7142839590126894 0.09370614550739188 0.008467090964475541 0 0.8687759958795808
3.3833305555555557 0.007163947510873034 0.18398439117690985 0.714706645578907 0.09331762537210538 0.008328286194566107 0 0.8643707337347045
3.399941666666667 0.007113864207145068 0.1850170085496148 0.7205170555644914 0.09368654212594286 0.008297608535566358 0 0.8658962480331849
3.416552777777778 0.006944364063069946 0.1845083549029795 0.7262789726407353 0.09368643487585594 0.008128108391491235 0 0.8626748719736211
3.433325 0.006720173450300386 0.18476915645781006 0.7377017625352034 0.0941085357379428 0.007923981241915257 0 0.8604484240941187
3.4499222222222223 0.006608170559462046 0.18321508131844993 0.7372710393943095 0.09355700067671266 0.007791914887883336 0 0.8555990620136378
3.4665805555555558 0.006378312546889507 0.1829133026136325 0.7476412913155859 0.09344202551150604 0.0075821203385043785 0 0.8520596704337831
3.483313888888889 0.006169187545352147 0.17925026527721635 0.7451358804260543 0.09271247267024159 0.0073335262290452185 0 0.8421293573425526
3.4999777777777776 0.0060364520018638965 0.1798567767356953 0.7553528598492004 0.0931203839937737 0.007240259793478767 0 0.8426435505264711
3.51665 0.005838535542786391 0.17627446344170145 0.7517495256209291 0.09238188685525267 0.007002874226479463 0 0.8327049007685045
3.5333027777777777 0.005596886312883809 0.17478910456884972 0.7590206027836559 0.09237666093304747 0.006780630641305099 0 0.8272836865864538
3.5498916666666664 0.005596886312883809 0.17478910456884972 0.7590206027836559 0.09237666093304747 0.006780630641305099 0 0.8272836865864538
3.5666611111111113 0.0053411823460006785 0.17115443389467402 0.7582227774568631 0.09140462778299799 0.00650552102969375 0 0.8167683421758342
3.5832777777777776 0.0052607167503801195 0.17112575766933555 0.762385558678449 0.09140267053356282 0.006444461078801409 0 0.8159748972608496
3.5999916666666665 0.004918810819687419 0.16666645714601477 0.7639295212947144 0.09053194238903603 0.0061025551481087075 0 0.8030154647778271
3.6166333333055554 0.004749323603260717 0.1644490807731997 0.7641140275756203 0.09017611688506107 0.005933067931682007 0 0.7962706547682133
3.6333305555555557 0.004671465839272837 0.16242011581294966 0.7605910098395 0.08953147189919833 0.005835804522965908 0 0.7910533663921095
3.649925 0.004579837823117671 0.16190688792044758 0.7639458087622908 0.08949829107623088 0.005763582151538961 0 0.7893228405127231
3.6666583333333334 0.004340817712836842 0.15748308160658145 0.7595661238290142 0.08823723900616898 0.005505156396529914 0 0.7774270535187724
3.683325 0.004140277939149632 0.15621545455271704 0.765148332090223 0.08809915662232774 0.005344085730764503 0 0.7730117808272904
3.6999222222222223 0.004071273306830472 0.1541203339107062 0.7608703643420714 0.08747828779062415 0.005255017635251761 0 0.7674163249767183
3.716597222222222 0.0039045969173744205 0.15130404750089552 0.7591513804473212 0.08684026925103693 0.00508834124579571 0 0.7591568000676504
3.7333305555555554 0.003565608120954142 0.14553281549110147 0.7542735852572647 0.08547027661427363 0.004749352449375432 0 0.741750456861126
3.749911111111111 0.003565608120954142 0.14553281549110147 0.7542735852572647 0.08547027661427363 0.004749352449375432 0 0.741750456861126
3.7666555555277776 0.0032236950583322244 0.13937274694949187 0.7473113819510296 0.08374944447233394 0.004407439386753514 0 0.7236830694022632
3.783313888888889 0.0032236950583322244 0.13937274694949187 0.7473113819510296 0.08374944447233394 0.004407439386753514 0 0.7236830694022632
3.7999972222222222 0.0028818044358352416 0.1328712299759858 0.7377932124332844 0.081689708018257 0.004065548764256531 0 0.7045975576006657
3.816647222222222 0.0028818044358352416 0.1328712299759858 0.7377932124332844 0.081689708018257 0.004065548764256531 0 0.7045975576006657
3.833258333333333 0.002585929790348833 0.12822890116214913 0.7303043599768736 0.08014415795384518 0.003789737581963704 0 0.6894793200783976
3.849963888888889 0.0024105886910283283 0.12489145783864236 0.7224939526240959 0.07890782660397584 0.0036143964826431995 0 0.6786761891643369
3.866561111111111 0.002370412212844523 0.1229794097468724 0.7157061491187906 0.07810112477719847 0.0035541565412658127 0 0.6732965865388573
3.8833055555555553 0.0021648225937899107 0.11763158053392171 0.7000511043089352 0.07582606552177416 0.0033291612774829825 0 0.6573533861942038
3.8999722222222224 0.0018647386963117248 0.11236598389387949 0.6882237551811738 0.07373100835928645 0.0030484830247330145 0 0.6406250375861816
3.9166444444444446 0.0017239811475882974 0.11047849973001529 0.6854100482865584 0.07308469028434329 0.0029277889392031685 0 0.6342467601368055
3.933333333333333 0.0015228392896353552 0.10518320585445841 0.6672956011217228 0.07064813270076445 0.002706583618056645 0 0.6171109731184077
3.9499666666666666 0.0013533563819865917 0.10162407867845884 0.6562795175862909 0.06895331750890127 0.0025371007104078814 0 0.6054171106832498
3.966661111111111 0.0011809381297904142 0.0980003839782196 0.6444968483545604 0.06705380533062381 0.002364682458211704 0 0.5937690114501617
3.9832972222222223 0.0011809381297904142 0.0980003839782196 0.6444968483545604 0.06705380533062381 0.002364682458211704 0 0.5937690114501617
3.9999944444444444 0.0008418485811693359 0.09087951548703306 0.6190653297787082 0.06332383232564805 0.0023646944880677907 0 0.5710504137708317
4.016625 0.0008280477847567238 0.08938968736429481 0.6115841857101091 0.06245245345718882 0.002492645748093483 0 0.5671905841112762
4.0332638888888885 0.0006641083492666869 0.08561908034802397 0.5986746440545319 0.06065189791667413 0.0024954239979691987 0 0.556301102429218
4.049941666666666 0.0003418715192033765 0.0809369445498229 0.5865622959005626 0.05857090672626945 0.002235265664472075 0 0.5430971120112088
4.066602777777778 0.0003361736605499869 0.07958799547399252 0.5791591054766855 0.05776421407900774 0.002367500368240316 0 0.5398081239490097
4.083302777777778 0 0.07236167221298678 0.5531069985847593 0.05406629990361645 0.0023674964588988987 0 0.5199765721650487
4.099986111111111 0 0.07236167221298678 0.5531069985847593 0.05406629990361645 0.0023674964588988987 0 0.5199765721650487
4.116619444444445 0 0.06767479879400147 0.533705084236462 0.05184643942637724 0.0024954215628034326 0 0.5084531740575594
4.1332305555555555 0 0.06541271880247154 0.5273451991023019 0.05118504976300675 0.0023675122569453287 0 0.502858921410418
4.149938888888889 0 0.059683720754563595 0.5082716127096438 0.04914800534460291 0.002238127227449187 0 0.48903857325638234
4.166558333333334 0 0.05868899207532087 0.5023866186294271 0.0485012852198558 0.002373238404654638 0 0.4867499824893159
4.183333333333334 0 0.05241841810232459 0.478147561136959 0.045788335137634764 0.0023731279885748514 0 0.47167039647446934
4.19995 0 0.05020453698486447 0.47160187070165316 0.045013244173590664 0.0022409988923054306 0 0.4663937364236597
4.216658333333333 0 0.04648641435110246 0.45441985590270567 0.04307658132330918 0.0025426434529548774 0 0.4576038427441007
4.233275 0 0.04572434198469095 0.4494294757561527 0.04253434957152048 0.0026649024859260826 0 0.4556761586299801
4.249986111111111 0 0.041758413952044916 0.4363953563883202 0.04087349495841581 0.0027552381634151023 0 0.44630123230337365
4.266647222222222 0 0.04038928562574836 0.4270473142865549 0.039864047194280806 0.002995569310591603 0 0.4429110770533661
4.283330555555556 0 0.03693214641642665 0.4139448227997574 0.03845750366477481 0.0030971140329845385 0 0.4351726077722484
4.299994444444445 0 0.03572125636998643 0.40549685612943553 0.03752727216735691 0.0033262395726745184 0 0.4323113831315842
4.31665 0 0.031909818533237315 0.3885263254227157 0.03561035094949949 0.0035511732123409425 0 0.42341498327346405
4.333322222222222 0 0.029841025415422422 0.37826313140281315 0.03457022764951001 0.003717845897743471 0 0.41873216224699356
4.3499944444444445 0 0.02794446824140755 0.3680046337827767 0.033530004945177536 0.0038845232132386277 0 0.41388191937247376
4.36665 0 0.02652210175771268 0.36131471723910213 0.0328917636800637 0.003950362589734198 0 0.4102103130316018
4.383238888888889 0 0.026080066728417468 0.35800449350876357 0.03251304813270721 0.004054003727216533 0 0.40913581195632387
4.399925 0 0.024246565324122074 0.34838176369848756 0.03151575789818301 0.004223487113607581 0 0.4050668137293084
4.416647222222222 0 0.020999885937011034 0.3293649948079745 0.02946148111027485 0.004562583875848116 0 0.3974463119044614
4.433263888888889 0 0.020999885937011034 0.3293649948079745 0.02946148111027485 0.004562583875848116 0 0.3974463119044614
4.4499 0 0.01947447513540766 0.32008691776491255 0.028616955855314662 0.004734999155290179 0 0.3938169864177371
4.4665888888888885 0 0.01811852378016253 0.31148925561780677 0.027599992338880813 0.0049074010586071925 0 0.390525979482611
4.483322222222222 0 0.01601237456108256 0.29677336395618925 0.02565454597672826 0.005162956219257845 0 0.3843895007275714
4.499994444444445 0 0.015487378673833952 0.2923779350949386 0.024813413321753564 0.005327106801593743 0 0.3834565405174083
4.516552777777778 0 0.014559074379722958 0.2864035656214934 0.02404054293844123 0.005415891914953638 0 0.38086453351415994
4.533238888888889 0 0.013392294276101774 0.278494228863665 0.022873762834820052 0.00558828985537291 0 0.37772518840333746
4.549986111111111 0 0.011357652490910858 0.2637018127656222 0.02067244373413398 0.005924462016323104 0 0.3720358338801845
4.566655555555555 0 0.010340694720082293 0.25636854284218696 0.01965548596330541 0.006091137942763462 0 0.3693920261799946
4.583272222222222 0 0.010171175134507174 0.2548332025281846 0.01933326488193975 0.00615799714010345 0 0.3691714063133979
4.599991666666667 0 0.008645688490934398 0.24246920064363348 0.01762147848832794 0.00643012099362174 0 0.36481488259236466
4.616561111111111 0 0.008645688490934398 0.24246920064363348 0.01762147848832794 0.00643012099362174 0 0.36481488259236466
4.633252777777778 0 0.0071342579981030696 0.22957225482814028 0.015773860048432054 0.006769113620532105 0 0.36037311969070984
4.64995 0 0.006553780978859177 0.2243451535924239 0.015164467800661986 0.006883844359863158 0 0.3584150772357191
4.6666638888888885 0 0.00576655646558877 0.21692096688113 0.014064233132789178 0.007111035752243812 0 0.3564393970280019
4.683263888888889 0 0.00576655646558877 0.21692096688113 0.014064233132789178 0.007111035752243812 0 0.3564393970280019
4.699994444444444 0 0.004740844819077299 0.20546867985576453 0.012354713721936727 0.007452941582872285 0 0.35370423317577787
4.7165888888888885 0 0.004740844819077299 0.20546867985576453 0.012354713721936727 0.007452941582872285 0 0.35370423317577787
4.733269444444445 0 0.004162948974972525 0.1996447244235872 0.011485251586225364 0.007667042907343842 0 0.3525035702865958
4.749994444444445 0 0.003387454486437428 0.19043607520578246 0.010323092147840695 0.007964323748072778 0 0.35024416464417296
4.766616666666667 0 0.0033319224456761585 0.18998148952925034 0.0103205684537545 0.008000468388409008 0 0.3503372133926357
4.783330555555556 0 0.0027092637575814077 0.18162936580698577 0.009478120266901735 0.008303311108818065 0 0.348723078976793
4.799972222222222 0 0.0026648495976210568 0.18127500463710958 0.009486689334703077 0.008331139343145368 0 0.34890843837881624
4.8166416666666665 0 0.002375922090706402 0.17746275054345712 0.009144788323302287 0.008469991665531123 0 0.3482234165144006
4.833322222222222 0 0.0020035635495824996 0.17417613029833745 0.008825420147065974 0.0086617992275661 0 0.3477531467681378
4.849983333333333 0 0.0016701460746447268 0.17130061054376666 0.008489237924288216 0.008825743217195004 0 0.3474896718562694
4.866655555555556 0 0.0013560938256562394 0.16674117949440823 0.0079441512252317 0.00913951717902614 0 0.34732123606115195
4.883308333333333 0 0.0011866051729215396 0.1647075148459512 0.007774675021519462 0.0093090182807833 0 0.3473216717769381
4.8999333333055555 0 0.0010343533487655028 0.16301770945772462 0.007561721621947667 0.009466798251644034 0 0.347348111381016
4.916591666666666 0 0.0010004401242158143 0.1626741427762909 0.0076472147396411784 0.00948982984049504 0 0.3476292932998677
4.933269444444444 0 0.0006895985276207128 0.15991440479004618 0.007216932715644519 0.009811518987630465 0 0.3483811828639079
4.949905555555556 0 0.0005172289083598249 0.15875214782161043 0.0072198880734038835 0.00998684396465072 0 0.3488293596240075
4.966597222222222 0 0.0003391015784771653 0.15801390446172897 0.00727193504714522 0.009820396565239873 0 0.3492153942135427
4.983325 0 0.0001666763894560517 0.15792195330210398 0.007266188099668657 0.009647971376218758 0 0.3495257796714499
4.999936111111111 0 0.0001666763894560517 0.15792195330210398 0.007266188099668657 0.009647971376218758 0 0.3495257796714499
5.016569444444444 0 0 0.15754452181421782 0.007219830244857361 0.009469626743324196 0 0.3500312076725406
5.033333333333333 0 0.00033901752720615693 0.15780061551745161 0.007269020954527378 0.009142303317480276 0 0.3513171455876893
5.04995 0 0.0005001662457445478 0.1582144350736387 0.007316563059503126 0.00899242949260355 0 0.35189269066995377
5.066638888888889 0 0.0008335997326178275 0.15888138775930266 0.007316569181782937 0.00882571887144672 0 0.3530599160315238
5.083230555555556 0 0.0008474930614947913 0.15898704518909243 0.007269020954843858 0.008803323139335373 0 0.3533510434264124
5.099933333305556 0 0.00135598343831441 0.15987680046595995 0.007441335834817163 0.008636644434762265 0 0.35480283274640134
5.116636111111111 0 0.0023817336318106975 0.16213876957941845 0.007786179543113336 0.00829765468072758 0 0.3579737389343102
5.133227777777778 0 0.0023817336318106975 0.16213876957941845 0.007786179543113336 0.00829765468072758 0 0.3579737389343102
5.149986111111111 0 0.0031234865510412738 0.16352888519356454 0.008096479491438721 0.008090585284739733 0 0.35993426174903353
5.166633333333333 0 0.003918888462930758 0.16487121187482462 0.008470014179225514 0.007955742196660736 0 0.3617319895804259
5.183275 0 0.004847099969356214 0.16680348434917366 0.008785907330033243 0.0077458450723452855 0 0.36493212764419053
5.199958333333333 0 0.005783226778190365 0.1684300441127556 0.009317416746748304 0.007616747654472864 0 0.36749367588753645
5.216652777777778 0 0.006915450678763932 0.17076760142197758 0.00982006759057728 0.007401104859950839 0 0.37079194145274497
5.233230555555555 0 0.007986526606236393 0.1728362846922928 0.010334304619563962 0.007277753112284993 0 0.37359431465552523
5.249927777777778 0 0.00919335033239085 0.17516346848086106 0.0108572441029632 0.007111079037881687 0 0.3768923723772459
5.266583333333333 0 0.010549190614405629 0.17770536019469463 0.011365663621055799 0.006941578414966896 0 0.3802812731017428
5.283230555555556 0 0.012074614343219188 0.18045943775040288 0.011876952407255559 0.00677490109947174 0 0.38376678674778886
5.299955555555556 0 0.014877715348910242 0.1856705284173013 0.012849316810440967 0.006497107686643597 0 0.39047989831521884
5.316644444416666 0 0.01682068350053997 0.18897984639075804 0.01357480574333353 0.006269223352898928 0 0.39471400033876164
5.333286111111111 0 0.018348283409451487 0.19178368498344175 0.014171971952788142 0.006166449199572716 0 0.3975879047189252
5.349930555555556 0 0.020182157226151354 0.19516240829733478 0.014841610614081423 0.006002508853275148 0 0.401352793285046
5.366636111111111 0 0.022182707284799423 0.1987048849659734 0.01551122823803108 0.0058385639527881086 0 0.40544799195195236
5.383305555555555 0 0.022552419072879415 0.19930494482509312 0.015600268194687026 0.0057663928380233395 0 0.4064431210092361
5.399963888888889 0 0.0266202386650805 0.2072273951258589 0.0169532943589377 0.005424494172190227 0 0.4149881809455247
5.416558333333334 0 0.0266202386650805 0.2072273951258589 0.0169532943589377 0.005424494172190227 0 0.4149881809455247
5.433322222222222 0 0.02935081104100642 0.21240520705218136 0.01794781657693752 0.005171590586389515 0 0.4204725577648837
5.449963888888889 0 0.03176388345865027 0.21683924079351408 0.018981990470213452 0.004996266616914588 0 0.4248532817354955
5.466572222222222 0 0.03364810511223374 0.22046611258063845 0.019700032410045545 0.004912995506632678 0 0.4281164781832605
5.483322222222222 0 0.0377647502722961 0.2285224873259659 0.021377761105028665 0.004665727491445563 0 0.43610314749231527
5.499994444444445 0 0.040894378073151556 0.23507480595976665 0.02273414324197268 0.004404504650286232 0 0.44234132575730845
5.516655555555555 0 0.043436959245055466 0.24062220407461107 0.02375117571073424 0.00423210670986696 0 0.4473281421165099
5.533305555555556 0 0.043436959245055466 0.24062220407461107 0.02375117571073424 0.00423210670986696 0 0.4473281421165099
5.549916666666666 0 0.0461487930096457 0.24638477756934657 0.02476811337245557 0.004062612790461319 0 0.45241267960596027
5.566599999972222 0 0.04886061145340089 0.2523646574052935 0.025954533941598468 0.0038959345489167673 0 0.4575957035796564
5.5833305555555555 0 0.05462371403662687 0.26495328267240653 0.028327576181750344 0.003559766139468031 0 0.46803753158679945
5.599938888888889 0 0.055549539698264615 0.26668620364760154 0.028807704591610517 0.003447737869442168 0 0.4701100192676978
5.616558333333334 0 0.0575049316052747 0.2715630198383158 0.029513959886487688 0.003390275571618132 0 0.47396920594088526
5.633241666638889 0 0.061582095614745036 0.28030220579073883 0.031393087228846046 0.0031029996047875603 0 0.48217441389623106
5.649991666666667 0 0.06665788768876206 0.2927065742629677 0.033581940368037626 0.0028788532960044386 0 0.491667180223388
5.666655555555556 0 0.06970877823806361 0.3001643282627748 0.03493789172328275 0.00270936081299606 0 0.49793850551530094
5.683330555555556 0 0.07287554166694615 0.3077393408026087 0.036271265798601716 0.0025369460290030482 0 0.5042434412968242
5.699988888888889 0 0.07604244585142665 0.31569495078311244 0.037604699139435614 0.0023674549823675868 0 0.5106455130672966
5.716663888888889 0 0.07926305776769074 0.32378485768068266 0.03879124037174343 0.002195050602146967 0 0.5171576941338627
5.733297222222222 0 0.08060649942477024 0.3265150797939417 0.03927636547020688 0.002059901297735897 0 0.5198907044635214
5.749983333333334 0 0.08565040551592759 0.34071551436360326 0.04114167216496856 0.0018560728171670923 0 0.5301705030753683
5.7666055555555555 0 0.08887070811137848 0.3493595457705361 0.04232810326712063 0.0016865870370240466 0 0.5366112423213046
5.783333333333333 0 0.09209108348285161 0.35851206132316965 0.04351454921134918 0.001686578897025656 0 0.543221201604911
5.799888888888889 0 0.09209108348285161 0.35851206132316965 0.04351454921134918 0.001686578897025656 0 0.543221201604911
5.816622222222223 0 0.09553922062675961 0.3679136524194387 0.044727123512199325 0.0016923051975079966 0 0.5501512158528958
5.833280555555556 0 0.10064131572080852 0.3842209523775439 0.046494498082160995 0.0018312594533283744 0 0.5611369106621727
5.849925 0 0.102318670982822 0.38795785713476205 0.04710273277212987 0.0016951068328167058 0 0.5646556161075257
5.866586111111111 0 0.10570838658568292 0.3986776021440788 0.04846142840396123 0.0016979162235037 0 0.5722113191078645
5.883325 0 0.11248873712980605 0.42075915235495015 0.05117640680551492 0.001700754407408144 0 0.5875664442687971
5.899947222222222 0 0.11248873712980605 0.42075915235495015 0.05117640680551492 0.001700754407408144 0 0.5875664442687971
5.916633333333333 0 0.11790200680370426 0.43744791218975937 0.053277089204089495 0.001560194062759298 0 0.5994866954379086
5.933330555555556 0 0.12305565764332776 0.45841870214973957 0.05526759951743557 0.0017007729003268187 0 0.6109189314688536
5.94997777775 0 0.12514134675592656 0.46355865111862815 0.05602901452283243 0.0017295995596543917 0 0.6153124746671951
5.9665944444444445 0 0.1301744223681536 0.48532487507765404 0.0583156021919303 0.0020397616967470973 0 0.6262444519460109
5.983255555555556 0 0.1301744223681536 0.48532487507765404 0.0583156021919303 0.0020397616967470973 0 0.6262444519460109
5.99995 0 0.13510262209570736 0.5071966795467574 0.06055861845041012 0.002342618535246116 0 0.636810158757901
6.016566666666667 0 0.13735433246396914 0.5131077067433377 0.06139844537152591 0.0023816621775002178 0 0.6414917428801793
6.033322222222222 0 0.14379714507273061 0.5400637981584586 0.06445034291230357 0.0027207536842986007 0 0.6547133887721687
6.04995 0 0.14679448525801353 0.5528471963906296 0.06594760809383632 0.002887428684715288 0 0.6607735905433231
6.066663888888889 0 0.1496761519559899 0.5657300587491763 0.0673036873004658 0.0030569369694327035 0 0.6665374023082119
6.083236111111111 0 0.1496761519559899 0.5657300587491763 0.0673036873004658 0.0030569369694327035 0 0.6665374023082119
6.099972222222222 0 0.15475218286114542 0.5900785784837783 0.06967074151464196 0.0033959257658529815 0 0.6770952661056893
6.1165972222222225 0 0.15712488659725243 0.6017725558480337 0.07068760736302439 0.0035654067585596497 0 0.6818403015825377
6.133325 0 0.15926877699477987 0.61298056784464 0.07150378811787725 0.0037320882413581207 0 0.6859213624679186
6.149963888888889 0 0.15926877699477987 0.61298056784464 0.07150378811787725 0.0037320882413581207 0 0.6859213624679186
6.166644444416667 0 0.1611801517108842 0.6240863507979654 0.07237472947382209 0.0039045154124317384 0 0.6891600692227536
6.1833277777777775 0 0.1626642290069677 0.638288515671523 0.07300276220001242 0.004171167571996407 0 0.6908532532065942
6.199969444444444 0 0.16416482381159134 0.6482922634568159 0.07350299155091522 0.004337889967167385 0 0.6930214369525376
6.216652777777778 0 0.16588393781919034 0.6545207857627557 0.07405006381725658 0.004410188133286841 0 0.6959275799263628
6.233327777777777 0 0.16789756031526762 0.6729142741177954 0.07505542679322327 0.0047491711841343 0 0.6993362969846603
6.249983333333334 0 0.16731237324670695 0.6755531248938105 0.07499198101216345 0.004838026069051475 0 0.6982077968402082
6.266563888888889 0 0.16874507251880394 0.6817279425844853 0.07556392722135878 0.004918659836868999 0 0.700692671550612
6.283219444444445 0 0.16925345517162285 0.690032414507233 0.07607234817561613 0.005088143702005038 0 0.7015396772207566
6.299925 0 0.1709153031457082 0.7043119485847783 0.07701683735425989 0.005346739898787535 0 0.7044654077042475
6.316658333333334 0 0.17006972993501593 0.713202229145719 0.0769028228679002 0.005593811331160842 0 0.7032337997701982
6.333247222222222 0 0.17006972993501593 0.713202229145719 0.0769028228679002 0.005593811331160842 0 0.7032337997701982
6.349972222222222 0 0.16939737661099147 0.726648777061124 0.07723897826064137 0.005929976852126336 0 0.7035698498294064
6.366655555555556 0 0.168863642401414 0.733048418965981 0.07739162859416278 0.006096661113242787 0 0.7032403720081875
6.383291666666667 0 0.168863642401414 0.733048418965981 0.07739162859416278 0.006096661113242787 0 0.7032403720081875
6.399983333333333 0 0.16896794488453398 0.7444392327829191 0.07784155657824486 0.006372365919473025 0 0.7039563080986388
6.4166638888888885 0 0.16659986101256422 0.7491765221811089 0.0771906090571587 0.00660233991265034 0 0.7007078061294626
6.433308333333334 0 0.16659986101256422 0.7491765221811089 0.0771906090571587 0.00660233991265034 0 0.7007078061294626
6.449986111111111 0 0.1641862480042587 0.7582067317066283 0.07683416383843879 0.006941320090784423 0 0.6981602944766656
6.4665944444444445 0 0.1641862480042587 0.7582067317066283 0.07683416383843879 0.006941320090784423 0 0.6981602944766656
6.483275 0 0.1631767578688559 0.7674371857520044 0.0769297642780479 0.007231334820806239 0 0.697409649903346
6.499908333305555 0 0.1614740340663371 0.7653238986900734 0.07649500889727111 0.007280294045230937 0 0.6944297107816351
6.516619444444444 0 0.1601167883998346 0.7722296129474628 0.07660203901161063 0.007576051175102874 0 0.6929400694462055
6.533261111111111 0 0.15653422977662554 0.767250109401051 0.07575766889293355 0.00766109048340743 0 0.687225878775772
6.54995 0 0.15468656769716252 0.7685844284315454 0.07541317465554431 0.007825033562188319 0 0.684750754808042
6.566597222222223 0 0.15455285871502672 0.7725807589632002 0.07548364033066049 0.00795545078822479 0 0.6851465049604205
6.5833305555555555 0 0.15014582624062534 0.7742764557228646 0.07446666819933322 0.008294468315430948 0 0.6797229830564394
6.599938888888889 0 0.15014582624062534 0.7742764557228646 0.07446666819933322 0.008294468315430948 0 0.6797229830564394
6.616591666666666 0 0.14777305308629188 0.7744458318718924 0.07378872890891029 0.008463949786869084 0 0.6759942585530495
6.63325 0 0.14335859326502348 0.7707399069213635 0.07225422836335013 0.008661473828299618 0 0.6690448433348601
6.649975 0 0.1420126198154351 0.7768709038007746 0.07194548567091555 0.008955083110614858 0 0.6679362468906107
6.666661111111111 0 0.1376033847428493 0.7714041437022493 0.07039897536146147 0.009142009216651157 0 0.6595588999147317
6.6833 0 0.13568102786301217 0.767094081950075 0.06974504826716173 0.0091588583694338 0 0.6560820578112323
6.699913888888889 0 0.1347756148985132 0.7695453342321876 0.06957409166296213 0.009311506008924364 0 0.6548497203374672
6.716661111111111 0 0.12906045678004505 0.7641660820990513 0.06839883305437337 0.009647685000062597 0 0.6447639030970392
6.733244444444445 0 0.12906045678004505 0.7641660820990513 0.06839883305437337 0.009647685000062597 0 0.6447639030970392
6.74995 0 0.12617884707284654 0.7606055506019439 0.06755124997837397 0.00981716790771136 0 0.6396778779605566
6.766655555555555 0 0.12046975559021425 0.752320357921174 0.06587893032465872 0.00981716790771136 0 0.6295480337304932
6.783327777777778 0 0.11741606540598415 0.7474565949431117 0.06502303836155701 0.009647674467107513 0 0.6240062969900155
6.799991666666667 0 0.11413743846235243 0.7421685229504856 0.06415231410482271 0.009475267609912111 0 0.6180257009116888
6.816644444416666 0 0.11243305954801248 0.7361707113191953 0.0636008167270854 0.009319935354011913 0 0.6145631974132123
6.833319444444444 0 0.10769416805515905 0.729017567685995 0.062449073809004656 0.009136295092108993 0 0.6052053404581987
6.849952777777777 0 0.1060954052208833 0.722734781258151 0.06175874916178617 0.008986519762730157 0 0.6016191239956851
6.866558333333334 0 0.10292795992940879 0.7148993472265698 0.06059178564549396 0.008819812437999291 0 0.5944504886550868
6.883311111083334 0 0.09803257600702393 0.7040999340849279 0.058889492240559706 0.008627791784759788 0 0.5833386170477781
6.899991666666667 0 0.09475383178406883 0.6936851500319675 0.05767676994676269 0.008455379973401298 0 0.5756473842908284
6.916658333333333 0 0.09320049027941196 0.6859200200790053 0.05705913619637056 0.008316767186952097 0 0.5722764526909393
6.933330555555556 0 0.08763514749771692 0.6697249276356808 0.05529826122439265 0.008116395007384541 0 0.5604586854619652
6.949911111111111 0 0.08763514749771692 0.6697249276356808 0.05529826122439265 0.008116395007384541 0 0.5604586854619652
6.966625 0 0.0805163827728911 0.6429445522606044 0.05224734577799296 0.007777406210964262 0 0.5458815649070582
6.983302777777777 0 0.07689572433029145 0.6291047586113249 0.05069270944775116 0.0076049939041738035 0 0.5383625152264719
6.999994444444445 0 0.07333647267707553 0.6151645932510102 0.04916450687572877 0.007435505730211141 0 0.5309705905108157
7.016647222222222 0 0.06988821663257005 0.6013279079313595 0.047609880912926034 0.007263092927985867 0 0.5239692916818958
7.03325 0 0.06988821663257005 0.6013279079313595 0.047609880912926034 0.007263092927985867 0 0.5239692916818958
7.0499 0 0.06546358282731923 0.5805628843794062 0.04553504643799424 0.0069800795640125495 0 0.5146709538937686
7.066663888888889 0 0.06016716012355992 0.5609712370000697 0.04328022562276783 0.006760230938278656 0 0.5041069913062495
7.083288888888889 0 0.06016716012355992 0.5609712370000697 0.04328022562276783 0.006760230938278656 0 0.5041069913062495
7.099991666666667 0 0.054065361787994926 0.5349698690430899 0.040599726548820006 0.006421242141858378 0 0.4915840122641138
7.116641666666666 0 0.052051713469811765 0.5285253352876167 0.039909029092033886 0.006357723202527163 0 0.4876788424901089
7.1332361111111116 0 0.051184184911981574 0.5222165316234911 0.03943618260132061 0.00625176114915171 0 0.4857045895948671
7.149988888888889 0 0.04559176496722969 0.49714006287333967 0.03711550227466613 0.005912652495279619 0 0.47515940288425224
7.166661111111111 0 0.04484435898416035 0.4915478330108868 0.03670379043569142 0.005815723765848806 0 0.4732720750159246
7.183247222222223 0 0.04304939208587376 0.48516402570796097 0.036129079598320166 0.005743160969855891 0 0.4701429937803142
7.199947222222222 0 0.03800667415440314 0.4610859364243281 0.03419249236506216 0.005406979774424518 0 0.4605444700871192
7.216661111111111 0 0.037383613922363744 0.4560387269425589 0.0338412577334442 0.0053183407617290335 0 0.45885490558435144
7.233333333333333 0 0.03359989449338619 0.43811274895431945 0.032249811488324155 0.005067996723577059 0 0.45123415130116684
7.249991666666666 0 0.03139654200783511 0.42688160291159455 0.031285634542641286 0.00489850807084236 0 0.4467264326650365
7.266597222222222 0 0.03139654200783511 0.42688160291159455 0.031285634542641286 0.00489850807084236 0 0.4467264326650365
7.283302777777778 0 0.028881379304461607 0.411579865323036 0.030063340542290984 0.004651499218727528 0 0.44146303439605367
7.2998916666666664 0 0.027498413109706205 0.40505030439933953 0.029547493027179596 0.004559540340570282 0 0.43865171972782563
7.316608333333333 0 0.025633816710072352 0.39451163492005814 0.028774350816630104 0.004390031576967204 0 0.4347484619519685
7.333319444444444 0 0.0234102213496611 0.38017523108612616 0.027810836871275873 0.004154121222836574 0 0.42958933971834024
7.349913888888889 0 0.02227498952190381 0.373630310942844 0.027257416030073818 0.004053867445041074 0 0.42691879241943165
7.36655 0 0.020774902016799338 0.36359433425393917 0.02652050058431302 0.003887191055585022 0 0.4233038483234175
7.383275 0 0.019274743666751283 0.3537958147711099 0.025790675027704758 0.0037205067944685714 0 0.42001928567186025
7.399891666666667 0 0.017918754006172443 0.34409179209051766 0.02522094640813379 0.003551008086896217 0 0.41680768495777876
7.416641666666667 0 0.016291156952569448 0.3316720808437238 0.02453594832747734 0.0033260639660790446 0 0.4126089769649871
7.4333277777777775 0 0.01522931327149086 0.3253663525556458 0.024111528947338576 0.0032148279950610184 0 0.41015225250238696
7.449994444444444 0 0.012856452024552273 0.3074320096220336 0.023022771318628104 0.002875847816926935 0 0.40430916830047975
7.466602777777778 0 0.012856452024552273 0.3074320096220336 0.023022771318628104 0.002875847816926935 0 0.40430916830047975
7.4833 0 0.011839497126502002 0.29899587927475685 0.022497919034619677 0.0027063553339185557 0 0.4017946441566886
7.499963888888889 0 0.010645188489711339 0.28883838100692333 0.02195138125438315 0.0024952857663741845 0 0.3985103172539347
7.516569444444444 0 0.00980567063615186 0.28314399818591823 0.021469789557188413 0.0023673842521935314 0 0.3965081857502023
7.533255555555556 0 0.008390392023882646 0.2715160410619189 0.020456721942196304 0.002098337154738418 0 0.39229614891407194
7.5498972222222225 0 0.008390392023882646 0.2715160410619189 0.020456721942196304 0.002098337154738418 0 0.39229614891407194
7.566563888888889 0 0.007660352602754782 0.2657526090044429 0.02011382037587454 0.0019597022310384924 0 0.39023069682331274
7.583294444444444 0 0.006459561669591726 0.2539657767013786 0.019365882816279482 0.0016611268279422664 0 0.3859290388601883
7.599983333333333 0 0.006459561669591726 0.2539657767013786 0.019365882816279482 0.0016611268279422664 0 0.3859290388601883
7.61665 0 0.0055422053655022315 0.24226561901502963 0.01893555749885744 0.0013367730764436941 0 0.38249679499433703
7.6333166666666665 0 0.0050621245774285705 0.23616910945125905 0.018713041174886758 0.0011669263641616336 0 0.3806614699094164
7.649938888888889 0 0.0050621245774285705 0.23616910945125905 0.018713041174886758 0.0011669263641616336 0 0.3806614699094164
7.666602777777777 0 0.004563142739411698 0.23043039713692406 0.018481724368192592 0.0009903942123720639 0 0.37935124562060285
7.683311111111111 0 0.003722018663982093 0.21884550085838017 0.01800115857278685 0.0006191778352493833 0 0.37651868864322735
7.699919444444444 0 0.003722018663982093 0.21884550085838017 0.01800115857278685 0.0006191778352493833 0 0.37651868864322735
7.716613888888889 0 0.0033757995851579157 0.21323451490249182 0.0175286604410723 0.0004201968063218432 0 0.3752519636019995
7.733333333333333 0 0.0030220730978411624 0.20755817122516002 0.01705050664241233 0.00021636115870054932 0 0.37387390370504214
7.749963888888889 0 0.0026456410147974556 0.20212239558545345 0.01675797584383918 0 0 0.37249581679137334
7.766663888888889 0 0.0018413746901617186 0.19189479978058974 0.016132917916960268 0 0 0.36955020603776084
7.783216666666666 0 0.0018413746901617186 0.19189479978058974 0.016132917916960268 0 0 0.36955020603776084
7.7998972222222225 0 0.001448780074189426 0.18134523899596178 0.015460314728399357 0 0 0.36721826907450833
7.816613888888889 0 0.0012360594738619571 0.1765901957167955 0.015093225476339666 0 0 0.3662525442347494
7.833272222222222 0 0.0012360594738619571 0.1765901957167955 0.015093225476339666 0 0 0.3662525442347494
7.849961111111111 0 0.000782264897935361 0.16754906225636645 0.014576450191479014 0 0 0.36512537845752513
7.866591666666666 0 0.0005352515165202485 0.16366266981198135 0.014424842386427956 0 0 0.3651003662563667
7.883322222222223 0 0.00027485189872654284 0.16038974071239046 0.014264971241472638 0 0 0.36507277222286455
7.899997222222222 0 0 0.15806533111914658 0.01409624709524232 0 0 0.3650441623095065
7.916602777777777 0 0 0.15806533111914658 0.01409624709524232 0 0 0.3650441623095065
7.933330555555556 0 0 0.15520903969455824 0.013738927562408174 0 0 0.3648660246480174
7.949988888888889 0 0 0.15520903969455824 0.013738927562408174 0 0 0.3648660246480174
7.966663888888889 0 0 0.15474042914137454 0.01396203706417785 0 0 0.3641539327659271
7.983322222222222 0 0 0.15448343433444253 0.014084386509481446 0 0 0.3640914353276796
7.999919444444444 0 0 0.15448343433444253 0.014084386509481446 0 0 0.3640914353276796
