% time handles
0 0
10 2
20 4
30 5
40 7
50 9
60 13
70 14
80 16
90 19
100 21
110 24
120 24
130 25
140 25
150 24
160 22
170 21
180 22
190 21
200 20
210 18
220 19
230 18
240 16
250 18
260 19
270 19
280 18
290 17
300 18
310 16
320 15
330 16
340 17
350 17
360 15
370 15
380 15
390 16
400 15
410 16
420 15
430 14
440 15
450 14
460 15
470 13
480 17
490 16
500 16
510 17
520 17
530 17
540 14
550 16
560 14
570 13
580 12
590 15
600 14
610 12
620 14
630 15
640 15
650 13
660 14
670 17
680 17
690 17
700 17
710 17
720 19
730 20
740 19
750 16
760 17
770 19
780 17
790 13
800 12
810 17
820 17
830 16
840 19
850 22
860 23
870 22
880 23
890 24
900 22
910 20
920 19
930 17
940 17
950 15
960 15
970 15
980 15
990 14
1000 12
1010 14
1020 15
1030 15
1040 16
1050 19
1060 19
1070 17
1080 16
1090 16
1100 16
1110 15
1120 15
1130 16
1140 16
1150 14
1160 13
1170 13
1180 13
1190 13
1200 10
1210 11
1220 10
1230 10
1240 12
1250 12
1260 16
1270 18
1280 22
1290 21
1300 19
1310 18
1320 17
1330 17
1340 16
1350 15
1360 15
1370 17
1380 18
1390 19
1400 19
1410 22
1420 22
1430 20
1440 17
1450 16
1460 15
1470 13
1480 15
1490 16
1500 17
1510 17
1520 15
1530 15
1540 12
1550 10
1560 9
1570 10
1580 13
1590 13
1600 13
1610 13
1620 15
1630 13
1640 12
1650 13
1660 16
1670 18
1680 19
1690 20
1700 21
1710 21
1720 21
1730 22
1740 21
1750 21
1760 20
1770 17
1780 15
1790 13
1800 13
1810 13
1820 13
1830 14
1840 14
1850 15
1860 14
1870 13
1880 13
1890 15
1900 15
1910 15
1920 14
1930 15
1940 15
1950 12
1960 13
1970 12
1980 15
1990 13
2000 14
2010 17
2020 15
2030 17
2040 15
2050 17
2060 15
2070 13
2080 12
2090 10
2100 10
2110 11
2120 12
2130 14
2140 18
2150 19
2160 19
2170 19
2180 19
2190 20
2200 18
2210 18
2220 16
2230 14
2240 11
2250 12
2260 12
2270 10
2280 12
2290 11
2300 14
2310 12
2320 12
2330 13
2340 15
2350 17
2360 15
2370 15
2380 16
2390 16
2400 16
2410 13
2420 13
2430 11
2440 11
2450 10
2460 8
2470 11
2480 11
2490 11
2500 12
2510 14
2520 16
2530 17
2540 18
2550 20
2560 17
2570 17
2580 13
2590 10
2600 10
2610 9
2620 11
2630 12
2640 14
2650 15
2660 17
2670 19
2680 17
2690 15
2700 13
2710 12
2720 10
2730 9
2740 10
2750 9
2760 11
2770 12
2780 13
2790 11
2800 10
2810 10
2820 10
2830 8
2840 7
2850 8
2860 7
2870 7
2880 6
2890 11
2900 10
2910 10
2920 11
2930 12
2940 12
2950 9
2960 10
2970 10
2980 11
2990 11
3000 12
3010 13
3020 12
3030 12
3040 13
3050 12
3060 13
3070 10
3080 11
3090 11
3100 11
3110 11
3120 11
3130 12
3140 11
3150 10
3160 8
3170 8
3180 9
3190 10
3200 9
3210 11
3220 10
3230 9
3240 6
3250 6
3260 8
3270 8
3280 9
3290 10
3300 11
3310 11
3320 9
3330 6
3340 6
3350 5
3360 7
3370 6
3380 6
3390 8
3400 7
3410 8
3420 6
3430 7
3440 8
3450 6
3460 9
3470 8
3480 6
3490 5
3500 4
3510 4
3520 2
3530 4
3540 4
3550 4
3560 6
3570 6
3580 6
3590 4
3600 5
3610 5
3620 3
3630 4
3640 5
3650 6
3660 6
3670 5
3680 5
3690 4
3700 3
3710 2
3720 1
3730 1
3740 2
3750 3
3760 3
3770 3
3780 4
3790 5
3800 4
3810 3
3820 2
3830 2
3840 1
3850 0
3860 0
3870 0
3880 0
3890 0
3900 0
3910 0
3920 0
3930 0
3940 0
3950 0
3960 0
3970 0
3980 0
3990 0
4000 0
4010 0
4020 0
4030 0
4040 0
4050 0
4060 0
4070 0
4080 0
4090 0
4100 0
4110 0
4120 0
4130 0
4140 0
4150 0
4160 0
4170 0
4180 0
4190 0
4200 0
4210 0
4220 0
4230 0
4240 0
4250 0
4260 0
4270 0
4280 0
4290 0
4300 0
4310 0
4320 0
4330 0
4340 0
4350 0
4360 0
4370 0
4380 0
4390 0
4400 0
4410 0
4420 0
4430 0
4440 0
4450 0
4460 0
4470 0
4480 0
4490 0
4500 0
4510 0
4520 0
4530 0
4540 0
4550 0
4560 0
4570 0
4580 0
4590 0
4600 0
4610 0
4620 0
4630 0
4640 0
4650 0
4660 0
4670 0
4680 0
4690 0
4700 0
4710 0
4720 0
4730 0
4740 0
4750 0
4760 0
4770 0
4780 0
4790 0
4800 0
4810 0
4820 0
4830 0
4840 0
4850 0
4860 0
4870 0
4880 0
4890 0
4900 0
4910 0
4920 0
4930 0
4940 0
4950 0
4960 0
4970 0
4980 0
4990 0
5000 0
5010 0
5020 0
5030 0
5040 0
5050 0
5060 0
5070 0
5080 0
5090 0
5100 0
5110 0
5120 0
5130 0
5140 0
5150 0
5160 0
5170 0
5180 0
5190 0
5200 0
5210 0
5220 0
5230 0
5240 0
5250 0
5260 0
5270 0
5280 0
5290 0
5300 0
5310 0
5320 0
5330 0
5340 0
5350 0
5360 0
5370 0
5380 0
5390 0
5400 0
5410 0
5420 0
5430 0
5440 0
5450 0
5460 0
5470 0
5480 0
5490 0
5500 0
5510 0
5520 0
5530 0
5540 0
5550 0
5560 0
5570 0
5580 0
5590 0
5600 0
5610 0
5620 0
5630 0
5640 0
5650 0
5660 0
5670 0
5680 0
5690 0
5700 0
5710 0
5720 0
5730 0
5740 0
5750 0
5760 0
5770 0
5780 0
5790 0
5800 0
5810 0
5820 0
5830 0
5840 0
5850 0
5860 0
5870 0
5880 0
5890 0
5900 0
5910 0
5920 0
5930 0
5940 0
5950 0
5960 0
5970 0
5980 0
5990 0
6000 0
6010 0
6020 0
6030 0
6040 0
6050 0
6060 0
6070 0
6080 0
6090 0
6100 0
6110 0
6120 0
6130 0
6140 0
6150 0
6160 0
6170 0
6180 0
6190 0
6200 0
6210 0
6220 0
6230 0
6240 0
6250 0
6260 0
6270 0
6280 0
6290 0
6300 0
6310 0
6320 0
6330 0
6340 0
6350 0
6360 0
6370 0
6380 0
6390 0
6400 0
6410 0
6420 0
6430 0
6440 0
6450 0
6460 0
6470 0
6480 0
6490 0
6500 0
6510 0
6520 0
6530 0
6540 0
6550 0
6560 0
6570 0
6580 0
6590 0
6600 0
6610 0
6620 0
6630 0
6640 0
6650 0
6660 0
6670 0
6680 0
6690 0
6700 0
6710 0
6720 0
6730 0
6740 0
6750 0
6760 0
6770 0
6780 0
6790 0
6800 0
6810 0
6820 0
6830 0
6840 0
6850 0
6860 0
6870 0
6880 0
6890 0
6900 0
6910 0
6920 0
6930 0
6940 0
6950 0
6960 0
6970 0
6980 0
6990 0
7000 0
7010 0
7020 0
7030 0
7040 0
7050 0
7060 0
7070 0
7080 0
7090 0
7100 0
7110 0
7120 0
7130 0
7140 0
7150 0
7160 0
7170 0
7180 0
7190 0
7200 0
7210 0
7220 0
7230 0
7240 0
7250 0
7260 0
7270 0
7280 0
7290 0
7300 0
7310 0
7320 0
7330 0
7340 0
7350 0
7360 0
7370 0
7380 0
7390 0
7400 0
7410 0
7420 0
7430 0
7440 0
7450 0
7460 0
7470 0
7480 0
7490 0
7500 0
7510 0
7520 0
7530 0
7540 0
7550 0
7560 0
7570 0
7580 0
7590 0
7600 0
7610 0
7620 0
7630 0
7640 0
7650 0
7660 0
7670 0
7680 0
7690 0
7700 0
7710 0
7720 0
7730 0
7740 0
7750 0
7760 0
7770 0
7780 0
7790 0
7800 0
7810 0
7820 0
7830 0
7840 0
7850 0
7860 0
7870 0
7880 0
7890 0
7900 0
7910 0
7920 0
7930 0
7940 0
7950 0
7960 0
7970 0
7980 0
7990 0
8000 0
8010 0
8020 0
8030 0
8040 0
8050 0
8060 0
8070 0
8080 0
8090 0
8100 0
8110 0
8120 0
8130 0
8140 0
8150 0
8160 0
8170 0
8180 0
8190 0
8200 0
8210 0
8220 0
8230 0
8240 0
8250 0
8260 0
8270 0
8280 0
8290 0
8300 0
8310 0
8320 0
8330 0
8340 0
8350 0
8360 0
8370 0
8380 0
8390 0
8400 0
8410 0
8420 0
8430 0
8440 0
8450 0
8460 0
8470 0
8480 0
8490 0
8500 0
8510 0
8520 0
8530 0
8540 0
8550 0
8560 0
8570 0
8580 0
8590 0
8600 0
8610 0
8620 0
8630 0
8640 0
8650 0
8660 0
8670 0
8680 0
8690 0
8700 0
8710 0
8720 0
8730 0
8740 0
8750 0
8760 0
8770 0
8780 0
8790 0
8800 0
8810 0
8820 0
8830 0
8840 0
8850 0
8860 0
8870 0
8880 0
8890 0
8900 0
8910 0
8920 0
8930 0
8940 0
8950 0
8960 0
8970 0
8980 0
8990 0
9000 0
9010 0
9020 0
9030 0
9040 0
9050 0
9060 0
9070 0
9080 0
9090 0
9100 0
9110 0
9120 0
9130 0
9140 0
9150 0
9160 0
9170 0
9180 0
9190 0
9200 0
9210 0
9220 0
9230 0
9240 0
9250 0
9260 0
9270 0
9280 0
9290 0
9300 0
9310 0
9320 0
9330 0
9340 0
9350 0
9360 0
9370 0
9380 0
9390 0
9400 0
9410 0
9420 0
9430 0
9440 0
9450 0
9460 0
9470 0
9480 0
9490 0
9500 0
9510 0
9520 0
9530 0
9540 0
9550 0
9560 0
9570 0
9580 0
9590 0
9600 0
9610 0
9620 0
9630 0
9640 0
9650 0
9660 0
9670 0
9680 0
9690 0
9700 0
9710 0
9720 0
9730 0
9740 0
9750 0
9760 0
9770 0
9780 0
9790 0
9800 0
9810 0
9820 0
9830 0
9840 0
9850 0
9860 0
9870 0
9880 0
9890 0
9900 0
9910 0
9920 0
9930 0
9940 0
9950 0
9960 0
9970 0
9980 0
9990 0
10000 0
10010 0
10020 0
10030 0
10040 0
10050 0
10060 0
10070 0
10080 0
10090 0
10100 0
10110 0
10120 0
10130 0
10140 0
10150 0
10160 0
10170 0
10180 0
10190 0
10200 0
10210 0
10220 0
10230 0
10240 0
10250 0
10260 0
10270 0
10280 0
10290 0
10300 0
10310 0
10320 0
10330 0
10340 0
10350 0
10360 0
10370 0
10380 0
10390 0
10400 0
10410 0
10420 0
10430 0
10440 0
10450 0
10460 0
10470 0
10480 0
10490 0
10500 0
10510 0
10520 0
10530 0
10540 0
10550 0
10560 0
10570 0
10580 0
10590 0
10600 0
10610 0
10620 0
10630 0
10640 0
10650 0
10660 0
10670 0
10680 0
10690 0
10700 0
10710 0
10720 0
10730 0
10740 0
10750 0
10760 0
10770 0
10780 0
10790 0
10800 0
10810 0
10820 0
10830 0
10840 0
10850 0
10860 0
10870 0
10880 0
10890 0
10900 0
10910 0
10920 0
10930 0
10940 0
10950 0
10960 0
10970 0
10980 0
10990 0
11000 1
11010 1
11020 2
11030 4
11040 5
11050 7
11060 6
11070 7
11080 7
11090 6
11100 8
11110 7
11120 10
11130 13
11140 14
11150 15
11160 14
11170 15
11180 12
11190 10
11200 10
11210 10
11220 12
11230 13
11240 16
11250 18
11260 18
11270 19
11280 16
11290 14
11300 14
11310 14
11320 15
11330 13
11340 15
11350 17
11360 16
11370 15
11380 16
11390 18
11400 16
11410 13
11420 14
11430 13
11440 12
11450 10
11460 13
11470 16
11480 17
11490 17
11500 17
11510 17
11520 13
11530 11
11540 8
11550 8
11560 7
11570 6
11580 10
11590 14
11600 16
11610 16
11620 16
11630 17
11640 15
11650 11
11660 9
11670 8
11680 11
11690 13
11700 13
11710 14
11720 17
11730 18
11740 17
11750 18
11760 21
11770 22
11780 19
11790 18
11800 15
11810 14
11820 11
11830 12
11840 13
11850 15
11860 17
11870 17
11880 17
11890 14
11900 15
11910 17
11920 17
11930 14
11940 14
11950 15
11960 15
11970 12
11980 10
11990 12
12000 10
12010 11
12020 10
12030 12
12040 12
12050 11
12060 12
12070 10
12080 10
12090 9
12100 10
12110 12
12120 14
12130 16
12140 15
12150 15
12160 16
12170 15
12180 13
12190 12
12200 13
12210 12
12220 13
12230 14
12240 15
12250 14
12260 14
12270 13
12280 13
12290 13
12300 15
12310 14
12320 17
12330 17
12340 15
12350 15
12360 13
12370 17
12380 13
12390 13
12400 15
12410 15
12420 17
12430 15
12440 15
12450 17
12460 15
12470 14
12480 12
12490 12
12500 12
12510 10
12520 11
12530 10
12540 10
12550 11
12560 13
12570 15
12580 16
12590 19
12600 19
12610 19
12620 18
12630 16
12640 13
12650 10
12660 10
12670 8
12680 7
12690 8
12700 8
12710 9
12720 9
12730 10
12740 10
12750 13
12760 15
12770 16
12780 16
12790 16
12800 17
12810 14
12820 15
12830 15
12840 15
12850 14
12860 16
12870 15
12880 12
12890 10
12900 9
12910 10
12920 8
12930 8
12940 9
12950 9
12960 8
12970 9
12980 9
12990 10
13000 10
13010 12
13020 16
13030 15
13040 15
13050 14
13060 12
13070 9
13080 6
13090 5
13100 6
13110 8
13120 9
13130 10
13140 11
13150 11
13160 9
13170 6
13180 7
13190 7
13200 7
13210 9
13220 10
13230 12
13240 12
13250 14
13260 13
13270 11
13280 9
13290 8
13300 8
13310 8
13320 9
13330 11
13340 15
13350 17
13360 16
13370 14
13380 12
13390 10
13400 6
13410 4
13420 5
13430 7
13440 8
13450 9
13460 13
13470 13
13480 13
13490 11
13500 13
13510 13
13520 10
13530 9
13540 7
13550 8
13560 5
13570 4
13580 5
13590 6
13600 8
13610 9
13620 11
13630 11
13640 13
13650 13
13660 14
13670 13
13680 12
13690 13
13700 11
13710 10
13720 7
13730 6
13740 5
13750 6
13760 6
13770 9
13780 13
13790 13
13800 14
13810 13
13820 11
13830 8
13840 4
13850 4
13860 3
13870 2
13880 4
13890 6
13900 8
13910 8
13920 8
13930 7
13940 5
13950 3
13960 2
13970 3
13980 3
13990 5
14000 7
14010 7
14020 8
14030 6
14040 6
14050 6
14060 4
14070 5
14080 3
14090 4
14100 5
14110 5
14120 5
14130 6
14140 7
14150 6
14160 6
14170 5
14180 5
14190 3
14200 4
14210 4
14220 4
14230 3
14240 4
14250 4
14260 3
14270 4
14280 4
14290 4
14300 5
14310 5
14320 5
14330 4
14340 4
14350 5
14360 3
14370 3
14380 3
14390 3
14400 2
14410 3
14420 3
14430 5
14440 4
14450 4
14460 5
14470 3
14480 3
14490 1
14500 1
14510 1
14520 1
14530 1
14540 1
14550 2
14560 2
14570 2
14580 1
14590 1
14600 1
14610 0
14620 0
14630 0
14640 0
14650 0
14660 0
14670 0
14680 0
14690 0
14700 0
14710 0
14720 0
14730 0
14740 0
14750 0
14760 0
14770 0
14780 0
14790 0
14800 0
14810 0
14820 0
14830 0
14840 0
14850 0
14860 0
14870 0
14880 0
14890 0
14900 0
14910 0
14920 0
14930 0
14940 0
14950 0
14960 0
14970 0
14980 0
14990 0
15000 0
15010 0
15020 0
15030 0
15040 0
15050 0
15060 0
15070 0
15080 0
15090 0
15100 0
15110 0
15120 0
15130 0
15140 0
15150 0
15160 0
15170 0
15180 0
15190 0
15200 0
15210 0
15220 0
15230 0
15240 0
15250 0
15260 0
15270 0
15280 0
15290 0
15300 0
15310 0
15320 0
15330 0
15340 0
15350 0
15360 0
15370 0
15380 0
15390 0
15400 0
15410 0
15420 0
15430 0
15440 0
15450 0
15460 0
15470 0
15480 0
15490 0
15500 0
15510 0
15520 0
15530 0
15540 0
15550 0
15560 0
15570 0
15580 0
15590 0
15600 0
15610 0
15620 0
15630 0
15640 0
15650 0
15660 0
15670 0
15680 0
15690 0
15700 0
15710 0
15720 0
15730 0
15740 0
15750 0
15760 0
15770 0
15780 0
15790 0
15800 0
15810 0
15820 0
15830 0
15840 0
15850 0
15860 0
15870 0
15880 0
15890 0
15900 0
15910 0
15920 0
15930 0
15940 0
15950 0
15960 0
15970 0
15980 0
15990 0
16000 0
16010 0
16020 0
16030 0
16040 0
16050 0
16060 0
16070 0
16080 0
16090 0
16100 0
16110 0
16120 0
16130 0
16140 0
16150 0
16160 0
16170 0
16180 0
16190 0
16200 0
16210 0
16220 0
16230 0
16240 0
16250 0
16260 0
16270 0
16280 0
16290 0
16300 0
16310 0
16320 0
16330 0
16340 0
16350 0
16360 0
16370 0
16380 0
16390 0
16400 0
16410 0
16420 0
16430 0
16440 0
16450 0
16460 0
16470 0
16480 0
16490 0
16500 0
16510 0
16520 0
16530 0
16540 0
16550 0
16560 0
16570 0
16580 0
16590 0
16600 0
16610 0
16620 0
16630 0
16640 0
16650 0
16660 0
16670 0
16680 0
16690 0
16700 0
16710 0
16720 0
16730 0
16740 0
16750 0
16760 0
16770 0
16780 0
16790 0
16800 0
16810 0
16820 0
16830 0
16840 0
16850 0
16860 0
16870 0
16880 0
16890 0
16900 0
16910 0
16920 0
16930 0
16940 0
16950 0
16960 0
16970 0
16980 0
16990 0
17000 0
17010 0
17020 0
17030 0
17040 0
17050 0
17060 0
17070 0
17080 0
17090 0
17100 0
17110 0
17120 0
17130 0
17140 0
17150 0
17160 0
17170 0
17180 0
17190 0
17200 0
17210 0
17220 0
17230 0
17240 0
17250 0
17260 0
17270 0
17280 0
17290 0
17300 0
17310 0
17320 0
17330 0
17340 0
17350 0
17360 0
17370 0
17380 0
17390 0
17400 0
17410 0
17420 0
17430 0
17440 0
17450 0
17460 0
17470 0
17480 0
17490 0
17500 0
17510 0
17520 0
17530 0
17540 0
17550 0
17560 0
17570 0
17580 0
17590 0
17600 0
17610 0
17620 0
17630 0
17640 0
17650 0
17660 0
17670 0
17680 0
17690 0
17700 0
17710 0
17720 0
17730 0
17740 0
17750 0
17760 0
17770 0
17780 0
17790 0
17800 0
17810 0
17820 0
17830 0
17840 0
17850 0
17860 0
17870 0
17880 0
17890 0
17900 0
17910 0
17920 0
17930 0
17940 0
17950 0
17960 0
17970 0
17980 0
17990 0
18000 0
18010 0
18020 0
18030 0
18040 0
18050 0
18060 0
18070 0
18080 0
18090 0
18100 0
18110 0
18120 0
18130 0
18140 0
18150 0
18160 0
18170 0
18180 0
18190 0
18200 0
18210 0
18220 0
18230 0
18240 0
18250 0
18260 0
18270 0
18280 0
18290 0
18300 0
18310 0
18320 0
18330 0
18340 0
18350 0
18360 0
18370 0
18380 0
18390 0
18400 0
18410 0
18420 0
18430 0
18440 0
18450 0
18460 0
18470 0
18480 0
18490 0
18500 0
18510 0
18520 0
18530 0
18540 0
18550 0
18560 0
18570 0
18580 0
18590 0
18600 0
18610 0
18620 0
18630 0
18640 0
18650 0
18660 0
18670 0
18680 0
18690 0
18700 0
18710 0
18720 0
18730 0
18740 0
18750 0
18760 0
18770 0
18780 0
18790 0
18800 0
18810 0
18820 0
18830 0
18840 0
18850 0
18860 0
18870 0
18880 0
18890 0
18900 0
18910 0
18920 0
18930 0
18940 0
18950 0
18960 0
18970 0
18980 0
18990 0
19000 0
19010 0
19020 0
19030 0
19040 0
19050 0
19060 0
19070 0
19080 0
19090 0
19100 0
19110 0
19120 0
19130 0
19140 0
19150 0
19160 0
19170 0
19180 0
19190 0
19200 0
19210 0
19220 0
19230 0
19240 0
19250 0
19260 0
19270 0
19280 0
19290 0
19300 0
19310 0
19320 0
19330 0
19340 0
19350 0
19360 0
19370 0
19380 0
19390 0
19400 0
19410 0
19420 0
19430 0
19440 0
19450 0
19460 0
19470 0
19480 0
19490 0
19500 0
19510 0
19520 0
19530 0
19540 0
19550 0
19560 0
19570 0
19580 0
19590 0
19600 0
19610 0
19620 0
19630 0
19640 0
19650 0
19660 0
19670 0
19680 0
19690 0
19700 0
19710 0
19720 0
19730 0
19740 0
19750 0
19760 0
19770 0
19780 0
19790 0
19800 0
19810 0
19820 0
19830 0
19840 0
19850 0
19860 0
19870 0
19880 0
19890 0
19900 0
19910 0
19920 0
19930 0
19940 0
19950 0
19960 0
19970 0
19980 0
19990 0
20000 0
20010 0
20020 0
20030 0
20040 0
20050 0
20060 0
20070 0
20080 0
20090 0
20100 0
20110 0
20120 0
20130 0
20140 0
20150 0
20160 0
20170 0
20180 0
20190 0
20200 0
20210 0
20220 0
20230 0
20240 0
20250 0
20260 0
20270 0
20280 0
20290 0
20300 0
20310 0
20320 0
20330 0
20340 0
20350 0
20360 0
20370 0
20380 0
20390 0
20400 0
20410 0
20420 0
20430 0
20440 0
20450 0
20460 0
20470 0
20480 0
20490 0
20500 0
20510 0
20520 0
20530 0
20540 0
20550 0
20560 0
20570 0
20580 0
20590 0
20600 0
20610 0
20620 0
20630 0
20640 0
20650 0
20660 0
20670 0
20680 0
20690 0
20700 0
20710 0
20720 0
20730 0
20740 0
20750 0
20760 0
20770 0
20780 0
20790 0
20800 0
20810 0
20820 0
20830 0
20840 0
20850 0
20860 0
20870 0
20880 0
20890 0
20900 0
20910 0
20920 0
20930 0
20940 0
20950 0
20960 0
20970 0
20980 0
20990 0
21000 0
21010 0
21020 0
21030 0
21040 0
21050 0
21060 0
21070 0
21080 0
21090 0
21100 0
21110 0
21120 0
21130 0
21140 0
21150 0
21160 0
21170 0
21180 0
21190 0
21200 0
21210 0
21220 0
21230 0
21240 0
21250 0
21260 0
21270 0
21280 0
21290 0
21300 0
21310 0
21320 0
21330 0
21340 0
21350 0
21360 0
21370 0
21380 0
21390 0
21400 0
21410 0
21420 0
21430 0
21440 0
21450 0
21460 0
21470 0
21480 0
21490 0
21500 0
21510 0
21520 0
21530 0
21540 0
21550 0
21560 0
21570 0
21580 0
21590 0
21600 0
21610 0
21620 0
21630 0
21640 0
21650 0
21660 1
21670 4
21680 6
21690 6
21700 8
21710 10
21720 10
21730 8
21740 7
21750 7
21760 7
21770 5
21780 7
21790 7
21800 10
21810 13
21820 13
21830 16
21840 15
21850 17
21860 15
21870 14
21880 14
21890 13
21900 12
21910 11
21920 13
21930 14
21940 16
21950 14
21960 15
21970 15
21980 15
21990 14
22000 11
22010 14
22020 14
22030 14
22040 12
22050 13
22060 14
22070 13
22080 14
22090 15
22100 17
22110 17
22120 18
22130 17
22140 16
22150 15
22160 13
22170 13
22180 13
22190 13
22200 13
22210 13
22220 13
22230 11
22240 10
22250 10
22260 12
22270 11
22280 13
22290 14
22300 15
22310 18
22320 17
22330 19
22340 17
22350 17
22360 18
22370 17
22380 15
22390 14
22400 13
22410 13
22420 12
22430 11
22440 12
22450 12
22460 13
22470 15
22480 14
22490 14
22500 14
22510 14
22520 13
22530 11
22540 13
22550 13
22560 15
22570 16
22580 17
22590 16
22600 13
22610 13
22620 9
22630 10
22640 11
22650 14
22660 16
22670 15
22680 17
22690 15
22700 16
22710 13
22720 12
22730 12
22740 12
22750 12
22760 11
22770 14
22780 13
22790 13
22800 13
22810 14
22820 12
22830 10
22840 10
22850 10
22860 12
22870 10
22880 12
22890 13
22900 14
22910 16
22920 15
22930 15
22940 15
22950 13
22960 13
22970 11
22980 11
22990 11
23000 12
23010 11
23020 11
23030 12
23040 11
23050 11
23060 10
23070 12
23080 13
23090 12
23100 13
23110 16
23120 16
23130 16
23140 15
23150 16
23160 15
23170 12
23180 13
23190 14
23200 12
23210 12
23220 12
23230 14
23240 10
23250 8
23260 9
23270 9
23280 9
23290 10
23300 12
23310 13
23320 14
23330 13
23340 11
23350 9
23360 8
23370 7
23380 5
23390 5
23400 9
23410 8
23420 9
23430 11
23440 12
23450 13
23460 10
23470 10
23480 10
23490 8
23500 10
23510 11
23520 12
23530 14
23540 16
23550 19
23560 20
23570 21
23580 20
23590 17
23600 16
23610 14
23620 11
23630 9
23640 9
23650 13
23660 12
23670 11
23680 14
23690 14
23700 16
23710 15
23720 15
23730 15
23740 11
23750 9
23760 9
23770 8
23780 8
23790 9
23800 10
23810 12
23820 11
23830 10
23840 9
23850 8
23860 8
23870 10
23880 10
23890 12
23900 12
23910 13
23920 12
23930 10
23940 8
23950 8
23960 7
23970 6
23980 8
23990 7
24000 9
24010 8
24020 12
24030 12
24040 10
24050 12
24060 11
24070 11
24080 10
24090 10
24100 11
24110 10
24120 10
24130 10
24140 9
24150 10
24160 10
24170 9
24180 8
24190 8
24200 10
24210 10
24220 11
24230 11
24240 13
24250 13
24260 11
24270 11
24280 12
24290 12
24300 10
24310 8
24320 8
24330 7
24340 7
24350 7
24360 10
24370 12
24380 12
24390 14
24400 12
24410 13
24420 12
24430 10
24440 8
24450 7
24460 6
24470 4
24480 4
24490 6
24500 7
24510 7
24520 8
24530 9
24540 8
24550 6
24560 5
24570 5
24580 5
24590 5
24600 5
24610 6
24620 7
24630 6
24640 7
24650 6
24660 7
24670 6
24680 5
24690 6
24700 5
24710 5
24720 3
24730 3
24740 6
24750 5
24760 4
24770 4
24780 4
24790 5
24800 3
24810 2
24820 3
24830 4
24840 5
24850 4
24860 5
24870 7
24880 7
24890 6
24900 5
24910 6
24920 5
24930 3
24940 2
24950 3
24960 4
24970 3
24980 3
24990 3
25000 3
25010 2
25020 2
25030 3
25040 3
25050 3
25060 4
25070 5
25080 5
25090 4
25100 3
25110 4
25120 3
25130 2
25140 2
25150 2
25160 2
25170 1
25180 1
25190 1
25200 0
25210 0
25220 0
25230 0
25240 0
25250 0
25260 0
25270 0
25280 0
25290 0
25300 0
25310 0
25320 0
25330 0
25340 0
25350 0
25360 0
25370 0
25380 0
25390 0
25400 0
25410 0
25420 0
25430 0
25440 0
25450 0
25460 0
25470 0
25480 0
25490 0
25500 0
25510 0
25520 0
25530 0
25540 0
25550 0
25560 0
25570 0
25580 0
25590 0
25600 0
25610 0
25620 0
25630 0
25640 0
25650 0
25660 0
25670 0
25680 0
25690 0
25700 0
25710 0
25720 0
25730 0
25740 0
25750 0
25760 0
25770 0
25780 0
25790 0
25800 0
25810 0
25820 0
25830 0
25840 0
25850 0
25860 0
25870 0
25880 0
25890 0
25900 0
25910 0
25920 0
25930 0
25940 0
25950 0
25960 0
25970 0
25980 0
25990 0
26000 0
26010 0
26020 0
26030 0
26040 0
26050 0
26060 0
26070 0
26080 0
26090 0
26100 0
26110 0
26120 0
26130 0
26140 0
26150 0
26160 0
26170 0
26180 0
26190 0
26200 0
26210 0
26220 0
26230 0
26240 0
26250 0
26260 0
26270 0
26280 0
26290 0
26300 0
26310 0
26320 0
26330 0
26340 0
26350 0
26360 0
26370 0
26380 0
26390 0
26400 0
26410 0
26420 0
26430 0
26440 0
26450 0
26460 0
26470 0
26480 0
26490 0
26500 0
26510 0
26520 0
26530 0
26540 0
26550 0
26560 0
26570 0
26580 0
26590 0
26600 0
26610 0
26620 0
26630 0
26640 0
26650 0
26660 0
26670 0
26680 0
26690 0
26700 0
26710 0
26720 0
26730 0
26740 0
26750 0
26760 0
26770 0
26780 0
26790 0
26800 0
26810 0
26820 0
26830 0
26840 0
26850 0
26860 0
26870 0
26880 0
26890 0
26900 0
26910 0
26920 0
26930 0
26940 0
26950 0
26960 0
26970 0
26980 0
26990 0
27000 0
27010 0
27020 0
27030 0
27040 0
27050 0
27060 0
27070 0
27080 0
27090 0
27100 0
27110 0
27120 0
27130 0
27140 0
27150 0
27160 0
27170 0
27180 0
27190 0
27200 0
27210 0
27220 0
27230 0
27240 0
27250 0
27260 0
27270 0
27280 0
27290 0
27300 0
27310 0
27320 0
27330 0
27340 0
27350 0
27360 0
27370 0
27380 0
27390 0
27400 0
27410 0
27420 0
27430 0
27440 0
27450 0
27460 0
27470 0
27480 0
27490 0
27500 0
27510 0
27520 0
27530 0
27540 0
27550 0
27560 0
27570 0
27580 0
27590 0
27600 0
27610 0
27620 0
27630 0
27640 0
27650 0
27660 0
27670 0
27680 0
27690 0
27700 0
27710 0
27720 0
27730 0
27740 0
27750 0
27760 0
27770 0
27780 0
27790 0
27800 0
27810 0
27820 0
27830 0
27840 0
27850 0
27860 0
27870 0
27880 0
27890 0
27900 0
27910 0
27920 0
27930 0
27940 0
27950 0
27960 0
27970 0
27980 0
27990 0
28000 0
28010 0
28020 0
28030 0
28040 0
28050 0
28060 0
28070 0
28080 0
28090 0
28100 0
28110 0
28120 0
28130 0
28140 0
28150 0
28160 0
28170 0
28180 0
28190 0
28200 0
28210 0
28220 0
28230 0
28240 0
28250 0
28260 0
28270 0
28280 0
28290 0
28300 0
28310 0
28320 0
28330 0
28340 0
28350 0
28360 0
28370 0
28380 0
28390 0
28400 0
28410 0
28420 0
28430 0
28440 0
28450 0
28460 0
28470 0
28480 0
28490 0
28500 0
28510 0
28520 0
28530 0
28540 0
28550 0
28560 0
28570 0
28580 0
28590 0
28600 0
28610 0
28620 0
28630 0
28640 0
28650 0
28660 0
28670 0
28680 0
28690 0
28700 0
28710 0
28720 0
28730 0
28740 0
28750 0
28760 0
28770 0
28780 0
28790 0
28800 0
