# OrderThroughputTimeAvg ItemThroughputRate ItemThroughputRateScore OrderTurnoverTimeAvg OrdersHandled TripDistance LateOrdersFractional OrderLatenessAvg ISIdleTimeAvg TimingDecisionsOverall InvCombinedAvgRank TimeMoving TimeQueueing DistanceTraveledPerBot ItemPileOneAvg OrderThroughputRate BundlesHandled OrderOffsetAvg OSIdleTimeAvg TripTime TripTimeWithoutQueueing 
88.6232682424265 1430 0.567731482556179 440.85980098714447 465 15.880332949529533 0 0 1 0.6862418000000039 0 792.4792736450967 175.40658970597784 825.7773133755358 7.086452762923351 930 0 -10205.256723182021 0.4932775212421407 20.371963384003568 16.99875973581169 
91.11076354289177 1570 0.6179001737855357 431.2068049817294 515 16.221256464637996 0 0 1 0.8875807999999964 0 763.0222666730455 185.951837418772 805.6557377436872 8.139809863339275 1030 0 -10227.099338863223 0.4443416827034228 20.59155444683245 16.847557720279998 
87.47859058676843 1592 0.6256387418697666 441.2040197323749 508 16.548979727217784 0 0 1 0.8311157000000032 0 786.246776089975 136.82049182912695 830.2071496487588 8.347753267973856 1016 0 -10209.09782868045 0.43567027947790987 20.1593051060792 17.43198633207667 
83.21819890086132 1564 0.6153816945931869 447.09506841011506 503 16.715006827630624 0 0 1 0.8354134999999969 0 777.9406408607483 177.18479923015082 824.6070034964441 8.175205566097407 1006 0 -10228.251867206005 0.44622599140497904 20.797302318502553 17.20571855032382 
88.15362337631319 1556 0.6110892565023642 437.2256172352716 510 16.787627293824023 0 0 1 0.8099630000000002 0 770.4289501704365 182.9406481481492 814.1999237504651 8.444173881673882 1020 0 -10207.020770747891 0.44922475683708335 21.178827747433136 17.406855620667173 
103.35627259217638 1556 0.6128494263511022 428.6124292737029 493 15.920284965893128 0 0 1 0.8336625000000004 0 761.9664272983723 182.13342592592628 806.6277716052518 8.037555344718532 986 0 -10197.823987690686 0.4475130617950671 20.105537257040872 16.51079858745022 
91.41321550943653 1528 0.6024492060344069 460.21241187172797 493 16.58769161393915 0 0 1 0.8503252999999987 0 790.2791571233297 156.8989670956351 826.6199654279676 7.899371442125236 986 0 -10196.01655810704 0.45729087776170135 20.70124501160619 17.55277075550649 
90.05496223604132 1510 0.5954273161861994 447.09336014159123 500 16.693045712539035 0 0 1 0.7425608000000011 0 783.1211195028469 160.67598845353538 823.5235884852591 7.882985452245414 1000 0 -10205.449294673883 0.4637650018753321 21.098305813905938 17.841360102009947 
86.83869580634087 1560 0.6127510974490841 453.233270222357 490 17.389684688642436 0 0 1 0.8578731000000006 0 778.1637782195066 152.64874820176786 826.0100227105157 8.422222222222222 980 0 -10210.863408801515 0.4474364865641604 21.765351105332332 18.55169324845301 
