# OrderThroughputTimeAvg ItemThroughputRate ItemThroughputRateScore OrderTurnoverTimeAvg OrdersHandled TripDistance LateOrdersFractional OrderLatenessAvg ISIdleTimeAvg TimingDecisionsOverall InvCombinedAvgRank TimeMoving TimeQueueing DistanceTraveledPerBot ItemPileOneAvg OrderThroughputRate BundlesHandled OrderOffsetAvg OSIdleTimeAvg TripTime TripTimeWithoutQueueing 
93.94673000132876 1446 0.573937497770725 433.0621139175192 469 15.8978564396935 0 0 1 1.271584099999998 0 796.9986687961949 179.91434705656934 839.9367485638066 7.113450292397661 938 0 -10242.058028991438 0.4872569906091677 19.81037809418968 16.405059222456504 
81.34724371013456 1530 0.6021385665675 442.09329535148987 509 16.904575948509386 0 0 1 0.7983757999999972 0 775.9507402902332 156.15371933560678 817.0545041779536 8.144153225806452 1018 0 -10247.196415684102 0.45737192295688994 21.576362485358555 18.34559587841497 
77.04395601633881 1600 0.6284124980564171 436.10692183548775 510 16.202938961242214 0 0 1 0.9520064000000023 0 759.1955663449356 174.61693001136328 802.0454785814895 8.43401759530792 1020 0 -10272.084417174865 0.4326775185780991 20.459232755659272 16.93161800795496 
94.23521846860582 1564 0.6151053090689049 445.105210349014 504 16.585561613831306 0 0 1 0.7535359999999988 0 773.1801803898975 171.54957793864165 815.4567793467058 8.238239247311828 1008 0 -10251.098455251424 0.4466974106147635 20.873283905841976 17.38413994776791 
95.65671243406344 1486 0.587002202589181 426.84126100066106 498 16.294329886587665 0 0 1 0.869243399999998 0 783.4257755537637 177.9236111111105 820.1479376249125 7.659477124183007 996 0 -10220.484841722655 0.47119516061297984 20.68616123439708 17.15125505338164 
95.57077088469782 1522 0.6005450891957061 471.17467833913776 483 16.286074304089986 0 0 1 0.7026298000000015 0 785.9418806707754 169.4854004353538 827.8754437912409 7.800414007245127 966 0 -10155.66814925933 0.4591137593152906 20.250330494967663 16.916191470009885 
93.12373954065707 1542 0.6076781331301156 448.9446163220875 498 16.77248207739813 0 0 1 1.0390536999999958 0 788.2378871585182 149.37297260076278 835.8286901903402 7.962211981566821 996 0 -10195.047641422536 0.4516530879222153 20.615053885116946 17.617602929917695 
92.92031856364888 1590 0.6239952463410062 453.6039823313814 518 16.727282025627698 0 0 1 0.8928442999999942 0 754.1675863533237 162.59911827629006 794.5458962173157 8.55165770609319 1036 0 -10224.499050910437 0.4350702052465489 21.56124156283374 18.138102230701318 
92.40900730580105 1570 0.6164041450994936 442.3414505668239 492 16.693397575273394 0 0 1 0.7646976999999977 0 762.068547384677 183.60967532651338 801.2830836131229 8.488505747126437 984 0 -10221.846824505366 0.44319328473223574 21.420144675925865 17.5949431066235 
