# OrderThroughputTimeAvg ItemThroughputRate ItemThroughputRateScore OrderTurnoverTimeAvg OrdersHandled TripDistance LateOrdersFractional OrderLatenessAvg ISIdleTimeAvg TimingDecisionsOverall InvCombinedAvgRank TimeMoving TimeQueueing DistanceTraveledPerBot ItemPileOneAvg OrderThroughputRate BundlesHandled OrderOffsetAvg OSIdleTimeAvg TripTime TripTimeWithoutQueueing 
99.95099321385932 1516 0.5981850255799956 470.9108343679253 494 17.047539455869998 0 0 1 0.9428437999999989 0 810.5910761563669 134.4395587102761 858.0594859454565 7.798842592592592 988 0 -10183.288854519404 0.4634431710904298 20.47434694722248 17.80336233708454 
83.3569988094481 1454 0.5762660294577585 444.86508430133387 485 16.44998750738526 0 0 1 1.0241385 0 799.7755062149657 179.41886846170337 847.1743566303409 7.2730243612596555 970 0 -10210.252187092712 0.4835907033391235 20.478095355009632 16.994233831481413 
88.795555809942 1482 0.5862475943658968 461.61902614655315 474 16.205069738278624 0 0 1 0.8004820999999966 0 779.5636217587735 180.9451226103405 818.3560217830706 7.49023321449792 948 0 -10182.109450121598 0.47450612451929414 20.73849630734403 17.155424572485803 
86.0365661094597 1462 0.5768598016309884 414.96154336104087 478 16.311969561438936 0 0 1 0.8376330000000031 0 767.7995646571393 204.03286317744198 807.4424932912274 7.8027756557168315 956 0 -10240.704884520846 0.480821383140197 21.37860444306711 17.256728419280403 
87.953047543193 1520 0.6007054849088638 464.19853357039995 498 16.581203243941847 0 0 1 0.8072356999999948 0 803.184793141565 152.14740261212697 845.6413654410343 7.604166666666667 996 0 -10214.584817984169 0.4602969243413902 20.294313796935207 17.311031392775853 
92.9189616356086 1512 0.596525913514271 443.02589166842944 483 16.16720133588706 0 0 1 0.8124087999999989 0 786.3770658559583 167.21493627357032 827.2218016862213 7.81609195402299 966 0 -10217.610959832147 0.46229205820896047 20.21736146979909 16.94931711266091 
88.75131409370081 1490 0.5883085785055582 453.654065108118 486 16.28374809356238 0 0 1 0.6823020000000027 0 791.590280128175 175.41499880117954 830.4711527716813 7.716983146940044 972 0 -10236.906105155822 0.4692965674841778 20.487891143313963 17.048381362898677 
78.40475373766199 1520 0.5979072905567097 424.101594270779 508 16.85660321475538 0 0 1 0.8616097 0 776.9744408007394 167.4747210234016 817.545255915636 8.213076257570139 1016 0 -10246.383413709947 0.4601027777777769 21.490373221699823 18.037286190289482 
94.8192042204144 1490 0.5891878711106667 429.58724233984697 478 16.47441247714504 0 0 1 0.8085267999999994 0 796.7323748975404 163.09989057668653 842.9407717472546 7.535242127153892 956 0 -10202.04099106817 0.4705117043661701 20.305713251773458 17.118093240502713 
