# OrderThroughputTimeAvg ItemThroughputRate ItemThroughputRateScore OrderTurnoverTimeAvg OrdersHandled TripDistance LateOrdersFractional OrderLatenessAvg ISIdleTimeAvg TimingDecisionsOverall InvCombinedAvgRank TimeMoving TimeQueueing DistanceTraveledPerBot ItemPileOneAvg OrderThroughputRate BundlesHandled OrderOffsetAvg OSIdleTimeAvg TripTime TripTimeWithoutQueueing 
100.60762585821574 1576 0.6187529403703667 486.60600405188904 504 16.55331547185147 0 0 1 0.6652245000000022 0 754.8995020443825 182.39101492205577 794.5591426488705 8.490174267704857 1008 0 -10198.505393534479 0.44255072373701193 21.4320833405843 17.632270529708137 
81.4183978499197 1678 0.654985948000178 467.5066005137348 535 16.62792493797624 0 0 1 0.962041599999998 0 737.1425636791847 189.4440428102698 770.4271887928991 9.456451612903225 1070 0 -10228.490454120583 0.4039939914716501 21.553927118270853 17.465206769847764 
87.85708032672878 1680 0.6564885132062195 462.78069878244605 534 16.974694628696536 0 0 1 0.6913395000000004 0 751.4571223894654 179.9469721117872 797.8106475487372 9.257231800766283 1068 0 -10224.841341687234 0.40385683684922147 21.135695045864747 17.30703606476289 
81.70208930768608 1612 0.6311440092351389 456.2571617528017 512 16.626254173498968 0 0 1 0.7658557999999993 0 749.8187733769904 192.64546296296112 789.7470732412008 8.924025974025975 1024 0 -10263.866431731985 0.42842857546211793 21.463954735645974 17.408260778531 
80.7630390736141 1658 0.6486759895008055 442.9599292125815 533 16.872984111674164 0 0 1 0.720529800000003 0 755.0558344849095 175.15570588047618 793.0302532486858 9.047390619206526 1066 0 -10227.732782591234 0.4121770001787397 21.362518114103803 17.635800967710693 
93.38833675601882 1624 0.6368099079958143 429.06115704320496 512 17.020886412505394 0 0 1 0.811486200000001 0 767.9047245253904 167.98415702886882 808.4921045940063 8.679619470567745 1024 0 -10233.055115228144 0.42491045765261254 21.296393990322567 17.759885421293752 
85.09082936855823 1646 0.6445318369355287 449.2591503208824 527 16.363350478488094 0 0 1 0.6033245000000034 0 748.0371945548696 182.41442761372113 788.1680480471765 8.904630285052976 1054 0 -10251.690558924684 0.41567249213056773 20.812826410625327 17.025675664319696 
82.25318724991803 1602 0.6283536247184915 446.41456795766163 518 16.984521936451973 0 0 1 0.7516697000000009 0 771.8690476055416 165.90276214587632 818.08780660577 8.637373737373737 1036 0 -10241.006786524058 0.430714232268427 21.00689125562365 17.562543252595077 
88.29063367930316 1514 0.5958831612179005 445.7502396422654 483 17.413485899529846 0 0 1 0.7391418000000027 0 792.7997177230828 141.84046296296398 835.8473231774325 8.134543010752688 966 0 -10237.92817637018 0.46289096653488326 21.69702197103837 18.74201232597662 
