# OrderThroughputTimeAvg ItemThroughputRate ItemThroughputRateScore OrderTurnoverTimeAvg OrdersHandled TripDistance LateOrdersFractional OrderLatenessAvg ISIdleTimeAvg TimingDecisionsOverall InvCombinedAvgRank TimeMoving TimeQueueing DistanceTraveledPerBot ItemPileOneAvg OrderThroughputRate BundlesHandled OrderOffsetAvg OSIdleTimeAvg TripTime TripTimeWithoutQueueing 
90.71975708914135 1636 0.6395116016291766 448.19016273788725 520 17.435248278551974 0 0 1 0.8924830999999978 0 753.2226695060423 180.11124940059048 790.3979219610228 9.197465437788019 1040 0 -10264.896367225936 0.420347330483467 22.39827367715216 18.425231410962663 
81.19522764091988 1542 0.6071152899090947 449.38625658553605 508 16.928366771426326 0 0 1 0.7307813000000014 0 775.2176382422357 186.39623376868857 818.2043939522724 8.086683006535948 1016 0 -10225.1627885157 0.45353531880733905 21.448683609430454 17.592209807319655 
81.48910419530543 1616 0.6344260421705865 470.8074203722939 511 16.553969973017015 0 0 1 0.7532136999999999 0 776.8703378605011 155.43086339831976 822.180508659845 8.497572069580183 1022 0 -10199.45390703757 0.42721275853367663 20.237865689555004 17.108385218447896 
80.96250014621617 1524 0.5997636820647018 455.37105535604815 490 17.22904207994209 0 0 1 0.7670444000000002 0 787.253227459238 170.64217652533677 826.9940198372202 8.147279244053438 980 0 -10223.07094901391 0.4594127518735574 21.771232489036294 18.216187144758447 
86.20527090627806 1592 0.6257448277528876 460.6473321867388 513 16.510213005465936 0 0 1 0.808758899999997 0 774.3645442299529 153.61820947693658 817.2555437705638 8.323232323232324 1026 0 -10204.069714792739 0.43581348008278326 20.501084267496534 17.397686096245288 
82.14317711092883 1516 0.5972510030876185 457.2161469211389 483 16.862068965517217 0 0 1 1.1221923 0 777.8221764780974 180.17703344057585 814.9999999999987 8.002487876871179 966 0 -10218.141632147499 0.46361348136232855 21.602300393258567 17.874499701384583 
88.73004684456149 1536 0.6055114998049771 458.3998018322731 495 16.649703220684525 0 0 1 1.1641313999999947 0 792.8508273392196 160.45002646852242 832.4851610342263 7.91919191919192 990 0 -10227.329060996994 0.4557538827195984 20.63110233326949 17.42210180389904 
82.32016529233974 1586 0.62236780424088 480.604923803508 520 17.17332948145062 0 0 1 1.2666437000000006 0 769.8812494005853 167.39474269664333 810.0087072084208 8.565757688115864 1040 0 -10210.132245668914 0.43792745443106273 21.669930833213986 18.120925687702112 
90.13160204114233 1526 0.601894453365187 469.08264437938044 486 16.67184112989908 0 0 1 1.0294094 0 782.5563936369285 185.80248077163742 828.034776118321 7.849062049062049 972 0 -10218.52530475073 0.4596623724244313 20.84985243125041 17.108862885512746 
