# OrderThroughputTimeAvg ItemThroughputRate ItemThroughputRateScore OrderTurnoverTimeAvg OrdersHandled TripDistance LateOrdersFractional OrderLatenessAvg ISIdleTimeAvg TimingDecisionsOverall InvCombinedAvgRank TimeMoving TimeQueueing DistanceTraveledPerBot ItemPileOneAvg OrderThroughputRate BundlesHandled OrderOffsetAvg OSIdleTimeAvg TripTime TripTimeWithoutQueueing 
90.92169257960083 1508 0.5938031822255174 436.63931867616697 489 16.9221927230295 0 0 1 0.918597999999998 0 772.4811207487252 173.4310258527887 820.7263470669308 8.069642857142858 978 0 -10217.364791275408 0.46570955959518806 21.566137144819358 17.990239704555673 
75.64666712511243 1582 0.6209783208072036 444.73008143563965 519 16.7934322588437 0 0 1 0.9764520999999956 0 767.8944034955942 182.9037806643963 808.8836538009715 8.521729390681005 1038 0 -10256.668515612479 0.4376129309419396 21.295603214789775 17.498292889577396 
86.77506760685492 1538 0.605396280885807 451.57435690582815 494 17.12848564127765 0 0 1 0.8830829000000029 0 784.3339946684981 177.24246753737557 833.5863012088456 8.119270503900486 988 0 -10232.520478040113 0.4551108092342191 21.302620950761163 17.6606524397192 
84.07312440650796 1522 0.5986894733598463 429.69349476037354 489 17.04153958618093 0 0 1 0.8952505999999967 0 772.7788371506589 162.56894901885732 817.9939001366847 8.214141414141414 978 0 -10251.318560720172 0.46068018543060063 21.801652387373768 18.41479928281424 
81.91033981229302 1572 0.6161681365937924 453.6739783504337 519 16.992474268113845 0 0 1 0.980609200000002 0 748.4592171588282 209.00615560917626 787.3179744226081 8.743875911506613 1038 0 -10225.957456633478 0.44189249498754307 22.16124586089143 17.650321639110647 
91.24621293160703 1570 0.6154632257911917 444.220186877935 498 16.82549149813639 0 0 1 0.6496610000000034 0 758.8961699950129 193.4160930815666 793.6023489954331 8.723543680532927 996 0 -10240.419025623176 0.4434912124143371 21.77730579350204 17.676611240535966 
91.68678840814158 1520 0.5970797095711821 478.6958474214627 490 17.229488415645566 0 0 1 1.2109395999999992 0 794.180871790055 159.41895501296037 832.7586067562024 8.41230351160775 980 0 -10216.861714756455 0.4593985997364333 21.43075944212656 18.132436234961865 
94.04462996941903 1710 0.6668467909868133 449.44992292293364 545 16.806260854837966 0 0 1 1.0209207000000002 0 739.3824314310497 173.43316378005133 775.8890427983528 9.6342037890425 1090 0 -10242.104314293081 0.3939488856815356 21.333034392721544 17.5763593649948 
82.3363424697111 1622 0.6354580452952466 446.7132452952743 506 16.731382311430313 0 0 1 0.7824692999999971 0 750.2884195030516 181.30701780867346 786.3749686372247 8.821527777777776 1012 0 -10229.655204116976 0.4251750337345288 21.539910255832336 17.682314132243537 
