# OrderThroughputTimeAvg ItemThroughputRate ItemThroughputRateScore OrderTurnoverTimeAvg OrdersHandled TripDistance LateOrdersFractional OrderLatenessAvg ISIdleTimeAvg TimingDecisionsOverall InvCombinedAvgRank TimeMoving TimeQueueing DistanceTraveledPerBot ItemPileOneAvg OrderThroughputRate BundlesHandled OrderOffsetAvg OSIdleTimeAvg TripTime TripTimeWithoutQueueing 
87.47999653971287 1606 0.630363814424352 446.27516924547206 513 16.845867935823737 0 0 1 0.7300860000000011 0 773.709659647371 167.21325517382084 814.2169502314806 8.53015873015873 1026 0 -10271.303348107182 0.43212311873867765 21.036135219669273 17.576550629866087 
84.41161368273131 1506 0.5943609527970769 449.3861885028702 495 16.764216511813128 0 0 1 0.7881775999999994 0 799.9982611206801 153.54753486026505 843.7988977612608 7.772890192245032 990 0 -10206.095222594933 0.4652909504981233 20.646847615992908 17.596234340623404 
86.05970474042013 1610 0.6328556128146567 459.57977514647575 512 16.5508381798026 0 0 1 0.7914233000000003 0 776.2785499239908 150.58037037037212 822.0249629301958 8.315086347344414 1024 0 -10220.775644799325 0.42946493772829997 20.322413496746428 17.29059395908793 
90.54012135806774 1492 0.5890093931798164 467.70468549929336 479 16.63386353875857 0 0 1 0.7769571999999999 0 792.4301214115153 167.40698654486835 831.6931769379285 7.7358134920634924 958 0 -10213.479433307788 0.47083944740638217 20.94264956747992 17.59450983658255 
90.9738302718766 1446 0.571810600887251 462.33929257818437 475 17.048382580465685 0 0 1 0.8617984000000007 0 797.0611375323907 180.89110991229185 843.8949377330514 7.530759803921569 950 0 -10188.948158525256 0.4869613088802942 21.479659194315317 17.825293337501343 
95.56340459373412 1438 0.570344169981408 466.684303971878 463 16.775474991582126 0 0 1 0.6965544000000009 0 813.7758020222846 164.3817291942756 863.9369620664794 7.192216280451575 926 0 -10178.210086700605 0.49105135082127277 20.535533000152117 17.34365476337007 
80.43404831544719 1542 0.6079599987528022 453.38101011216526 497 16.391637111577545 0 0 1 0.9819352999999996 0 776.4048024323646 154.9092691968324 822.3137950974734 7.901307189542483 994 0 -10232.349637014495 0.4531832621931195 20.503815882198058 17.41592347295887 
83.18458866045896 1548 0.6105631468834634 425.4258472383482 515 15.974440860437984 0 0 1 0.7603175999999989 0 779.8849926653585 157.20136606406479 825.3461111226292 7.850892857142857 1030 0 -10237.427274788808 0.4513595693382302 19.76247423476516 16.71986714965423 
88.271918693224 1516 0.5979725675200206 434.4084750063144 492 16.59485693439037 0 0 1 0.8371025999999965 0 789.946109865045 141.86816258122974 832.5086562085836 7.844248941023134 984 0 -10210.71474403457 0.46253630749578867 20.685987713049112 17.85805091740998 
