# SectorTime BundleTurnoverTimeAvg
0.25279444444444443 971.2230120481926
0.2555861111111111 976.6731736526943
0.258375 982.1182738095237
0.26116666666666666 982.1182738095237
0.26395555555555555 987.592544378698
0.26674444444444445 993.061470588235
0.27082222222222224 1003.9835465116274
0.27363611111111114 1009.4368786127163
0.2764277777777778 1014.8852298850571
0.27920555555555554 1014.8852298850571
0.28199722222222223 1020.3554857142854
0.28478055555555554 1025.8204545454541
0.288725 1036.7351685393255
0.2915916666666667 1042.1850279329608
0.29438333333333333 1042.1850279329608
0.2971638888888889 1047.662722222222
0.29995 1053.1353591160218
0.3027416666388889 1058.6030769230767
0.306875 1069.5236413043476
0.30966666666666665 1069.5236413043476
0.31245555555555554 1072.134054054054
0.31524722222222223 1074.7702688172042
0.31803611111111113 1077.4320320855613
0.32082777777777777 1080.1187234042552
0.32511388888888887 1085.565842105263
0.3279944444444444 1085.565842105263
0.3307833333333333 1088.3487434554972
0.33357222219444443 1091.1565104166666
0.33635277775 1093.9872020725388
0.33914444444444447 1096.8405154639174
0.34315555552777777 1102.6133163265306
0.34594722222222224 1102.6133163265306
0.3487277777777778 1105.5593401015228
0.35150555555555557 1108.5263131313131
0.35428611111111113 1111.5139195979898
0.35707222222222224 1114.52185
0.3614916666388889 1120.5974257425744
0.36428333333333335 1120.5974257425744
0.36707222222222224 1123.69078817734
0.3698638888888889 1126.8032352941177
0.3726527777777778 1129.934292682927
0.37544444444444447 1133.0837378640779
0.37975277775 1139.4365865384616
0.38254444444444446 1139.4365865384616
0.38533055555555557 1142.6615789473685
0.38811944444444446 1145.9036666666668
0.3909111111111111 1149.1626066350711
0.3937 1152.4381603773586
0.3978 1159.0381775700935
0.4005888888611111 1159.0381775700935
0.403375 1162.3869302325581
0.4061638888888889 1165.7511574074074
0.4089527777777778 1169.1306912442396
0.41174444444444447 1172.5252752293577
0.41594166666666665 1179.3588636363636
0.4187666666666667 1179.3588636363636
0.42155833330555553 1182.8203619909502
0.4243472222222222 1186.295900900901
0.4271277777777778 1189.7851569506727
0.42991666666666667 1193.288080357143
0.4341583333333333 1200.3342035398232
0.43700833333333333 1200.3342035398232
0.43979722222222223 1203.8982819383261
0.4425777777777778 1207.4761403508774
0.44536944444444443 1211.0665938864631
0.44815833330555555 1214.6694782608697
0.45222222222222225 1221.911982758621
0.45505277777777775 1221.911982758621
0.4578361111111111 1225.572789699571
0.4606277777777778 1229.2462820512824
0.46340555555555557 1232.931106382979
0.4661972222222222 1236.627245762712
0.4706111111111111 1244.0529831932774
0.4734 1244.0529831932774
0.47618333333333335 1247.803138075314
0.47897222222222224 1251.5638333333336
0.4817638888888889 1255.3350207468882
0.48454722222222224 1259.11652892562
0.4887472222222222 1266.7100819672135
0.4915361111111111 1266.7100819672135
0.49432777777777775 1270.5395918367349
0.49711666666666665 1274.3799186991873
0.49990833333333334 1278.2297975708505
0.5026972222222222 1282.0891532258067
0.5068666666666667 1289.8356000000003
0.5096555555555555 1289.8356000000003
0.5124416666666667 1293.7416334661357
0.5152333333333333 1297.656666666667
0.5180222222222223 1301.580434782609
0.5208138888888889 1305.5128740157484
0.5248777777777778 1313.4032421875004
0.5276722222222222 1313.4032421875004
0.5304611111111112 1317.3799221789886
0.5332527777777778 1321.3648449612406
0.5360416666666666 1325.357644787645
0.5388305555555556 1329.3583461538462
0.5433166666666667 1337.3830916030536
0.5461416666666666 1337.3830916030536
0.5489333333333334 1341.4249809885935
0.5517138888888888 1345.4745833333336
0.5545055555555556 1351.5303018867928
0.5572861111111111 1357.5782330827071
0.5613666666666667 1361.63456928839
0.5641833333333334 1365.7182089552243
0.5669722222222222 1369.8088104089225
0.5697583333333334 1373.9062962962967
0.5725472222222222 1378.0106273062736
0.5753361111111112 1382.121691176471
0.5797416666666667 1390.380255474453
0.5825305555555556 1390.380255474453
0.5853222222222222 1394.5286181818185
0.5881111111111111 1398.6833333333336
0.5909027777777778 1402.8442960288812
0.5936916666666666 1407.0114748201443
0.5982972222222223 1415.301285714286
0.6010861111111111 1419.4646619217085
0.6038777777777777 1423.6341134751779
0.6066666666666667 1427.809611307421
0.6094444444444445 1431.9910563380286
0.6122361111111111 1435.9504561403512
0.6164861111111111 1439.933286713287
0.6193444444444445 1443.9233449477356
0.6221361111111111 1447.920555555556
0.624925 1451.924878892734
0.6277166666666667 1455.9362068965522
0.6305055555555555 1459.7296219931275
0.6347277777777778 1465.8485273972608
0.637575 1471.9599658703075
0.6403555555555556 1478.0638775510208
0.6431444444444444 1484.1604406779666
0.6459361111111112 1490.249763513514
0.6487166666666667 1490.249763513514
0.6530222222222222 1502.437214765101
0.6558111111111111 1508.5206020066892
0.6586 1514.5969333333335
0.6613805555277777 1520.6661461794022
0.6641694444444445 1520.6661461794022
0.6669611111111111 1524.5207615894042
0.6710611111111111 1532.2538157894737
0.6739333333333334 1536.131704918033
0.676725 1540.0169607843138
0.6795138888888889 1543.6957328990231
0.6822972222222222 1543.6957328990231
0.6850861111111111 1547.3993181818184
0.6893416666666666 1554.8320000000003
0.6921305555555556 1558.5609324758846
0.6949222221944444 1562.0898717948724
0.6977083333333334 1565.8358785942498
0.7004888888888889 1565.8358785942498
0.7032777777777778 1569.3999044585994
0.7073972222222222 1576.556297468355
0.7101805555555556 1580.1481388012623
0.7129722222222222 1583.7489937106923
0.7157583333333334 1587.1516927899693
0.7185472222222222 1587.1516927899693
0.7213388888888889 1590.5791875000007
0.7254333333333334 1597.4656521739137
0.7283166666666666 1600.9235603715179
0.7311055555555556 1604.3911111111117
0.7338972222222222 1607.6982461538469
0.7366861111111112 1607.6982461538469
0.739475 1610.8757668711664
0.7435944444444444 1617.4198475609762
0.7464166666666666 1620.7841033434656
0.7492055555555556 1624.1583939393947
0.7519944444444444 1627.5426283987922
0.7547861111111112 1632.2496060606063
0.757575 1640.035757575758
0.7619694444444445 1655.7752424242426
0.7647611111111111 1663.7285757575762
0.76755 1671.6818181818185
0.7703305555555555 1674.8002416918432
0.7731194444444445 1679.4537575757583
0.7759111111111111 1687.0730606060613
0.7802027777777778 1702.4778787878793
0.7829833333055556 1710.2633636363641
0.7857722222222222 1717.8827575757582
0.78855 1720.8916616314202
0.7913361111111111 1728.350543806647
0.79555277775 1740.3899696969702
0.7983444444444444 1748.0113333333336
0.8011333333333334 1755.461666666667
0.8039166666666666 1762.9120000000005
0.8067055555555556 1765.8116314199399
0.8107416666666667 1777.6319393939398
0.813525 1784.9162424242427
0.8163166666388889 1792.2005454545456
0.8190972222222223 1799.4848484848487
0.8218888888888889 1806.7691515151516
0.8246777777777777 1809.3982477341392
0.8287 1820.8260606060612
0.8315722222222223 1827.785363636364
0.8343638888888889 1834.8968484848488
0.8371527777777777 1842.0084545454547
0.8399416666666667 1849.1200606060609
0.8427222222222223 1851.8174924471302
0.847 1863.0058181818183
0.8497888888611111 1869.7940303030305
0.8525777777777778 1876.7542424242422
0.8553694444444444 1883.7145454545453
0.8581583333333334 1890.674909090909
0.8609416666666667 1893.1196374622357
0.8652166666666666 1904.0627272727272
0.8680138888888889 1910.6804848484846
0.8708027777777778 1917.4671515151517
0.8735944444444445 1924.2537878787875
0.8763833333333333 1930.8715757575758
0.8791722222222222 1933.2244712990937
0.8832444444444445 1943.918909090909
0.8860333333055556 1950.3659393939395
0.888825 1956.9813030303033
0.8916111111111111 1963.4283636363639
0.8944 1969.8754242424247
0.8971888888888889 1972.1388519637464
0.9014555555277778 1982.5870303030306
0.9042472222222222 1988.866757575758
0.9070361111111112 1995.1464848484854
0.909825 2001.4262121212125
0.9126166666666666 2007.7059696969702
0.9154055555555556 2009.7177643504538
0.9196027777777778 2019.7611818181826
0.9223944444444444 2025.7204545454551
0.9251722222222222 2031.8317878787882
0.9279638888888889 2037.943272727273
0.93075 2044.0547272727279
0.9335416666666667 2046.153383685801
0.9376666666666666 2055.906363636364
0.9405194444444445 2061.663454545455
0.9433083333333333 2067.6191212121216
0.9460972222222223 2073.5747878787884
0.9488888888888889 2079.530454545455
0.9516777777777777 2081.3671299093658
0.9558611111111112 2090.83490909091
0.9587194444444445 2096.396393939395
0.9615 2102.1549090909098
0.9642888888888889 2107.913515151516
0.9670805555555556 2113.672151515152
0.9698694444444445 2115.4067371601213
0.9740444444444445 2124.5766363636367
0.9768333333333333 2129.9374848484854
0.9796222222222222 2135.4961818181823
0.9824138888888889 2141.0548787878793
0.9852027777777778 2146.613666666667
0.9879916666666667 2148.2483081571004
0.9919888888888889 2157.12293939394
0.9948555555555556 2162.286848484849
0.9976472222222222 2167.648181818183
1.000436111111111 2173.009545454546
1.0032277777777778 2178.3708787878795
1.0060055555555556 2179.910604229608
1.0101305555555555 2188.483242424243
1.0129305555555554 2193.446787878788
1.0157194444444444 2198.6103636363646
1.0185111111111111 2203.77390909091
1.0213 2208.9374848484854
1.0240916666666666 2210.3821450151063
1.0282305555555555 2218.636424242425
1.0310305555555555 2223.3860000000004
1.033811111111111 2228.349878787879
1.0366 2233.3137272727276
1.039388888888889 2238.2776060606066
1.0421777777777779 2239.616283987916
1.0462833333333332 2247.557545454546
1.0490944444444446 2252.1064848484853
1.051886111111111 2256.851545454546
1.054675 2261.596545454546
1.0574583333333334 2266.341666666667
1.0617416666666666 2270.8764848484852
1.0645305555555555 2275.229393939394
1.0673194444444445 2279.582757575758
1.070111111111111 2284.133060606061
1.0729 2288.683363636364
1.0756916666666667 2293.233666666667
1.0797333333333334 2294.408398791541
1.0826111111111112 2301.7207575757575
1.0854027777777777 2305.872787878788
1.0881916666666667 2310.223515151515
1.0909833333333334 2314.5742424242426
1.0937722222222221 2318.925
1.097775 2320.0207854984897
1.1006694444444445 2323.9848036253775
1.1034583333333334 2327.949909365559
1.10625 2332.1132326283987
1.109038888888889 2336.2765558912383
1.1118277777777779 2340.439909365559
1.115888888888889 2344.405045317221
1.1186805555555555 2348.1735045317223
1.1214694444444444 2351.9415709969794
1.1242583333333334 2355.9056193353476
1.12705 2359.8696676737163
1.1298388888888888 2363.833716012085
1.1339666666666666 2367.6017824773417
1.1367555555555555 2371.169697885197
1.139536111111111 2374.737341389728
1.1423277777777778 2378.503172205438
1.1451166666666666 2382.2690030211484
1.1493222222222221 2389.6026888217525
1.1521944444444445 2389.6026888217525
1.1549777777777779 2392.9704833836863
1.1577666666666666 2396.3382175226593
1.1605472222222222 2399.9033232628403
1.1645472222222222 2407.0337764350456
1.1673694444444445 2410.4016314199403
1.1701583333333334 2410.4016314199403
1.1729472222222221 2413.603141993958
1.1757305555555555 2416.8045619335353
1.1785194444444445 2420.172809667674
1.182686111111111 2426.909184290031
1.1854777777777779 2430.1105438066475
1.1882666666666666 2430.1105438066475
1.1910583333333333 2433.1116314199407
1.193838888888889 2436.1125981873124
1.1966305555555556 2439.311510574019
1.2008833333333333 2445.511540785499
1.2037 2448.512658610273
1.2064916666666667 2448.512658610273
1.2092805555555555 2451.3175226586113
1.2120722222222222 2454.1226888217534
1.2148611111111112 2457.1248036253783
1.21895277775 2462.9321148036256
1.221825 2465.7372507552873
1.224613888888889 2465.7372507552873
1.2274027777777778 2468.3453474320245
1.2301944444444444 2470.9529909365565
1.2329833333333333 2473.7566465256805
1.237036111111111 2479.167975830816
1.2399222222222221 2481.7755287009068
1.242713888888889 2481.7755287009068
1.2454972222222223 2484.18495468278
1.2482861111111112 2486.5947432024172
1.2510777777777777 2489.2011480362544
1.2551777777777777 2494.2173716012085
1.2579666666666667 2496.627190332327
1.2607583333055556 2496.627190332327
1.2635472222222222 2498.837794561934
1.2663277777777777 2501.0483987915413
1.269111111111111 2503.4559818731123
1.273163888888889 2508.0744108761332
1.2759555555277777 2510.285135951662
1.278736111111111 2510.285135951662
1.2815277777777778 2512.2996978851966
1.2843166666666668 2514.315226586103
1.2871055555555555 2516.5270996978857
1.2912972222222223 2519.2232228915664
1.2940888888888888 2521.2631325301213
1.2968777777777778 2522.7528398791546
1.2996694444444445 2524.5667673716016
1.3024583333333333 2526.3806646525686
1.3052472222222222 2528.392900302115
1.3094138888888889 2530.852078313253
1.3122055555277778 2534.2749397590364
1.3149944444166666 2537.210906344411
1.317786111111111 2540.431329305136
1.320575 2543.6525679758306
1.3233666666666666 2547.070483383686
1.3274 2550.8751204819278
1.33025 2554.1035542168675
1.3330416666666667 2556.903141993958
1.3358305555555556 2559.929093655589
1.3386222222222222 2562.955075528701
1.341411111111111 2566.1774622356497
1.3454166666666667 2569.73078313253
1.348263888888889 2572.7618674698797
1.3510555555555555 2575.4196978851965
1.3538444444444444 2578.247129909366
1.3566361111111112 2581.075166163142
1.359425 2584.0990936555895
1.3636166666666667 2587.4007228915666
1.3664666666666667 2590.2344578313255
1.3692583333333332 2592.7468580060427
1.3720472222222222 2595.376827794562
1.3748361111111111 2598.0067975830816
1.3776277777777777 2600.8333836858005
1.3816333333333333 2603.888012048193
1.3845055555555557 2606.526445783133
1.3872944444444444 2608.8920845921452
1.3900861111111111 2611.3245015105745
1.392875 2613.7569184290037
1.3956638888888888 2616.3875226586106
1.3997972222222221 2619.1983433734945
1.4026666666666667 2621.637710843374
1.4054555555555555 2623.8509365558916
1.4082472221944444 2626.0867371601216
1.4110361110833334 2628.3225679758316
1.413825 2630.7538368580063
1.4178555555555556 2633.3240060240964
1.4207472221944444 2635.5680421686748
1.423538888888889 2637.6259818731123
1.4263277777777779 2639.6648338368586
1.4291194444444444 2641.7037764350457
1.4319083333333333 2643.9396676737165
1.4357583333055555 2646.2758433734944
1.43865 2648.324427710844
1.441441666638889 2650.2237462235653
1.4442305555277777 2652.063021148036
1.4470194444444444 2653.9024471299094
1.4498111111111112 2655.9400604229604
1.4540027777777778 2658.0401204819277
1.4568166666666666 2659.889156626506
1.4596083333333334 2661.625468277945
1.4623972222222221 2663.2656797583077
1.465186111111111 2664.906646525679
1.4679666666666666 2666.744712990936
1.4721166666666667 2668.612710843373
1.4749083333333333 2670.2639759036147
1.4776972222222222 2671.834652567976
1.4804861111111112 2673.2790332326285
1.4832777777777777 2674.7234441087617
1.4860666666666666 2676.364622356496
1.4902972222222222 2678.0078614457834
1.4931 2679.465090361446
1.4958888888888888 2680.8675226586106
1.4986805555555556 2682.116888217523
1.5014694444444445 2683.366495468278
1.504261111111111 2684.8124471299093
1.5083944444444444 2686.2369578313255
1.5111833333333333 2687.498704819277
1.5139722222222223 2688.728821752266
1.5167638888888888 2689.7837764350456
1.5195527777777778 2690.839003021148
1.5223444444166667 2692.0897885196373
1.526413888888889 2693.299879518072
1.5292333333333332 2694.3675602409635
1.5320222222222222 2695.4215709969785
1.534813888888889 2696.278700906344
1.5376027777777779 2697.1358308157096
1.5403916666666666 2698.1902719033224
1.544486111111111 2699.1849096385536
1.5472805555555555 2700.055391566265
1.5500722222222223 2700.930120845921
1.5528555555555557 2699.9886102719024
1.5556444444444444 2699.047643504531
1.558425 2699.9040483383683
1.5626111111111112 2700.678524096385
1.5654444444444444 2701.3499397590354
1.5682333333333334 2702.0303625377633
1.5710249999722221 2702.4920543806634
1.573813888861111 2702.9546223564944
1.5766055555555556 2703.6134441087606
1.5806944444444444 2704.1839457831315
1.58355 2704.6608433734928
1.586338888888889 2705.154592145014
1.5891305555555555 2705.421873111781
1.5919194444444444 2705.6890634441074
1.5946972222222222 2706.1852265861016
1.5986194444444444 2706.5874397590346
1.6015083333333333 2706.9027409638543
1.6042999999722223 2707.2400604229592
1.6070888888888888 2707.3418126888205
1.6098694444444444 2707.4436555891225
1.6126583333333333 2707.939728096675
1.61685 2708.333885542167
1.6196722222222222 2708.647439759035
1.6224611111111111 2708.990422960724
1.62525 2709.093625377642
1.6280416666666666 2709.196858006041
1.6308305555555556 2709.693957703926
1.634863888888889 2708.0606024096373
1.6376861111111112 2706.3528313253
1.6404777777777777 2704.6605135951654
1.6432666666666667 2702.7331722054373
1.6460555555555556 2700.8061329305124
1.6488472222222221 2700.876536144577
1.6529055555555556 2697.2643373493966
1.6556861111111112 2695.3593975903605
1.6584777777777777 2693.437764350452
1.6612666666666667 2691.313595166162
1.6640583333333334 2691.1850903614445
1.6668472222222221 2691.302650602409
1.6709916666666667 2691.340963855421
1.6738555555555557 2691.2620783132515
1.6766472222222222 2691.1600906344397
1.6794361111111111 2691.068126888216
1.682213888888889 2690.9421686746973
1.6850055555555556 2691.060572289155
1.6890416666666668 2691.1032831325288
1.6918222222222221 2691.027469879517
1.694611111111111 2691.122447129908
1.6974027777777778 2690.833081570996
1.700191666638889 2690.707078313252
1.7029833333333333 2690.826054216866
1.7071722222222223 2690.8662951807214
1.7099833333055556 2690.787921686746
1.7127666666666668 2690.683897280965
1.7155583333333333 2690.5917824773396
1.7183472222222222 2690.4662048192754
1.721138888888889 2690.587018072288
1.7251416666666666 2690.6308132530103
1.7279805555277779 2690.5546084337334
1.7307722222222222 2690.4523262839866
1.733561111111111 2690.329909365557
1.7363527777777779 2690.205421686745
1.7391333333333334 2690.449307228914
1.7431083333055555 2690.586174698794
1.7459638888888889 2690.4803915662637
1.7487555555555556 2690.348006042295
1.7515444444444443 2690.0280664652555
1.754336111111111 2689.904006024095
1.757125 2690.1156626506013
1.761313888861111 2690.1767168674687
1.7641055555555556 2690.02611445783
1.7668944444444445 2689.847854984893
1.769686111111111 2689.6520845921436
1.772475 2689.5300301204807
1.7752666666666668 2689.712289156625
1.7793722222222221 2689.715903614456
1.7822416666666667 2689.5372891566244
1.7850333333333332 2689.494229607249
1.7878222222222222 2689.2682477341373
1.790613888888889 2689.147198795179
1.7934027777777777 2689.302499999998
1.7974916666666667 2689.247439759034
1.8002833333333332 2689.2070783132503
1.8030722222222222 2689.1362537764326
1.805863888888889 2688.8838670694845
1.8086527777777779 2688.7643072289134
1.8114444444444444 2688.890391566263
1.815536111111111 2688.9455120481903
1.8183916666666666 2688.874548192769
1.8211805555555556 2688.771540785496
1.8239722222222223 2688.657583081569
1.826761111111111 2688.5390662650584
1.8295527777777778 2688.7897289156613
1.8337555555555556 2688.942198795179
1.8365527777777777 2688.8446084337334
1.8393416666666667 2688.714471299092
1.8421277777777778 2688.404833836856
1.8449166666666668 2688.2885240963838
1.8477083333333333 2688.5145180722875
1.8517305555277779 2688.5996084337335
1.854575 2688.4593373493963
1.8573638888888888 2688.283806646524
1.8601527777777778 2688.0995468277933
1.8629444444444445 2687.9821686746977
1.8657333333333332 2688.178915662649
1.8698777777777777 2688.2062650602397
1.8726694444444445 2688.037560240963
1.8754583333333332 2688.0025075528692
1.8782472221944444 2687.7906042296067
1.881038888888889 2687.6758132530117
1.8838277777777779 2687.844487951807
1.8879527777777778 2687.817259036144
1.8907416666666668 2687.7896385542163
1.8935333333333333 2687.7254682779453
1.8963222222222222 2687.4843806646522
1.899113888888889 2687.3696385542166
1.9019027777777777 2687.507861445783
1.9060611111111112 2687.5874096385537
1.9088527777777777 2687.5296084337347
1.9116416666666667 2687.4352265861025
1.9144277777777778 2687.331299093655
1.9172166666666666 2687.21656626506
1.9200083333333333 2687.4779518072282
1.9242 2687.6502710843365
1.9269944444444445 2687.5623192771077
1.9297833333333334 2687.4381570996975
1.932575 2687.1382779456185
1.9353638888888889 2687.0253313253006
1.9381555555555556 2687.2888253012043
1.9422083333333333 2687.421445783132
1.945011111111111 2687.2916265060244
1.9478 2687.123564954683
1.9505916666666667 2686.9780664652567
1.9533805555555555 2686.865451807229
1.9561694444444444 2687.1288554216867
1.9602194444444445 2687.2624397590366
1.9630777777777777 2687.1328915662652
1.9658694444444444 2686.964622356496
1.9686583333333334 2686.818338368581
1.9714472222222221 2686.7063253012057
1.9742388888888889 2686.9684638554227
1.9784305555555555 2687.100783132531
1.9812194444444444 2686.971024096387
1.9840111111111112 2686.8019335347444
1.9868 2686.6583685800615
1.9895916666666666 2686.5485542168685
1.9923805555555556 2686.8112951807243
1.9965722222222222 2686.9452409638566
1.999386111111111 2686.8165662650613
2.002175 2686.6464350453184
2.004966666666667 2686.501812688823
2.0077555555555557 2686.392560240965
2.0105472222222223 2686.6596987951816
2.01475 2686.798403614459
2.0175666666666667 2686.670030120483
2.0203555555555557 2686.499607250756
2.023147222222222 2686.356495468279
2.025936111111111 2686.2463554216874
2.0287277777777777 2686.5296987951815
2.0327944444444443 2686.686114457832
2.0355833333333333 2686.5594277108435
2.0383722222222223 2686.391782477342
2.0411638888888888 2686.2657401812694
2.0439527777777777 2686.155632530121
2.046736111111111 2686.436626506025
2.0507444444444443 2686.6079518072293
2.0535833333333335 2686.49843373494
2.056372222222222 2686.348006042296
2.059161111111111 2686.221691842901
2.06195 2686.1120783132533
2.0647416666666665 2686.3933132530124
2.068897222222222 2686.5627710843373
2.0717666666666665 2686.4514156626506
2.0745583333333335 2686.298731117825
2.077347222222222 2686.1696072507552
2.080138888888889 2686.0593072289157
2.082927777777778 2686.341536144578
2.0871194444444443 2686.510120481928
2.0899 2686.397228915663
2.0926805555555554 2686.2437160120853
2.0954694444444444 2686.117250755288
2.098261111111111 2686.007891566266
2.10105 2686.292861445784
2.105111111111111 2686.4675602409643
2.1079083333333335 2686.3583734939766
2.1106944444444444 2686.2076435045324
2.113486111111111 2686.0820845921457
2.116275 2685.971596385543
2.1190527777777777 2686.253825301206
2.1232444444444445 2686.4259337349404
2.126036111111111 2686.3161746987957
2.128825 2686.1659214501515
2.1316166666666665 2686.0375830815715
2.1343944444444443 2685.926054216868
2.1371861111111112 2686.2090060240967
2.1412027777777776 2686.380722891567
2.144022222222222 2686.2698493975913
2.146813888888889 2686.1194864048352
2.149602777777778 2685.992024169185
2.1523944444444445 2685.8792469879527
2.1551833333333335 2686.162289156627
2.159211111111111 2686.335391566266
2.162075 2686.2253012048204
2.1648666666666667 2686.0770996978868
2.1676555555555557 2685.9515709969796
2.170447222222222 2685.839578313254
2.173236111111111 2686.0939457831337
2.177288888888889 2686.23795180723
2.1801444444444447 2686.1284337349407
2.1829277777777776 2685.979848942599
2.1857166666666665 2685.8250151057414
2.1885083333333335 2685.7140060240977
2.1912861111111113 2685.969156626507
2.195413888888889 2686.086987951808
2.1982416666666666 2685.9495481927725
2.201033333333333 2685.9696374622367
2.2038166666666665 2685.818096676738
2.2066055555555555 2685.7084036144593
2.209397222222222 2685.9652409638566
2.213477777777778 2686.086174698797
2.216302777777778 2685.950481927712
2.2190944444444445 2685.9701208459232
2.2218833333333334 2685.816978851966
2.224675 2685.7060542168692
2.227461111111111 2685.963072289159
2.231663888888889 2686.083644578315
2.234525 2685.947831325303
2.237313888888889 2685.9676737160135
2.2400944444444444 2685.8148942598204
2.242886111111111 2685.703614457833
2.245675 2685.9616566265076
2.249675 2686.083283132532
2.252563888888889 2685.947590361448
2.2553555555555556 2685.9683987915428
2.2581444444444445 2685.8162537764365
2.2609333333333335 2685.7055120481946
2.263725 2685.963222891568
2.2679027777777776 2686.0851506024114
2.2706944444444446 2685.9493373493997
2.2734833333333335 2685.9698791540804
2.276275 2685.8187009063463
2.2790555555555554 2685.708644578315
2.2818444444444443 2685.9652108433756
2.2859305555555554 2686.0854216867488
2.2887222222222223 2685.9499698795194
2.2915 2685.969577039276
2.2942916666666666 2685.8163746223577
2.2970805555555556 2685.705542168676
2.299872222222222 2685.962289156628
2.3041333333055554 2686.082981927712
2.306925 2685.946957831327
2.309713888888889 2685.9685498489443
2.3125027777777776 2685.8150453172225
2.3152944444444445 2685.70246987952
2.3180833333333335 2685.9599397590378
2.322275 2686.080180722893
2.3250611111111112 2685.943674698797
2.32785 2685.9649848942618
2.3306416666666667 2685.81069486405
2.3334305555555557 2685.6967469879532
2.336222222222222 2685.9503313253026
2.340288888888889 2686.0651204819296
2.3431555555555557 2685.9264156626523
2.3459416666666666 2685.946586102721
2.3487305555555555 2685.791117824775
2.3515166666388887 2685.6776807228935
2.3543083333333334 2685.9309638554237
2.358286111111111 2686.0456927710857
2.3611333333333335 2685.907650602411
2.363922222222222 2685.9275830815727
2.366713888888889 2685.772477341391
2.36950277775 2685.6587951807246
2.3722944444444445 2685.912289156628
2.3764833333333333 2686.0266265060254
2.3793 2685.8874096385557
2.382086111111111 2685.907099697887
2.3848666666666665 2685.7529305135968
2.3876583333333334 2685.6405120481945
2.3904472222222224 2685.895210843375
2.3944111110833335 2686.0120481927725
2.397222222222222 2685.8741265060253
2.4 2685.895377643506
2.402788888888889 2685.7419335347445
2.4055805555555554 2685.6290060240976
2.4083694444166666 2685.882349397592
2.4125638888888887 2685.9982530120496
2.41535 2685.860933734941
2.418138888888889 2685.88069486405
2.4209305555555556 2685.7260422960744
2.4237194444444445 2685.613614457833
2.426511111111111 2685.8672289156643
2.4305944444444445 2685.9821385542186
2.4334277777777777 2685.843463855423
2.436216666638889 2685.8627492447145
2.4390083333333332 2685.707069486406
2.441788888888889 2685.5939759036155
2.4445722221944446 2685.8495180722903
2.4487111111111113 2685.9665060240977
2.4515666666666664 2685.828072289158
2.4543583333333334 2685.8495770392765
2.4571472222222224 2685.6951057401834
2.459938888888889 2685.58168674699
2.462727777777778 2685.837831325303
2.4667416666666666 2685.9562349397615
2.4695833333333335 2685.8191265060264
2.4723722222222224 2685.8411782477365
2.475161111111111 2685.686163141996
2.47795277775 2685.5716265060264
2.480741666666667 2685.826897590364
2.484933333333333 2685.9435843373517
2.487725 2685.8051204819303
2.4905138888888887 2685.8266163142016
2.4933027777777776 2685.6729003021173
2.4960916666666666 2685.559698795183
2.498883333333333 2685.8135240963875
2.503075 2685.9292168674715
2.505872222222222 2685.791325301207
2.508661111111111 2685.81151057402
2.511452777777778 2685.6575830815723
2.5142416666666665 2685.5450000000014
2.5170333333333335 2685.79810240964
2.521097222222222 2685.9121686747003
2.523888888888889 2685.7734638554234
2.5266777777777776 2685.791419939578
2.5294694444444445 2685.635619335349
2.5322583333055557 2685.5235843373507
2.535038888888889 2685.7769879518087
2.5391138888888887 2685.891777108435
2.5419055555555556 2685.7531024096397
2.5446944444444446 2685.77235649547
2.547486111111111 2685.6174924471316
2.550275 2685.504728915664
2.5530666666666666 2685.7613253012064
2.5572555555555554 2685.879427710845
2.5600472222222224 2685.74153614458
2.5628361110833335 2685.762054380666
2.565627777777778 2685.608066465258
2.568411111111111 2685.4958433734955
2.5712027777777777 2685.7509337349406
2.5752888888888887 2685.8670180722897
2.578125 2685.7289156626516
2.5809027777777778 2685.747854984895
2.5836944444444443 2685.593987915409
2.5864833333333332 2685.483704819278
2.589275 2685.73795180723
2.5934333333333335 2685.855210843374
2.596225 2685.71810240964
2.599013888888889 2685.7358308157113
2.6018055555555555 2685.5844712990947
2.6045944444444444 2685.4768975903626
2.607386111111111 2685.7349397590374
2.6113472222222223 2685.858493975905
2.6142055555555554 2685.7240963855434
2.6169944444444444 2685.743867069488
2.619786111111111 2685.595317220545
2.622575 2685.4885542168686
2.6253611111111113 2685.748253012049
2.629322222222222 2685.8920543806657
2.6321694444444446 2685.728549848944
2.634961111111111 2685.761329305137
2.63775 2685.6140181268897
2.6405416666666666 2685.5099397590375
2.6433305555555555 2685.7720783132545
2.647308333333333 2685.918640483386
2.6501472222222224 2685.758429003023
2.652936111111111 2685.79570996979
2.655725 2685.6512386706963
2.658513888888889 2685.54731927711
2.6612944444444446 2685.812891566267
2.665486111111111 2685.963564954685
2.6683555555555554 2685.804682779458
2.6711472221944446 2685.84238670695
2.6739361111111113 2685.6993353474336
2.676727777777778 2685.596445783134
2.6795166666666668 2685.8606024096403
2.6836277777777777 2686.010453172207
2.686427777777778 2685.853081570998
2.6892194444444444 2685.890422960726
2.6920083333333333 2685.74658610272
2.6947972222222223 2685.6452108433746
2.6975861111111112 2685.912078313254
2.7017777777777776 2686.0629305135963
2.7046166666666664 2685.9049848942605
2.7074055555555554 2685.944561933535
2.7101944444444444 2685.803534743203
2.7129833333333333 2685.7032831325305
2.7157722222222223 2685.9703614457835
2.719813888888889 2686.1226586102725
2.7226444444444446 2685.9669184290037
2.725433333333333 2686.007915407856
2.728213888888889 2685.867311178249
2.731002777777778 2685.767289156628
2.7337944444444444 2686.036295180724
2.7379861111111112 2686.1889728096694
2.740775 2686.0325679758325
2.7435638888888887 2686.07404833837
2.746355555527778 2685.932960725077
2.749138888888889 2685.8324397590377
2.751927777777778 2686.101987951809
2.7561416666666667 2686.2567673716026
2.7590055555555555 2686.1015407854998
2.7617944444166667 2686.142990936557
2.764586111111111 2686.0037160120864
2.767375 2685.9042469879532
2.770166666666667 2686.1716867469895
2.774275 2686.3251661631434
2.777086111111111 2686.1708157099715
2.779875 2686.212870090636
2.782661111111111 2686.0757099697903
2.78545 2685.9788554216884
2.7882416666666665 2686.249307228917
2.7921722222222223 2686.406435045318
2.795011111111111 2686.255287009065
2.7978027777777776 2686.3003625377655
2.800591666638889 2685.9695468277955
2.803383333333333 2685.6798192771093
2.806172222222222 2685.757289156628
2.8101444444444446 2685.7174924471315
2.813038888888889 2685.3707552870105
2.815827777777778 2685.2214803625393
2.8186194444444443 2685.2089090909108
2.8214083333333333 2685.286586102721
2.8242 2685.533383685802
2.828225 2686.224773413898
2.8310333333333335 2686.274682779457
2.833822222222222 2686.5215407855
2.836611111111111 2686.512575757577
2.839402777777778 2686.1946223564964
2.8421916666666664 2686.0490936555907
2.8462305555555556 2685.952265861029
2.849088888888889 2685.6106646525695
2.8518777777777777 2685.4643202416933
2.8546694444444443 2685.450757575759
2.857458333333333 2685.5291540785515
2.860238888888889 2685.778429003022
2.8644083333333334 2686.4722054380672
2.8671944444444444 2686.5232628398803
2.8699833333333333 2686.7718731117834
2.872775 2686.764181818183
2.875563888888889 2686.449516616315
2.878347222222222 2686.3084894259823
2.882502777777778 2686.2209667673724
2.885291666666667 2685.883897280967
2.8880833333333333 2685.7426283987916
2.8908722222222223 2685.7303030303033
2.8936611111111112 2685.4185800604237
2.8964527777777778 2685.2775830815717
2.900472222222222 2685.1956193353476
2.9032916666666666 2684.8587311178253
2.9060805555555556 2684.717613293052
2.9088666666666665 2684.703030303031
2.911652777777778 2684.396253776436
2.914441666666667 2684.2572507552873
2.9185583333333334 2684.1748338368584
2.9213944444444446 2683.8382779456197
2.924186111111111 2683.6993051359523
2.926975 2683.68196969697
2.9297666666666666 2683.375709969789
2.9325555555555556 2683.2334138972815
2.936602777777778 2683.148096676738
2.939427777777778 2682.80993957704
2.9422111110833336 2682.667311178249
2.945 2682.6457878787887
2.947791666666667 2682.3460120845934
2.9505805555555558 2682.20824773414
2.9545722221944444 2682.125770392751
2.957463888888889 2681.789818731119
2.960252777777778 2681.6512990936567
2.9630444444166666 2681.626696969698
2.9658333333333333 2681.3310876132946
2.9686166666666667 2681.1942598187325
2.9726777777777778 2681.1180362537775
2.9755666666666665 2680.7846827794574
2.9783583333333334 2680.647160120847
2.981141666666667 2680.619393939395
2.9839305555555558 2680.325649546829
2.9867194444444443 2680.184501510575
2.9908972222222223 2680.1029003021154
2.993738888861111 2679.7659818731127
2.9965277777777777 2679.624652567977
2.9993166666666666 2679.592090909092
3.002108333333333 2679.3032930513605
3.0048944444444445 2679.1641087613307
3.0091194444444445 2679.080996978853
3.0119194444444446 2678.74410876133
3.0147083333333335 2678.6045015105747
3.0175 2678.568727272728
3.020288888888889 2678.2822356495476
3.0230805555555555 2678.1441087613302
3.0271666666666666 2678.0603927492452
3.0299805555555555 2677.724682779457
3.0327694444444444 2677.586223564955
3.035561111111111 2677.5487878787885
3.03835 2677.267854984895
3.041141666666667 2677.1316314199403
3.0453305555555557 2677.0550453172214
3.048122222222222 2676.722598187312
3.050911111111111 2676.5863141993964
3.0537 2676.546030303031
3.056488888888889 2676.274864048339
3.059277777777778 2676.145891238671
3.063438888861111 2676.0645757575767
3.0663055555555556 2675.9035151515154
3.069097222222222 2675.743757575758
3.071886111111111 2675.584030303031
3.0746777777777776 2675.3176435045325
3.077466666638889 2675.191299093656
3.0816833333333333 2675.1103636363646
3.0845694444444445 2674.951727272728
3.087361111111111 2674.794151515152
3.09015 2674.636545454546
3.092938888888889 2674.3737764350462
3.095727777777778 2674.24658610272
3.1 2674.190000000001
3.1028 2673.8666465256806
3.1055888888888887 2673.739365558914
3.1083805555555557 2673.6901212121224
3.111169444416667 2673.4285800604243
3.113961111111111 2673.30238670695
3.118213888888889 2673.245287009065
3.1210305555277778 2672.921510574019
3.123822222222222 2672.794501510575
3.126611111111111 2672.7436666666677
3.129402777777778 2672.5893030303046
3.1321916666666665 2672.4342121212135
3.136347222222222 2672.3095166163152
3.1392083333333334 2671.9885498489434
3.1419972222222223 2671.8641389728105
3.144788888888889 2671.811666666668
3.147577777777778 2671.6596666666674
3.1503666666666668 2671.507151515152
3.1545833333333335 2671.3913897280977
3.157375 2671.072809667675
3.160163888888889 2670.9510271903328
3.1629416666666668 2670.8973030303036
3.1657333333333333 2670.744454545455
3.1685166666666666 2670.5911212121223
3.172761111111111 2670.4748640483394
3.1755583333333335 2670.154984894261
3.1783472222222224 2670.0323564954697
3.181138888888889 2669.9750303030314
3.183927777777778 2669.8224242424253
3.186716666666667 2669.669969696971
3.1909805555555555 2669.5606948640498
3.193852777777778 2669.2431117824785
3.1966333333055554 2669.121480362539
3.199425 2669.0608181818193
3.2022138888888887 2668.90884848485
3.204997222222222 2668.7569090909105
3.2091944444444445 2668.6532628398804
3.211986111111111 2668.335619335349
3.2147694444444443 2668.2145015105752
3.217547222222222 2668.149787878789
3.2203305555555555 2667.998393939395
3.2231194444444444 2667.8464848484855
3.227352777777778 2667.745317220544
3.230163888888889 2667.426978851964
3.23295277775 2667.3059214501513
3.2357416666666667 2667.2397878787883
3.2385333333333333 2667.0883636363637
3.241322222222222 2666.9369393939396
3.245474999972222 2666.8390332326285
3.248288888888889 2666.5208761329304
3.251072222222222 2666.400332326284
3.2538555555277777 2666.331787878788
3.256647222222222 2666.179787878788
3.2594333333055556 2666.027454545455
3.263625 2665.9280664652574
3.2664194444444443 2665.6085800604237
3.2692055555555557 2665.4868277945625
3.2719972222222222 2665.4148787878794
3.274786111111111 2665.2616666666677
3.2775777777777777 2665.1082424242436
3.2819055555555554 2665.013776435046
3.2846972222222224 2664.695256797584
3.2874861111111113 2664.572688821753
3.290277777777778 2664.497333333334
3.293066666666667 2664.344212121213
3.2958555555555558 2664.1908181818185
3.300291666666667 2664.099516616315
3.3030916666388888 2663.7810574018135
3.3058805555555555 2663.65824773414
3.308672222222222 2663.58084848485
3.311461111111111 2663.4278484848496
3.3142388888888887 2663.2737272727277
3.318675 2662.967181818183
3.3214638888888888 2662.8130606060613
3.3242555555555557 2662.6589393939403
3.3270444444444442 2662.4298791540796
3.329833333333333 2662.306072507554
3.332625 2662.3803323262846
3.3368166666666665 2662.042181818182
3.3396083333333335 2661.887363636364
3.3423972221944442 2661.7325151515156
3.345188888888889 2661.5043504531727
3.347977777777778 2661.3797280966774
3.3507583333333333 2661.4526586102725
3.354983333333333 2661.112242424243
3.357761111111111 2660.9560000000006
3.360552777777778 2660.7998787878796
3.3633416666666665 2660.5738368580064
3.3661222222222222 2660.4470090634445
3.3689138888888888 2660.5178549848947
3.373127777777778 2660.170272727273
3.375975 2660.0125757575765
3.3787666666666665 2659.85490909091
3.3815555555555554 2659.6311178247747
3.3843472222222224 2659.5032024169195
3.387125 2659.5727492447145
3.391325 2659.2228181818195
3.394113888888889 2659.063969696971
3.3969055555555556 2658.905090909093
3.3996944444444446 2658.6836253776455
3.402486111111111 2658.556102719035
3.405275 2658.6261329305153
3.4095666666666666 2658.273212121214
3.4123555555555556 2658.1146666666687
3.4151444444444445 2657.9561212121234
3.417936111111111 2657.5415105740203
3.420725 2657.217160120848
3.423513888888889 2657.0893051359535
3.427511111111111 2656.5323939393957
3.430302777777778 2656.175909090911
3.433091666638889 2655.819454545456
3.4358833333333334 2655.804743202418
3.4386722222222224 2655.8743504531735
3.441463888888889 2656.14235649547
3.4458416666666665 2655.979787878789
3.4487 2656.0187575757586
3.4514916666666666 2656.057666666668
3.4542777777777776 2655.844169184292
3.4570694444444445 2655.717280966769
3.4598583333333335 2655.787190332328
3.4640833333333334 2655.425666666668
3.4669527777777778 2655.26684848485
3.469733333333333 2655.108121212123
3.4725194444444445 2654.897432024171
3.475311111111111 2654.770996978854
3.4781 2654.840392749247
3.4822055555555558 2654.4735757575777
3.4849972222222223 2654.3151818181836
3.4877805555555557 2654.1567575757595
3.4905583333333334 2653.9516314199414
3.4933472222222224 2653.8260725075547
3.496138888888889 2653.897250755289
3.50045 2653.531575757577
3.50325 2653.374666666668
3.5060277777777777 2653.2177575757587
3.5088083333055557 2653.012809667675
3.5115916666666664 2652.883564954684
3.5143833333333334 2652.9530513595178
3.518311111111111 2652.580484848486
3.5211694444166666 2652.420333333335
3.52395 2652.2600909090925
3.5267305555555555 2652.0559516616327
3.5295083333333332 2651.9244108761345
3.532297222222222 2651.9926888217537
3.536563888861111 2651.6178787878807
3.5393444444444446 2651.4551818181835
3.542133333333333 2651.2924848484868
3.544925 2651.0901510574035
3.547713888888889 2651.1293939393954
3.5505 2650.9669393939407
3.5551777777777778 2650.6455757575773
3.558038888888889 2650.483151515153
3.5608305555555555 2650.320727272729
3.5636194444444445 2650.159060606062
3.5664083333333334 2649.9973333333346
3.5692 2649.8355757575773
3.5734055555555555 2649.6738484848497
3.5762111111111112 2649.5120303030317
3.5790027777777778 2649.350151515153
3.5817916666666667 2649.187333333334
3.5845833333333332 2649.0234242424253
3.5873694444444446 2648.860212121213
3.5915805555555558 2648.697030303031
3.594361111111111 2648.5331515151524
3.5971527777777776 2648.369303030304
3.5999416666666666 2648.1743202416924
3.6027194444444444 2648.036676737161
3.6055111111111113 2648.097039274925
3.6095305555555557 2647.699000000001
3.6123694444444445 2647.5303939393943
3.615152777777778 2647.3618181818188
3.6179444444444444 2647.170694864049
3.6207333333333334 2647.0322960725084
3.6235222222222223 2647.0908761329315
3.6277138888888887 2646.683424242425
3.630497222222222 2646.5138787878795
3.6332805555555554 2646.3443636363645
3.636066666666667 2646.1541993957712
3.638855555527778 2646.0112688821764
3.6416472222222223 2646.065951661632
3.645925 2645.653727272728
3.648713888888889 2645.4791212121218
3.6515055555555556 2645.3045454545463
3.6542944444166667 2653.8001510574027
3.657086111111111 2662.3387613293057
3.659863888888889 2671.072779456194
3.6639 2679.4370909090917
3.6667277777777776 2687.9711818181827
3.6695194444444446 2696.505333333334
3.6723083333333335 2696.360845921451
3.6751 2696.4129607250766
3.677877777777778 2696.660211480363
3.6820944444444446 2696.589666666667
3.6849083333333335 2696.611454545455
3.6876972221944446 2696.6331515151523
3.690488888888889 2696.4886404833846
3.693277777777778 2696.540332326285
3.696066666666667 2696.791208459216
3.7003305555555555 2696.7217878787887
3.7031694444444443 2696.742393939395
3.7059583333333332 2696.763060606061
3.70875 2696.6154984894265
3.7115388888888887 2696.662507552871
3.7143305555555557 2696.9078851963754
3.718452777777778 2696.8348484848493
3.721236111111111 2696.851818181819
3.724025 2696.868787878788
3.726811111111111 2696.722205438067
3.7296027777777776 2696.7701510574025
3.7323916666666666 2697.014018126889
3.7366361111111113 2696.9364545454555
3.739427777777778 2696.9538787878796
3.7422194444444443 2696.9713030303037
3.7450083333333333 2696.8211480362547
3.7478 2696.8660725075542
3.7505888888888888 2697.109244712992
3.7546222222222223 2697.0314545454557
3.7574555555555555 2697.04584848485
3.760236111111111 2697.060272727274
3.763027777777778 2696.9100906344424
3.7658055555555556 2696.9544108761343
3.7685944444444446 2697.1935951661644
3.772766666638889 2697.1136363636374
3.775558333333333 2697.127636363637
3.778347222222222 2697.141636363637
3.781138888888889 2696.9894259818743
3.7839277777777776 2697.028942598188
3.7867166666666665 2697.2662537764363
3.790861111111111 2697.1816666666678
3.793677777777778 2697.1907878787893
3.796463888888889 2697.1999090909103
3.7992444444444446 2697.042477341391
3.802036111111111 2697.2709063444117
3.8048166666666665 2697.7025981873126
3.808924999972222 2698.007575757577
3.811713888888889 2698.206181818183
3.81450277775 2698.4049090909098
3.8172944444444443 2698.245075528702
3.8200833333333333 2698.078429003022
3.822875 2698.109395770394
3.8269583333333332 2697.943081570998
3.82975 2697.57909365559
3.8325388888888887 2697.41241691843
3.8353305555555557 2697.062145015107
3.8381194444444446 2697.285891238672
3.840911111111111 2697.7070392749256
3.8450166666666665 2697.9326283987925
3.847897222222222 2697.96072507553
3.850688888888889 2698.184380664654
3.8534777777777776 2698.226525679759
3.856263888888889 2698.057643504533
3.859052777777778 2698.084682779457
3.8631277777777777 2697.914743202418
3.8659194444444442 2697.5490030211495
3.8687 2697.3803323262855
3.8714916666666666 2697.0291540785515
3.8742805555555555 2697.2493353474333
3.877063888888889 2697.665981873113
3.8812277777777777 2697.8871299093676
3.8840777777777777 2697.9110271903337
3.8868694444444443 2698.130302114805
3.88965 2698.166706948642
3.892438888888889 2698.3859516616326
3.895227777777778 2698.803444108763
3.899372222222222 2699.0227492447148
3.9022305555555556 2699.0438066465276
3.9050194444444446 2699.2629305135965
3.9078083333333336 2699.3026586102737
3.9106 2699.5226888217535
3.913388888888889 2699.938670694866
3.917761111111111 2700.158066465259
3.9205666666666668 2700.181570996981
3.923347222222222 2700.4016012084617
3.9261305555555555 2700.4379154078574
3.9289194444444444 2700.65981873112
3.931711111111111 2701.0794561933553
3.935811111111111 2701.301329305138
3.9386111111111113 2701.325498489428
3.9413916666666666 2701.5474320241706
3.944183333333333 2701.5835347432044
3.946972222222222 2701.799123867071
3.9497555555555555 2702.212598187313
3.9539194444444443 2702.4300604229625
3.9567638888888887 2702.4489728096696
3.9595555555555557 2702.6638368580075
3.9623444444444442 2702.697039274926
3.965136111111111 2702.912809667675
3.967925 2703.32407854985
3.972027777777778 2703.5381268882184
3.9748111111111113 2703.5557703927507
3.9775972222222222 2703.77072507553
3.9803805555555556 2703.801450151059
3.9831694444444445 2704.016223564956
3.985961111111111 2704.4289123867084
3.990413888888889 2704.643413897282
3.9932055555555555 2704.6601208459224
3.9959944444444444 2704.875105740183
3.9987833333333334 2704.910030211482
4.001575 2705.1260725075545
4.004363888888889 2705.5379758308172
4.00845 2705.753413897283
4.011238888888889 2705.773021148038
4.014030555555555 2705.9892749244727
4.016819444444445 2706.022870090636
4.019611111111111 2706.239123867071
4.022394444444444 2706.6516012084608
4.026652777777778 2706.8691238670713
4.029452777777778 2706.889697885198
4.032244444444444 2707.1054380664673
4.035027777777778 2707.1394864048357
4.037816666666667 2707.353836858008
4.040605555555556 2707.765105740183
4.0449222222222225 2707.980332326286
4.0477694444444445 2708.251030303032
4.0505611111111115 2708.435636363638
4.05335 2708.246283987917
4.056141666666667 2708.4550755287028
4.0589305555555555 2708.8593957703947
4.063166666666667 2709.068006042298
4.066027777777777 2709.080302114806
4.068811111111111 2709.2882779456218
4.0716 2709.313746223567
4.074388888888889 2709.52069486405
4.077175 2709.9236253776457
4.081366666666667 2710.1301812688844
4.084158333333333 2710.1405740181285
4.086947222222222 2710.34737160121
4.089738888888889 2710.3720543806667
4.092527777777778 2710.5787915407873
4.095319444444445 2710.9830211480376
4.0993 2711.190362537766
4.102188888888889 2711.200302114805
4.104977777777778 2711.407280966769
4.107769444444444 2711.431782477343
4.1105583333333335 2711.639788519639
4.11335 2712.0431419939587
4.1175138888888885 2712.2497280966777
4.120316666666667 2712.260392749246
4.123108333333334 2712.467885196376
4.125897222222222 2712.4917220543816
4.128688888888889 2712.696797583082
4.131477777777778 2713.0994561933544
4.1355611111111115 2713.3064652567987
4.13835 2713.316042296073
4.141141666666667 2713.5212386706958
4.1439305555555555 2713.542900302116
4.146719444444445 2713.7453172205446
4.149508333333333 2714.1452567975834
4.153691666666667 2714.3482175226595
4.156483333333333 2714.3536858006046
4.1592722222222225 2714.5560422960734
4.162063888888889 2714.5737462235656
4.164844444444444 2714.774199395771
4.167630555555555 2715.173534743203
4.1716388888888885 2715.3768277945624
4.174427777777778 2715.38084592145
4.177219444444445 2715.580906344411
4.180008333333333 2715.5987009063447
4.1828 2715.79749244713
4.185580555555555 2716.1923564954686
4.190066666666667 2716.2948192771087
4.192863888888889 2716.3273493975903
4.195652777777778 2716.591782477342
4.198441666666667 2716.606495468278
4.201230555555555 2716.8025377643503
4.204022222222222 2717.195589123867
4.208066666666666 2717.291415662651
4.210872222222222 2717.3203915662657
4.213663888888889 2717.586042296073
4.216452777777778 2717.599546827795
4.219244444444445 2717.796283987916
4.222033333333333 2718.1892447129917
4.226225 2718.2809337349404
4.229013888888889 2718.3102108433745
4.231805555555556 2718.5800906344416
4.234594444444444 2718.5900604229614
4.237386111111111 2718.7827794561945
4.240175 2719.1756495468285
4.244172222222222 2719.260512048194
4.246961111111111 2719.2857228915673
4.249752777777778 2719.558368580061
4.252541666666667 2719.5695166163155
4.2553222222222225 2719.7637160120853
4.258111111111111 2720.153595166164
4.2621166666666666 2720.234608433736
4.264961111111111 2720.262228915664
4.267752777777778 2720.5384290030224
4.2705416666666665 2720.5486706948655
4.273330555555556 2720.741359516617
4.276122222222222 2721.1320543806655
4.28015 2721.3254682779466
4.282977777777778 2721.2341566265072
4.285761111111111 2721.5134743202425
4.28855 2721.5221148036267
4.291341666666667 2721.7138368580067
4.294130555555555 2722.1045619335355
4.298380555555555 2722.175692771085
4.301222222222222 2722.199728915663
4.3040111111111115 2722.4828398791547
4.3068027777777775 2722.4904229607255
4.309591666666667 2722.68241691843
4.312383333333333 2723.072809667675
4.316666666666666 2723.137831325302
4.319513888888889 2723.1613855421692
4.322305555555555 2723.4497280966775
4.325094444444445 2723.4586706948644
4.327883333333333 2723.6520845921455
4.330675 2724.042749244713
4.334733333333333 2724.104939759036
4.337547222222223 2724.1303614457834
4.340336111111111 2724.423746223565
4.343125 2724.436435045317
4.345908333333333 2724.63332326284
4.348697222222222 2725.0253172205435
4.352791666666667 2725.08734939759
4.355594444444445 2725.115210843373
4.358383333333333 2725.4125377643504
4.361175 2725.426253776435
4.363963888888889 2725.6237160120845
4.366755555555556 2726.0183383685803
4.370888888888889 2726.0805722891564
4.373713888888889 2726.110662650602
4.376505555555555 2726.4127190332324
4.379291666666667 2726.4287311178246
4.382072222222222 2726.627280966767
4.38485 2727.0212386706944
4.3890416666666665 2727.0803915662646
4.391841666666667 2727.1111445783135
4.394630555555556 2727.416163141994
4.397411111111111 2727.4308459214503
4.4002 2727.6291238670697
4.402991666666667 2728.0238670694866
4.4073 2728.0795783132526
4.410097222222222 2728.109427710843
4.412888888888889 2728.417854984894
4.415677777777778 2728.4340483383685
4.418466666666666 2728.8290332326283
4.421258333333333 2729.4190332326284
4.425333333333334 2729.6667771084335
4.428213888888889 2729.8943072289153
4.431002777777778 2730.4048942598183
4.433791666666667 2730.612779456193
4.436583333333333 2730.609879154078
4.4393722222222225 2730.8073716012086
4.4433388888888885 2730.6534337349394
4.4462 2730.482469879518
4.448991666666666 2730.6013595166164
4.451780555555556 2730.417764350453
4.454572222222223 2730.6143806646523
4.457361111111111 2731.006283987915
4.461511111111111 2731.0476506024097
4.464380555555556 2731.0759036144573
4.467161111111111 2731.394048338368
4.46995 2731.4059818731116
4.472741666666667 2731.6012386706943
4.475530555555555 2731.9938368580056
4.479580555555556 2732.032710843373
4.482377777777778 2732.0613554216866
4.485166666666666 2732.3833232628394
4.487958333333333 2732.3987613293048
4.490747222222222 2732.5934138972802
4.493538888888889 2732.9832628398785
4.497791666666667 2733.0179819277105
4.500680555555555 2733.0454216867465
4.503472222222222 2733.3674924471293
4.506261111111111 2733.3809969788513
4.509052777777778 2733.57921450151
4.511841666666666 2733.9732024169175
4.515947222222223 2734.0084036144567
4.518738888888889 2734.03798192771
4.521527777777778 2734.365709969788
4.5243166666666665 2734.3832628398786
4.5271 2734.5849244712986
4.529888888888889 2734.9823564954672
4.534080555555556 2735.0182228915655
4.5369 2735.049999999999
4.5396777777777775 2735.382839879153
4.5424694444444444 2735.401148036252
4.545258333333333 2735.6026283987903
4.54805 2736.0019637462224
4.552238888888889 2736.0356325301195
4.555055555555556 2736.0668975903604
4.557847222222223 2736.4033534743194
4.560636111111111 2736.4201510574007
4.563425 2736.61924471299
4.566211111111111 2737.0165256797577
4.570258333333333 2737.046385542168
4.573094444444444 2737.0777108433726
4.575886111111111 2737.4160725075526
4.578675 2737.4322658610263
4.581463888888889 2737.6309365558905
4.584255555555556 2738.025740181268
4.588447222222222 2738.049939759035
4.591294444444444 2738.0814156626498
4.594083333333334 2738.422960725075
4.596875 2738.4403625377636
4.599663888888889 2738.6428096676727
4.602455555555555 2739.0404833836847
4.606480555555556 2739.0645180722877
4.609272222222223 2739.0980421686736
4.612061111083333 2739.4446827794554
4.614852777777778 2739.4635045317214
4.617641666638889 2739.6646525679753
4.620433333333334 2740.062688821752
4.624488888888889 2740.0844277108426
4.627352777777777 2740.1183734939755
4.630144444444444 2740.4681873111776
4.632933333333333 2740.484531722054
4.635725 2740.6863444108753
4.638505555555556 2741.0851963746213
4.642580555555556 2741.10204819277
4.645369444444444 2741.135722891565
4.648161111111111 2741.4909063444097
4.650949999972222 2741.5065861027183
4.653741666666667 2733.0222960725064
4.656525 2724.7367069486395
4.66065 2716.1440361445775
4.663463888888889 2707.5207831325292
4.66625277775 2699.0918731117813
4.669044444444444 2690.4248036253766
4.671833333333334 2690.4250755287
4.674625 2690.622386706948
4.678694444444444 2690.5892168674686
4.681508333333333 2690.4251204819266
4.6843 2690.429848942597
4.687088888888889 2690.2499093655583
4.689880555555556 2690.127590361445
4.692669444444444 2690.355421686746
4.696722222222222 2690.416475903614
4.699558333333333 2690.249759036143
4.70235 2690.2535649546817
4.7051388888888885 2690.0738066465246
4.7079305555555555 2689.952319277107
4.710719444444444 2690.1850602409627
4.7148111111111115 2690.2553614457815
4.717602777777778 2690.0931024096367
4.720391666666667 2690.098942598186
4.723169444444444 2689.923776435044
4.725961111111111 2689.8043373493965
4.72875 2690.0356325301195
4.732775 2690.1073192771078
4.7356388888888885 2689.9477409638544
4.7384305555555555 2689.9520241691835
4.741219444444445 2689.773595166162
4.744011111111111 2689.6527710843366
4.7468 2689.8887048192764
4.750936111111111 2689.9641867469873
4.753736111111111 2689.803734939758
4.7565277777777775 2689.810996978851
4.759316666666667 2689.63673716012
4.762108333333333 2689.516807228915
4.764897222222222 2689.7503012048182
4.769002777777778 2689.8259638554205
4.771811111111111 2689.6687349397575
4.774602777777778 2689.674622356494
4.7773916666666665 2689.4964048338356
4.780177777777777 2689.503504531721
4.782966666666667 2689.6089156626495
4.787161111111111 2689.6822289156617
4.789955555555555 2689.521867469879
4.792741666666666 2689.529305135951
4.795533333305555 2689.3527492447124
4.798322222222223 2689.2303313253005
4.801111111111111 2689.468463855421
4.805227777777778 2689.543825301204
4.808027777777777 2689.3815662650595
4.810808333333333 2689.39341389728
4.8135972222222225 2689.2202416918417
4.816388888888889 2689.0978313253
4.819177777777778 2689.3329819277096
4.823283333333333 2689.4093072289143
4.8261 2689.251024096384
4.828891666638889 2689.261178247733
4.831680555555556 2689.087764350452
4.834472222222222 2688.9661445783117
4.837261111111111 2689.2042771084325
4.841463888888889 2689.2859036144564
4.844275 2689.1296385542155
4.847066666666667 2689.140815709968
4.849855555555555 2688.9710574018113
4.8526444444444445 2688.8518072289144
4.8554361111111115 2689.0889457831317
4.859602777777778 2689.1728313253
4.8623916666666664 2689.0197289156613
4.865183333333333 2689.029969788519
4.867972222222222 2688.8583685800595
4.870763888888889 2688.738042168674
4.873552777777777 2688.9752108433727
4.877680555555555 2689.0562048192764
4.8804694444444445 2688.900421686746
4.883258333333333 2688.910483383685
4.886047222222222 2688.739969788519
4.8888388888888885 2688.620843373493
4.891627777777778 2688.8589156626495
4.895697222194444 2688.9418072289145
4.898527777777778 2688.786777108432
4.901316666666666 2688.797552870089
4.904108333333333 2688.628519637461
4.906897222222222 2688.5107831325295
4.909683333333334 2688.7481325301196
4.913747222222222 2688.8311144578306
4.916538888888889 2688.6768674698783
4.919327777777778 2688.684561933534
4.922119444444444 2688.515407854984
4.924908333305556 2688.400090361445
4.927697222222222 2688.640572289156
4.9317166666666665 2688.7268072289153
4.9345638888888885 2688.573493975903
4.937352777777778 2688.5815709969784
4.940141666638889 2688.412416918429
4.942933333333333 2688.297801204819
4.945719444444444 2688.5414759036144
4.949905555555556 2688.633524096386
4.952705555555555 2688.4826807228915
4.955497222222222 2688.493444108761
4.958275 2688.3281570996974
4.961063888888889 2688.2141566265054
4.963855555555556 2688.456837349397
4.967875 2688.549156626505
4.970716666666666 2688.39969879518
4.973508333333333 2688.4090634441077
4.976297222194445 2688.2427794561927
4.979088888888889 2688.1286445783126
4.981875 2688.372499999999
4.986066666666667 2688.4670180722883
4.988855555555555 2688.317740963855
4.991647222222222 2688.3289123867066
4.994436111111111 2688.1639577039273
4.997216666666667 2688.049939759036
5 2688.2921084337354
5.00415 2688.3826807228916
5.006938888888889 2688.2321686746986
5.009730555555556 2688.2400000000002
5.012511111111111 2688.072749244713
5.015302777777777 2687.95936746988
5.018091666666667 2688.2011746987955
5.022283333333333 2688.292319277109
5.025075 2688.141686746988
5.027863888888889 2688.1499093655593
5.030655555555556 2687.98247734139
5.033444444444444 2687.8684638554223
5.036230555555556 2688.109789156627
5.040419444416667 2688.1988554216873
5.043205555555556 2688.0468975903623
5.045994444444444 2688.0542900302125
5.048786111111111 2687.887250755288
5.051574999972222 2687.7744277108445
5.054366666666667 2688.014638554218
5.058525 2688.1029216867482
5.061380555555556 2687.9512650602423
5.064169444416667 2687.957069486406
5.0669611111111115 2687.7862839879167
5.06975 2687.672198795182
5.0725388888888885 2687.91123493976
5.076602777777778 2687.996656626507
5.0794194444444445 2687.8434939759045
5.082208333333333 2687.8489425981884
5.085 2687.6780966767383
5.0877888888888885 2687.5640662650612
5.090577777777778 2687.803373493977
5.09475 2687.8868674698806
5.097530555555555 2687.7316566265067
5.100322222222222 2687.7361933534753
5.103111111111111 2687.5637764350463
5.105902777777778 2687.448825301206
5.108691666666667 2687.686024096387
5.112813888888889 2687.768584337351
5.115605555555556 2687.6140060240978
5.118394444444444 2687.6185800604244
5.121186111111111 2687.447703927494
5.123975 2687.3344879518086
5.126766666666667 2687.5742469879533
5.130697222194445 2687.659216867471
5.133588888861111 2687.5052710843383
5.136380555555555 2687.5103625377656
5.139169444416667 2687.3419335347444
5.141958333333333 2687.2300301204828
5.14475 2687.4713554216873
5.148691666666667 2687.5612349397597
5.1515361111111115 2687.4097891566275
5.154327777777778 2687.416132930515
5.157116666666667 2687.2506344410886
5.159908333305555 2687.1402108433745
5.1626972222222225 2687.384939759037
5.1667861111111115 2687.4799397590373
5.169575 2687.33045180723
5.172366666666667 2687.3390634441103
5.1751555555555555 2687.1758006042305
5.1779472222222225 2687.066204819278
5.180733333333333 2687.311746987953
5.184936111111111 2687.411114457833
5.187805555555555 2687.265210843375
5.190594444444445 2687.273655589125
5.193383333333333 2687.1096072507567
5.196175 2686.9990361445793
5.198963888888889 2687.2460542168683
5.203163888888889 2687.34545180723
5.206 2687.1983734939768
5.2087916666666665 2687.2078549848948
5.211580555555556 2687.04658610272
5.214372222222222 2686.9373493975913
5.217161111111111 2687.1837349397597
5.221366666638889 2687.285271084338
5.224155555555556 2687.140662650603
5.226947222194444 2687.150030211481
5.229736111111111 2686.9867069486413
5.232525 2686.8761144578325
5.235316666666667 2687.126987951808
5.239472222222222 2687.230813253013
5.242291666666667 2687.084608433736
5.245080555555556 2687.097643504533
5.2478694444444445 2686.937975830817
5.250658333333333 2686.826746987953
5.253447222222222 2687.0747891566275
5.2576 2687.1790662650615
5.260391666666667 2687.035421686748
5.2631805555555555 2687.047643504533
5.2659722222222225 2686.885800604231
5.268761111111111 2686.7733132530134
5.27155 2687.022138554218
5.275475 2687.1251506024114
5.2783444444444445 2686.9796084337363
5.2811361111111115 2686.9931419939585
5.283925 2686.8319637462246
5.286708333333333 2686.7189457831337
5.2895 2686.968765060242
5.293611111111111 2687.0729819277117
5.2964 2686.9274397590375
5.299188888888889 2686.942779456195
5.301980555555556 2686.781148036255
5.3047611111111115 2686.6667771084353
5.307552777777778 2686.9176204819296
5.311516666666667 2687.0241867469895
5.314405555555555 2686.880000000001
5.317194444444445 2686.897190332327
5.319983333333333 2686.7390332326295
5.322775 2686.6251807228923
5.325552777777777 2686.875753012049
5.329811111111111 2686.984066265061
5.332638888888889 2686.842048192772
5.335427777777777 2686.8596978851974
5.338219444444444 2686.701389728097
5.341005555555555 2686.587289156627
5.3437972221944445 2686.8367168674704
5.348 2686.943042168675
5.350802777777778 2686.800271084338
5.353594444444444 2686.8162537764356
5.3563833333333335 2686.6565256797585
5.359172222222222 2686.5429518072287
5.361963888888889 2686.792259036145
5.3659638888888885 2686.898253012048
5.3687555555555555 2686.755
5.371544444444444 2686.7709667673716
5.374336111111111 2686.613474320242
5.377125 2686.501385542169
5.3799166666666665 2686.750572289157
5.384058333333333 2686.85843373494
5.386847222222222 2686.7171084337347
5.389638888888889 2686.73250755287
5.392427777777778 2686.5750453172204
5.395208333333334 2686.463945783132
5.398 2686.714879518072
5.402197222222222 2686.8246084337343
5.405038888888889 2686.683885542168
5.407830555555556 2686.6999697885185
5.410619444444444 2686.5434138972796
5.413411111111111 2686.432228915661
5.4162 2686.6828012048177
5.420486111111111 2686.79361445783
5.423275 2686.6539156626495
5.426066666666666 2686.669214501509
5.428855555555556 2686.509728096675
5.431647222222222 2686.3966265060226
5.434436111111111 2686.652259036143
5.438472222222222 2686.7647289156607
5.441361111111111 2686.622198795179
5.444152777777778 2686.64181268882
5.446941666666667 2686.4861933534726
5.4497333333333335 2686.3723795180704
5.452522222222222 2686.624999999998
5.456586111111111 2686.737319277107
5.459427777777778 2686.5972891566244
5.4622166666666665 2686.615528700904
5.4650083333333335 2686.456465256795
5.467797222222222 2686.341054216865
5.470588888888889 2686.593403614456
5.47465 2686.7033433734914
5.4774416666666665 2686.561536144576
5.480230555555556 2686.580966767369
5.4830194444444444 2686.422386706946
5.485811111083334 2686.3058132530095
5.4886 2686.5540060240937
5.492680555555555 2686.659036144575
5.495527777777777 2686.515933734937
5.498316666666667 2686.5332628398764
5.501108333333334 2686.3730513595137
5.503897222222222 2686.257650602407
5.506688888888889 2686.5055722891543
5.510830555555556 2686.609939759034
5.513636111111111 2686.4664759036123
5.516425 2686.4827190332308
5.519216666666667 2686.3231419939557
5.522 2686.2097590361427
5.524791666666666 2686.456656626504
5.528888888888889 2686.5604518072273
5.531691666666666 2686.417379518071
5.534480555555556 2686.432024169183
5.537272222222223 2686.274138972808
5.540061111111111 2686.1630421686727
5.542849999972222 2686.41439759036
5.547041666666667 2686.5235240963834
5.549841666666667 2686.381265060239
5.552630555555556 2686.3970996978833
5.555422222222222 2686.242386706947
5.558211111111111 2686.133253012046
5.5610027777777775 2686.3879518072267
5.564897222222222 2686.5024397590346
5.5677805555277775 2686.3628012048175
5.570569444444445 2686.379848942597
5.573361111111111 2686.2234743202403
5.57615 2686.1118373493964
5.578938888888889 2686.365873493975
5.583075 2686.480150602409
5.585927777777778 2686.3406626506016
5.588719444444444 2686.35758308157
5.5915083333333335 2686.200453172204
5.594297222222222 2686.087891566264
5.597088888888889 2686.3392168674686
5.601094444444445 2686.449367469879
5.603930555555555 2686.3081325301196
5.606719444444445 2686.3242598187303
5.609511111111111 2686.1683685800595
5.6123 2686.0578313253004
5.615091666666666 2686.3092168674693
5.619277777777778 2686.420903614458
5.622133333333333 2686.281174698795
5.624922222222223 2686.297673716012
5.627713888888889 2686.142567975831
5.630502777777778 2686.0323795180725
5.633294444444444 2686.2881325301205
5.637480555555555 2686.4047590361447
5.6402833333333335 2686.266746987951
5.643072222222222 2686.2846827794556
5.645863888888889 2686.130120845921
5.6486527777777775 2686.0190963855416
5.6514444444444445 2686.278102409638
5.6556194444444445 2686.399608433735
5.658405555527778 2686.2626807228917
5.661197222222222 2686.284078549849
5.663986111111111 2686.130543806647
5.666777777777778 2686.0174397590363
5.669566666666666 2686.2751204819274
5.673622222222222 2686.396325301205
5.676486111111111 2686.2598192771084
5.679275 2686.2820241691843
5.682063888888889 2686.131993957704
5.684855555555556 2686.021596385542
5.6876444444444445 2686.278584337349
5.691677777777778 2686.399668674699
5.694508333333333 2686.2646084337352
5.697297222222222 2686.2842296072513
5.700088888888889 2686.1331419939584
5.702877777777778 2686.024277108434
5.705669444444444 2686.281927710844
5.709847222222222 2686.403253012048
5.712638888888889 2686.2674397590363
5.715427777777778 2686.286767371601
5.718208333333333 2686.1381570996978
5.721 2686.031746987952
5.723788888888889 2686.28921686747
5.727788888888889 2686.413584337349
5.7306333333333335 2686.280421686747
5.733425 2686.298187311178
5.736213888888889 2686.148791540785
5.739005555527778 2686.043524096385
5.741794444444444 2686.3049698795176
5.745844444444445 2686.448217522658
5.748636111111111 2686.2840483383684
5.751427777777778 2686.3189123867064
5.754216666666666 2685.9776435045314
5.757008333333333 2685.6793674698793
5.759797222222222 2685.7462951807224
5.76385 2685.6950755287003
5.76665 2685.3389728096677
5.769436111111111 2685.1792447129906
5.772222222222222 2684.8380966767368
5.7750111111111115 2684.543795180722
5.777802777777778 2684.6152710843367
5.781905555555555 2684.5655589123867
5.784716666666666 2684.2110574018125
5.787508333333333 2684.054018126888
5.790288888888889 2683.7155589123863
5.793080555555555 2683.425240963855
5.7958694444444445 2683.4954216867463
5.799861111111111 2683.4428700906337
5.802752777777778 2683.0900906344405
5.805544444444444 2682.934894259818
5.808333333333334 2682.59842900302
5.811122222222222 2682.3123493975895
5.8139111111111115 2682.3869879518065
5.818038888888889 2682.3363444108754
5.820827777777778 2681.9861933534735
5.823613888861111 2681.832235649546
5.826405555555556 2682.481419939576
5.829194444444444 2683.1777108433726
5.831986111111111 2684.23298192771
5.836080555555555 2685.17006042296
5.838908333333333 2685.8029003021143
5.841697222222222 2686.6335951661626
5.844480555555555 2686.300453172205
5.847272222222222 2686.006385542168
5.850061111111111 2686.081536144578
5.854166666666667 2686.0417824773413
5.857016666638889 2685.6931722054383
5.859805555555556 2685.5400906344416
5.862597222222222 2685.2070392749247
5.865386111111111 2684.918343373494
5.8681777777777775 2684.996295180723
5.872344444444445 2684.956465256798
5.875125 2684.6101812688826
5.877916666666667 2684.4605740181273
5.880705555555555 2684.1291842900305
5.883494444444445 2683.844608433735
5.8862861111111116 2683.9223192771087
5.890336111111111 2683.878882175227
5.8931555555555555 2683.5333836858013
5.895944444444445 2683.3839577039275
5.898733333333333 2683.3659393939392
5.901525 2683.0552870090637
5.904313888888889 2682.908066465257
5.908383333333333 2682.8089425981875
5.911175 2682.4643806646523
5.913966666666667 2682.3165861027187
5.916747222222222 2682.2941515151515
5.919538888888889 2681.987915407855
5.922327777777777 2681.839607250755
5.926411111111111 2681.7386404833833
5.929219444444445 2681.3938670694865
5.932008333333333 2681.245347432024
5.934794444416666 2681.2176060606057
5.937583333333333 2682.096042296072
5.940375 2683.129637462235
5.944552777777778 2685.389909365558
5.947344444444444 2686.226102719032
5.9501333333333335 2687.2586102719024
5.952922222222222 2687.2486969696956
5.955711111111111 2686.928277945618
5.9585027777777775 2686.7802114803612
5.9625111111111115 2686.678489425981
5.965341666666666 2686.3337462235636
5.968133333333333 2686.1851057401805
5.970922222222222 2686.1715454545442
5.973713888888889 2686.2479154078537
5.976502777777778 2686.493262839878
5.980566666666666 2687.1815407854974
5.983358333333333 2687.2304531722043
5.986147222222222 2687.475679758307
5.988938888888889 2687.4664545454534
5.991719444444445 2687.1474924471286
5.994511111111111 2687.002930513593
5.9987 2686.9072809667655
6.001555555555556 2686.56519637462
6.004341666666667 2686.419939577037
6.007130555527778 2686.407606060604
6.009922222222222 2686.0923564954664
6.012711111083333 2685.946646525678
6.016805555555556 2685.8511178247713
6.019683333333333 2685.5084592144995
6.0224722222222224 2685.3624471299077
6.0252638888888885 2685.346606060604
6.028052777777778 2685.034833836856
6.030841666666666 2684.8905135951645
6.035141666638889 2684.7965558912365
6.037933333333333 2684.4546827794543
6.040725 2684.310090634439
6.043513888888889 2684.2919393939374
6.046305555555556 2683.9847734138953
6.049094444444444 2683.8406948640463
6.0533222222222225 2683.748972809666
6.056111111111111 2683.4083081570984
6.058902777777778 2683.264108761328
6.0616916666666665 2683.2418484848467
6.0644833333333334 2682.9402416918415
6.067263888888889 2682.8009969788504
6.071286111111111 2682.7170392749226
6.074108333333333 2682.3801208459195
6.076888888888889 2682.239848942596
6.079680555555556 2682.2160909090894
6.0824694444444445 2681.9172507552857
6.085258333333333 2681.7775830815694
6.089391666666667 2681.6932326283973
6.092180555555555 2681.35510574018
6.094972222222222 2681.2146223564937
6.097761111111111 2681.188030303029
6.10055 2680.8922356495455
6.103341666666667 2680.7537462235637
6.107519444444445 2680.6726888217504
6.110311111111111 2680.3366465256777
6.113091666666667 2680.1975226586082
6.115880555527778 2680.169090909089
6.118672222222222 2679.8778851963725
6.121461111083334 2679.7396978851943
6.125638888888889 2679.6572507552855
6.128430555555555 2679.321661631418
6.131208333333333 2679.1826586102698
6.134 2679.1497575757558
6.136788888888889 2678.86096676737
6.139577777777777 2678.721329305134
6.143747222222222 2678.636918429001
6.146538888888889 2678.3006042296056
6.149330555555555 2678.160694864047
6.152119444444445 2678.123727272726
6.154911111111111 2677.839033232627
6.1577 2677.6982175226567
6.161761111111111 2677.6131722054365
6.1645861110833335 2677.276435045316
6.167375 2677.135589123866
6.170166666666667 2677.0942727272713
6.172955555555555 2676.8125075528687
6.175747222222222 2676.6716616314184
6.180086111111111 2676.586706948639
6.182919444416667 2676.248972809666
6.185711111111111 2676.107250755286
6.1885 2676.062242424241
6.191288888888889 2675.7819033232618
6.194080555555556 2675.6412990936547
6.1983 2675.553564954682
6.201127777777778 2675.215317220543
6.203919444444445 2675.074290030211
6.206705555555556 2675.027333333333
6.209494444444444 2674.7552567975827
6.212286111111111 2674.6170996978844
6.216566666666667 2674.536555891238
6.219369444444444 2674.2024169184288
6.222161111111111 2674.0642900302114
6.22495 2674.0132121212123
6.227738888888889 2673.7436858006045
6.230525 2673.6072809667676
6.234730555555555 2673.5317220543816
6.237566666666667 2673.1973716012085
6.240344444444444 2673.0602719033236
6.243133333333334 2673.0076060606066
6.245922222222222 2675.796303030303
6.2487111111111115 2678.585
6.253080555555556 2684.3148338368583
6.255880555527778 2686.9288217522662
6.258669444444444 2689.7392749244714
6.261447222222222 2689.4183081570995
6.264238888861111 2689.281027190332
6.267027777777778 2689.342145015106
6.2712916666666665 2689.206012084592
6.274080555555556 2688.871419939577
6.276869444444444 2688.73413897281
6.2796555555277775 2688.414894259819
6.282433333305556 2688.2785800604233
6.285222222222222 2688.3397583081573
6.289272222222222 2688.2037462235653
6.292077777777778 2687.8700000000003
6.294866666666667 2687.7334138972815
6.297647222222222 2688.0064954682784
6.3004388888888885 2688.4641993957703
6.303216666666667 2689.118006042296
6.307486111111111 2689.574108761329
6.310302777777777 2689.833021148036
6.313083333333333 2690.289546827795
6.3158722222222226 2689.972628398792
6.318661111111111 2689.8375528700913
6.321452777777778 2689.89912386707
6.325783333333334 2689.7645619335353
6.328575 2689.4333232628405
6.331363888888889 2689.2982779456197
6.334152777777778 2688.981540785499
6.336944444444445 2688.8478549848946
6.339724999972222 2688.9108459214503
6.344008333333333 2688.7767371601217
6.3468 2688.4456495468285
6.3495888888888885 2688.3115407854993
6.3523805555555555 2687.995015105741
6.355169444444445 2687.861691842901
6.357958333333333 2687.924652567977
6.362352777777778 2687.7910271903334
6.365144444444445 2687.4603625377654
6.367933333333333 2687.3261933534754
6.370719444444444 2687.0077341389742
6.3735083333333336 2686.87072507553
6.3763 2686.9308761329316
6.3805 2686.7953776435056
6.383344444444444 2686.4627492447144
6.386136111111111 2686.3256193353486
6.388925 2686.0065256797593
6.3917166666666665 2685.869758308158
6.394505555555556 2685.928972809669
6.398894444444444 2685.6457272727284
6.401680555555555 2685.4778181818197
6.404472222222222 2685.309909090911
6.4072611111111115 2685.001027190334
6.410052777777778 2684.8614199395784
6.412841666666667 2684.921178247736
6.417027777777778 2684.6336969696986
6.41985 2684.463272727274
6.422638888888889 2684.29284848485
6.425419444416667 2683.988972809669
6.4282 2683.8528398791555
6.430988888888889 2683.9145015105755
6.435072222194444 2683.623666666668
6.437875 2683.456424242426
6.440666666666667 2683.289151515153
6.4434555555555555 2682.9897280966784
6.4462472222222225 2682.8554984894276
6.449036111111111 2682.919697885198
6.453225 2682.6298484848503
6.456013888888889 2682.464727272729
6.458805555555555 2682.299575757577
6.461594444444445 2682.19990936556
6.464386111111111 2682.2654380664667
6.467175 2682.1327492447144
6.4714 2681.6457272727284
6.474194444444445 2681.4822121212137
6.476975 2681.3186666666684
6.4797666666666665 2681.024320241693
6.482555555555556 2680.8922054380682
6.485344444444444 2680.9592447129926
6.489425 2680.670757575759
6.492294444416666 2680.50787878788
6.4950833333333335 2680.344969696971
6.497866666666667 2680.051842900303
6.500658333333333 2679.917583081572
6.503447222222222 2679.9806344410886
6.507538888888889 2679.6848787878803
6.510330555555556 2679.5191212121226
6.513111111111111 2679.3533636363645
6.515902777777778 2679.064561933536
6.518683333305556 2678.930060422962
6.521472222222222 2678.990302114805
6.525611111111111 2678.689939393941
6.528422222222222 2678.523636363638
6.5312 2678.357272727274
6.533991666666667 2678.0716918429016
6.536780555555556 2677.934712990938
6.5395666666666665 2677.9959214501523
6.543811111111111 2677.6892424242437
6.546602777777778 2677.5214242424254
6.549391666666667 2677.3535757575773
6.552183333333334 2677.06818731118
6.554972222222222 2676.9262839879166
6.557763888888889 2676.9832326284
6.562108333333334 2676.668363636365
6.564894444444445 2676.495575757577
6.567686111083333 2676.32287878788
6.570475 2679.0039879154097
6.573266666638889 2681.828519637464
6.5760555555555555 2684.8483383685816
6.580191666666667 2687.5269393939407
6.582972222222222 2690.3293030303043
6.585763888888889 2693.131666666668
6.588552777777778 2692.7922658610287
6.591333333333333 2692.6475226586113
6.594122222222222 2692.702145015107
6.5982972222222225 2692.4326666666675
6.601097222222222 2692.2569393939402
6.603886111111111 2692.0812121212125
6.606677777777778 2692.140634441088
6.609463888888889 2692.3903021148044
6.612241666666667 2692.838187311179
6.616463888888889 2692.9665151515155
6.619258333333334 2693.186484848485
6.622038888888889 2693.4064242424247
6.624827777777778 2760.2231722054385
6.627619444444444 2827.233081570997
6.6304083333333335 2894.2429909365555
6.634416666666667 2961.74203030303
6.637280555555556 3028.9246969696965
6.640061111111111 3028.955878787879
6.642849999972222 3027.992326283988
6.645638888888889 3028.434592145015
6.648430555555556 3028.8768580060428
6.652555555555556 3029.8143939393944
6.655344444444444 3030.0289393939397
6.658130555555555 3030.057181818182
6.660922222222222 3029.087643504532
6.663711111111111 3029.531087613293
6.666502777777778 3029.97416918429
6.670663888888889 3030.915484848485
6.6734527777777775 3031.1293939393945
6.676244444444444 3030.9631515151523
6.679033333333333 3029.7939274924474
6.681813888888889 3030.0345619335358
6.684602777777778 3030.2747129909376
6.6885111111111115 3031.0173030303035
6.6914 3031.031000000001
6.694188888888889 3030.85993939394
6.696977777777778 3029.689486404834
6.699769444416667 3029.928066465257
6.702558333333333 3030.166253776435
6.706997222222222 3030.9043333333334
6.709783333333333 3030.9149696969694
6.712575 3030.7412727272726
6.7153583333333335 3029.5702719033234
6.71815 3029.8055589123865
6.720938888888889 3030.0406948640484
6.725141666638889 3030.773606060606
6.727941666666666 3030.780787878788
6.730733333333333 3031.395909090909
6.733522222222223 3031.208519637462
6.7363027777777775 3032.230906344411
6.7390944444444445 3033.055347432024
6.7431833333333335 3034.5840909090907
6.745974999972222 3035.3806666666665
6.748761111111111 3035.2041515151514
6.75155 3034.019637462235
6.7543388888888884 3034.446314199395
6.757119444444444 3034.8728398791536
6.7612861111111116 3033.8477710843367
6.764088888888889 3034.940996978851
6.76687777775 3034.988610271903
6.769669444444444 3035.0363444108757
6.772458333333334 3035.462205438066
6.77525 3035.888036253776
6.7794888888888885 3034.856897590361
6.782280555555555 3035.9515105740174
6.785069444444445 3036.589063444108
6.787861111111111 3037.227069486404
6.790638888888889 3038.2433534743195
6.793430555555555 3039.2594864048333
6.797455555555556 3039.883625377643
6.8002472222222226 3040.507854984894
6.803036111111111 3040.7504833836856
6.805827777777778 3040.993202416918
6.8086166666666665 3041.6150755287003
6.8114 3042.236646525679
6.815572222222222 3041.575993975903
6.818380555527778 3042.689516616314
6.821169444444444 3042.9288217522662
6.823961111083333 3043.1683685800604
6.82675 3042.803836858006
6.829538888888889 3042.439244712991
6.833744444444444 3040.7918072289153
6.8365583333333335 3040.9183081570995
6.839347222222222 3040.173655589124
6.842130555527778 3039.4293957703926
6.844919444444445 3040.0455891238666
6.847711111083333 3040.66172205438
6.851847222222222 3039.9999698795173
6.854722222222223 3041.1048640483377
6.8575 3041.144018126887
6.860291666666667 3041.1831722054376
6.863080555555555 3041.599697885196
6.865863888888889 3042.0162235649545
6.869830555555556 3042.0379154078546
6.872694444444445 3042.0596676737155
6.875486111111111 3042.4903323262834
6.878269444444444 3042.9211480362533
6.881058333333334 3043.73087613293
6.883838888888889 3044.5399093655583
6.887944444444445 3044.25391566265
6.890811111083333 3045.3695468277942
6.893602777777778 3045.6013293051356
6.8963916666388885 3045.8332628398784
6.899183333333333 3046.4404531722053
6.901972222222223 3047.047673716012
6.906033333333333 3046.3571987951805
6.908888888888889 3047.4768580060427
6.911680555555556 3047.7045921450153
6.914469444444444 3047.933111782477
6.917261111111111 3048.5390332326283
6.92005 3049.144592145015
6.924413888888889 3048.445542168675
6.927213888888889 3049.570664652568
6.930005555555556 3049.602235649547
6.9327861111111115 3049.633806646526
6.9355722222222225 3048.8613595166166
6.938361111111111 3048.0887613293053
6.942788888888889 3045.825512048193
6.945580555555556 3045.76163141994
6.948369444444444 3044.6072809667676
6.951152777777778 3043.4534441087617
6.953941666666666 3043.8623564954682
6.956733333333333 3044.2712688821753
6.960880555527778 3043.188734939759
6.96375277775 3044.297613293051
6.966541666666667 3044.916797583081
6.969330555555556 3045.5360120845917
6.9721222222222226 3046.1407552870087
6.974911111111111 3046.7454380664644
6.979208333333333 3046.442801204819
6.982 3047.1668277945614
6.984788888888889 3046.995438066465
6.987577777777778 3046.8250755287
6.990369444444444 3047.425679758307
6.993158333333334 3048.0254682779446
6.997258333333333 3047.319789156626
7.000041666666666 3048.438308157099
7.002830555555556 3048.4626888217517
7.005622222222223 3048.487401812688
7.008411111111111 3048.8915105740175
7.0112 3049.295649546827
7.0153694444444445 3048.1961144578304
7.0181611111111115 3049.3169486404827
7.020949999972222 3049.733987915407
7.023741666666667 3050.1519637462225
7.026530555527778 3050.94761329305
7.029316666666666 3051.743021148035
7.033616666666667 3051.4191265060226
7.036441666666667 3051.470391566264
7.039230555555555 3051.7178012048184
7.042019444444445 3052.1624698795167
7.044811111111111 3052.7873493975894
7.0476 3053.2149397590356
7.051633333333333 3053.4465662650596
7.054444444444444 3053.3007530120476
7.0572333333333335 3053.3508734939746
7.060022222222222 3053.597650602409
7.062813888888889 3054.023554216867
7.06560277775 3054.252891566264
7.069627777777778 3054.2861746987946
7.072447222222222 3054.53048192771
7.075236111111111 3054.970933734939
7.078027777777778 3055.6062349397585
7.080813888888889 3056.423343373493
7.083602777777778 3057.0457530120475
7.087616666638889 3057.4717168674692
7.090419444416667 3058.6162839879144
7.0932 3058.8298791540774
7.095988888888889 3059.043776435044
7.098780555555556 3059.637220543805
7.101569444444444 3060.230543806645
7.105655555555556 3059.477499999999
7.108519444416666 3060.628066465256
7.111308333333334 3060.840664652567
7.114099999972222 3061.0536555891226
7.11687777775 3061.6446827794553
7.119666666666666 3062.2356495468266
7.123772222222223 3061.4744578313243
7.126561111111111 3062.6305740181256
7.12935 3062.842416918428
7.132141666666667 3063.0542598187303
7.134930555555556 3063.644320241691
7.138933333333333 3063.2396084337342
7.1417222222222225 3063.467168674698
7.144513888888889 3064.629395770392
7.147302777777778 3064.8422658610266
7.1500916666666665 3065.0552870090632
7.1528833333333335 3065.6471903323263
7.156930555555555 3065.240301204819
7.1598138888888885 3065.4685240963854
7.162602777777778 3066.6361631419936
7.165394444416667 3066.8493051359515
7.168180555555556 3067.0624773413897
7.170969444444444 3067.6544712990935
7.175108333333333 3067.2421084337348
7.1779 3067.4700301204816
7.180688888888889 3068.6429909365556
7.183480555555556 3068.8523262839876
7.186269444444444 3069.062326283988
7.1890583333333336 3069.655166163142
7.193052777777778 3069.2330722891566
7.195894444444445 3069.459518072289
7.198686111111111 3070.6404833836855
7.201475 3070.847703927492
7.204266666666666 3071.055256797583
7.207055555555556 3071.640604229607
7.211119444444445 3071.203253012048
7.213983333333333 3071.4226204819274
7.216772222222223 3072.605377643504
7.219563888888889 3072.807311178248
7.222352777777778 3073.0094561933533
7.225144444444444 3073.5918126888214
7.229308333305555 3073.1440060240957
7.232097222222222 3073.360361445783
7.2348888888888885 3074.5473716012084
7.237677777777778 3074.747190332326
7.240463888861111 3074.9474320241693
7.243252777777778 3072.5812990936556
7.247325 3069.194728915663
7.250116666638889 3066.472801204819
7.2529055555555555 3064.6942900302115
7.255691666666666 3061.7490634441087
7.258483333333333 3058.805045317221
7.261272222222222 3057.758042168675
7.265336111111111 3058.388614457832
7.268136111111111 3058.407710843374
7.270925 3059.5514803625383
7.273713888888889 3059.553172205439
7.276505555527778 3059.5558006042297
7.279294444444444 3058.505692771085
7.2835 3059.1324397590365
7.286327777777778 3059.1495783132536
7.289119444444444 3060.2962537764356
7.291908333333334 3060.2981570996985
7.294699999972222 3060.300966767372
7.297488888888889 3060.08990936556
7.301566666666667 3058.6902710843383
7.3043555555555555 3058.1182831325305
7.3071472222222225 3058.670725075529
7.309936111111111 3058.0817522658613
7.312727777777778 3057.492839879154
7.315511111111111 3056.4461144578313
7.319633333333333 3057.069668674699
7.322444444444445 3057.087560240964
7.325233333333333 3058.2287009063443
7.328022222222223 3058.232084592145
7.330811111083333 3058.2355589123863
7.333602777777778 3057.187259036144
7.337816666666667 3057.811385542168
7.340633333333333 3057.829457831325
7.343422222222222 3058.8399096385538
7.346213888888889 3060.0477710843375
7.349002777777778 3061.451265060241
7.351794444444445 3061.5987087087087
7.355886111111111 3064.425421686747
7.358675 3065.617861445783
7.361463888888889 3066.783383685801
7.364252777777778 3066.7866465256798
7.367044444444445 3066.790120845921
7.369833333333333 3067.174108761329
7.373922222222222 3066.347650602409
7.376725 3066.367801204819
7.379516666638889 3067.5370996978845
7.3823 3067.9346525679753
7.385091666666667 3068.3323262839876
7.387880555555555 3067.6474999999996
7.3918888888888885 3069.0590662650598
7.394694444444444 3069.4705421686745
7.397486111111111 3070.64918429003
7.400275 3070.8504229607247
7.403066666666667 3071.051933534743
7.405855555555555 3070.162710843373
7.409847222222222 3071.1889759036144
7.412708333333334 3071.405572289156
7.415497222222222 3072.589728096676
7.418288888888889 3072.5967069486396
7.421077777777778 3072.6038066465253
7.423866666638889 3071.5147590361444
7.427991666666666 3072.146084337349
7.430783333333333 3072.166234939759
7.433572222222222 3073.3529003021144
7.436363888888889 3073.3583081570996
7.439152777777778 3073.3641389728095
7.441944444444444 3072.27171686747
7.445955555555556 3072.899156626506
7.448797222194444 3072.917469879518
7.451586111111111 3074.1046223564954
7.45437777775 3074.6974622356497
7.457166666666667 3075.290664652568
7.459958333333334 3074.7803915662653
7.464136111111111 3076.189487951807
7.466925 3076.9927108433735
7.469716666666667 3078.390664652568
7.472505555555555 3078.39416918429
7.475294444444445 3078.3975830815707
7.478083333333333 3077.2901204819277
7.482113888888889 3077.918222891566
7.484994444444444 3077.9354819277105
7.487786111111111 3079.1378247734137
7.490575 3079.143051359517
7.493363888888889 3079.1483081571
7.496152777777778 3078.0387048192774
7.500344444444444 3078.671626506025
7.503166666666667 3079.9095166163147
7.505958333333333 3081.1244545454556
7.5087472222222225 3082.515501519758
7.5115388888888885 3083.8843902439035
7.514327777777778 3083.8843902439035
7.518288888888889 3086.921840490799
7.521163888888889 3088.208923076924
7.523952777777778 3089.4729629629637
7.526744444444445 3090.914272445821
7.529533333333333 3092.3333850931685
7.532325 3092.3333850931685
7.536288888888889 3093.9175077881628
7.539122222222222 3095.479750000001
7.541913888888889 3096.8146394984337
7.544702777777778 3098.1263207547177
7.547491666666667 3099.621545741326
7.550283333333334 3101.094462025317
7.5543611111111115 3102.7395555555563
7.55715 3104.3629299363065
7.559941666666667 3105.754313099042
7.5627305555555555 3107.1224358974364
7.5655222222222225 3108.6786816720264
7.568311111083333 3110.212580645162
7.5724277777777775 3108.744757281554
7.575230555555556 3107.2344480519487
7.578022222222223 3105.4706514657987
7.580811111083333 3103.66251633987
7.583602777777778 3102.02193442623
7.586391666638889 3100.3375328947373
7.590505555555556 3103.7448675496694
7.5933222222222225 3105.196146179403
7.596113888861111 3106.6236333333345
7.598902777777778 3108.2478929765894
7.601694444444444 3109.849328859061
7.6044833333333335 3109.849328859061
7.608594444444445 3112.504358108109
7.611408333333333 3113.5714237288144
7.6142 3114.6115986394566
7.616988888888889 3115.848668941981
7.619780555555556 3117.0598287671246
7.622569444444444 3117.0598287671246
7.626630555555556 2967.420413793104
7.629419444444444 2891.771903114187
7.632211111111111 2815.5631944444453
7.635 2738.788397212544
7.637791666666667 2738.788397212544
7.640580555555555 2738.9240909090913
7.644855555555556 2738.86147887324
7.647658333333333 2738.6607773851592
7.65045 2738.6554609929076
7.653238888888889 2738.6143772241994
7.656030555555556 2738.6143772241994
7.658819444444444 2738.756714285714
7.6629861111111115 2738.6962230215827
7.665777777777778 2738.4920938628156
7.668566666666667 2738.4893115942027
7.671358333333333 2738.4499636363635
7.6741472222222225 2738.4499636363635
7.676936111111111 2738.831532846715
7.680925 2739.2535294117647
7.683775 2739.29147601476
7.686566666666667 2739.533
7.689355555555555 2739.7389591078063
7.692144444444445 2739.7389591078063
7.694936111111111 2740.136492537313
7.69905 2740.58030075188
7.701872222222222 2740.6246415094342
7.704663888888889 2740.8786363636364
7.707452777777778 2741.0963498098863
7.710241666666667 2741.0963498098863
7.713033333333334 2741.509580152672
7.7171111111111115 2741.9760384615383
7.719919444444445 2742.027528957529
7.722708333333333 2742.2940310077515
7.725497222222222 2742.523501945525
7.728288888888889 2742.523501945525
7.731077777777778 2741.931953125
7.735125 2740.10157480315
7.737952777777778 2739.3743478260867
7.740744444444444 2738.6015476190473
7.743533333333334 2737.782589641434
7.746325 2737.782589641434
7.749102777777778 2738.2014000000004
7.753066666666666 2738.665806451613
7.7559555555555555 2738.708461538462
7.758744444444445 2738.9745528455287
7.761536111111111 2739.201836734694
7.764325 2739.201836734694
7.7671166666666664 2739.637909836066
7.771122222222222 2740.1269834710743
7.7739972222222224 2740.1769709543564
7.776786111111111 2740.4568333333327
7.779577777777778 2740.697029288702
7.782366666666666 2740.697029288702
7.785155555555556 2740.3292436974784
7.789147222222223 2739.1792796610166
7.792019444444445 2738.3942127659575
7.794808333333333 2737.837991452992
7.7975972222222225 2737.2339055793996
7.800388888888889 2737.2339055793996
7.803177777777778 2737.404137931035
7.807227777777777 2737.333304347827
7.810016666666667 2737.08864628821
7.812808333333333 2737.0850000000005
7.815597222222222 2737.0371806167404
7.818388888888889 2737.0371806167404
7.821166666666667 2737.2146902654868
7.825288888888889 2737.1452678571436
7.828086111111111 2736.8949327354267
7.830872222222222 2736.8937387387396
7.833661111111111 2736.8470588235305
7.836452777777778 2736.8470588235305
7.839241666666667 2737.026818181819
7.843175 2737.16191780822
7.8460527777777775 2736.9536238532114
7.848841666666667 2736.6971428571437
7.851633333333333 2736.6930555555564
7.854422222222222 2736.64223255814
7.857211111111111 2737.1323364485984
7.861525 2737.676084905661
7.864327777777778 2737.725592417062
7.867116666666667 2738.038904761905
7.8699055555555555 2738.3071291866027
7.8726972222222225 2738.3071291866027
7.875486111111111 2738.193076923077
7.879591666666666 2737.4981067961166
7.882380555555556 2736.9130243902437
7.885158333333333 2736.592794117647
7.88795 2736.219901477832
7.8907388888888885 2736.219901477832
7.8935305555555555 2736.4165346534646
7.897611111111111 2736.3400999999994
7.900427777777778 2736.0625628140697
7.903216666666666 2736.059191919191
7.906008333333333 2736.004771573603
7.908791666666667 2736.004771573603
7.911583333333334 2736.2084183673464
7.915669444444444 2736.1287113402054
7.918475 2735.8416580310873
7.921261111111111 2735.8381249999998
7.92405 2735.7819895287953
7.926841666666666 2735.7819895287953
7.929630555555556 2736.330263157894
7.933633333333334 2736.940425531914
7.936458333333333 2736.9971122994643
7.93925 2737.347741935483
7.942038888888889 2737.647837837837
7.944830555555556 2737.647837837837
7.947619444444444 2738.232282608695
7.951680555555556 2738.889395604395
7.954502777777778 2738.957348066298
7.957291666666666 2739.3378888888883
7.960083333333333 2739.6665363128486
7.962872222222222 2739.6665363128486
7.965663888888889 2739.179719101123
7.969772222222222 2737.647727272726
7.972555555555555 2736.5962285714277
7.975344444444445 2735.8497126436773
7.9781361111111115 2735.0365317919063
7.980919444444444 2735.0365317919063
7.983708333333333 2735.269999999999
7.987886111111111 2735.1793529411757
7.990675 2734.8505917159755
7.993463888888889 2734.84744047619
7.996255555555556 2734.784071856287
7.999044444444444 2734.784071856287
