# SectorTime LastMileTripTimeIStation
0 24.17391304347826
0.08333333333333333 26.14814814814815
0.16666666666666666 29.5
0.25 29.756756756756758
0.25083333333333335 29.756756756756758
0.2561111111111111 29.756756756756758
0.26 29.756756756756758
0.2683333333333333 30.05263157894737
0.28305555555555556 30.05263157894737
0.28555555555555556 30.05263157894737
0.2902777777777778 30.205128205128204
0.2991666666666667 30.205128205128204
0.30527777777777776 30.525
0.3188888888888889 30.525
0.3411111111111111 31.5
0.3552777777777778 31.372093023255815
0.37833333333333335 31.636363636363637
0.4113888888888889 31.434782608695652
0.4241666666666667 31.638297872340427
0.4255555555555556 31.638297872340427
0.45305555555555554 31.306122448979593
0.47583333333333333 31.306122448979593
0.48277777777777775 31.38
0.5144444444444445 31.78
0.5283333333333333 31.807692307692307
0.5461111111111111 31.5
0.5683333333333334 31.563636363636363
0.5866666666666667 31.90909090909091
0.6027777777777777 31.964285714285715
0.635 31.93220338983051
0.6447222222222222 31.93220338983051
0.6627777777777778 31.93220338983051
0.6794444444444444 32.666666666666664
0.6836111111111111 32.666666666666664
0.7041666666666667 32.50819672131148
0.73 32.41269841269841
0.7483333333333333 32.328125
0.7613888888888889 33.15
0.7894444444444444 33.57627118644068
0.8019444444444445 33.35087719298246
0.8225 33.8421052631579
0.8397222222222223 33.87931034482759
0.8466666666666667 34.03508771929825
0.8722222222222222 34.06896551724138
0.8825 34.175438596491226
0.9 34.01724137931034
0.9241666666666667 33.220338983050844
0.9397222222222222 33.3859649122807
0.9525 33.258620689655174
0.9794444444444445 32.89655172413793
0.9877777777777778 33.10526315789474
1.0216666666666667 32.827586206896555
1.0230555555555556 32.827586206896555
1.0297222222222222 32.62068965517241
1.045 32.62068965517241
1.051111111111111 32.44827586206897
1.068888888888889 32.172413793103445
1.0905555555555555 31.82456140350877
1.1094444444444445 31.70689655172414
1.1241666666666668 31.70689655172414
1.1336111111111111 31.71186440677966
1.1633333333333333 30.67241379310345
1.1730555555555555 30.67241379310345
1.1844444444444444 30.75438596491228
1.2080555555555557 31
1.2233333333333334 30.67241379310345
1.2405555555555556 30.448275862068964
1.2641666666666667 29.92982456140351
1.2766666666666666 29.913793103448278
1.3025 29.56140350877193
1.3155555555555556 29.43103448275862
1.333888888888889 29.17241379310345
1.3566666666666667 28.637931034482758
1.363888888888889 28.637931034482758
1.3855555555555557 28.63157894736842
1.4072222222222222 28.666666666666668
1.4208333333333334 28.379310344827587
1.44 28.035087719298247
1.4555555555555555 28.19298245614035
1.478888888888889 28.137931034482758
1.4994444444444444 28.31578947368421
1.5108333333333333 28.448275862068964
1.5263888888888888 28.42105263157895
1.5480555555555555 28.553571428571427
1.5677777777777777 28.482142857142858
1.5930555555555554 28.545454545454547
1.6055555555555556 28.553571428571427
1.6277777777777778 28.181818181818183
1.6380555555555556 28.636363636363637
1.6633333333333333 28.553571428571427
1.6802777777777778 27.89090909090909
1.7019444444444445 28.10909090909091
1.7097222222222221 28.145454545454545
1.7305555555555556 28.509090909090908
1.7508333333333332 28.454545454545453
1.7661111111111112 28.345454545454544
1.7855555555555556 28.327272727272728
1.8047222222222221 28.054545454545455
1.8233333333333333 28.09090909090909
1.843611111111111 28.12727272727273
1.8563888888888889 28.214285714285715
1.88 28.10909090909091
1.8941666666666668 28.4
1.9083333333333334 28.381818181818183
1.9272222222222222 28.4
1.9491666666666667 28.472727272727273
1.966388888888889 28.618181818181817
1.9897222222222222 28.436363636363637
2.006388888888889 28.472727272727273
2.023888888888889 28.636363636363637
2.0391666666666666 28.654545454545456
2.0555555555555554 28.727272727272727
2.0741666666666667 28.78181818181818
2.0952777777777776 28.509090909090908
2.1141666666666667 28.836363636363636
2.1352777777777776 28.818181818181817
2.148888888888889 29.163636363636364
2.1641666666666666 28.69090909090909
2.187777777777778 28.672727272727272
2.2066666666666666 28.267857142857142
2.227222222222222 28.410714285714285
2.233888888888889 28.527272727272727
2.253888888888889 28.78181818181818
2.2752777777777777 29.01818181818182
2.2933333333333334 29.09090909090909
2.315 29.4
2.3313888888888887 29.345454545454544
2.3475 29.327272727272728
2.3672222222222223 29.545454545454547
2.3916666666666666 29.363636363636363
2.403611111111111 29.436363636363637
2.4219444444444442 29.818181818181817
2.439722222222222 30.10909090909091
2.453611111111111 30.272727272727273
2.472777777777778 30.29090909090909
2.4991666666666665 30.196428571428573
2.511111111111111 30.09090909090909
2.5305555555555554 30.036363636363635
2.546666666666667 30.345454545454544
2.5677777777777777 30.4
2.584722222222222 30.272727272727273
2.6077777777777778 30.272727272727273
2.6213888888888888 30.272727272727273
2.638611111111111 29.69090909090909
2.6494444444444443 29.796296296296298
2.6758333333333333 30.072727272727274
2.693888888888889 29.98148148148148
2.705 29.98148148148148
2.7263888888888888 30.037037037037038
2.7494444444444444 30.203703703703702
2.7730555555555556 30.537037037037038
2.7880555555555557 30.660377358490567
2.8080555555555557 31.314814814814813
2.8194444444444446 31.264150943396228
2.8344444444444443 31.09433962264151
2.8583333333333334 31.27777777777778
2.8761111111111113 31.40740740740741
2.8969444444444443 31.037037037037038
2.9144444444444444 30.74074074074074
2.9319444444444445 30.59259259259259
2.9472222222222224 30.22222222222222
2.960277777777778 30.433962264150942
2.9791666666666665 30.849056603773583
2.9972222222222222 31.25925925925926
3.0191666666666666 31.11320754716981
3.0411111111111113 31.41509433962264
3.056111111111111 31.81132075471698
3.073611111111111 31.75925925925926
3.0877777777777777 31.867924528301888
3.1180555555555554 32.092592592592595
3.13 32.113207547169814
3.158611111111111 32.660377358490564
3.1663888888888887 32.55555555555556
3.2155555555555555 33.22641509433962
3.236388888888889 33.22222222222222
3.2491666666666665 33.22222222222222
3.2711111111111113 32.654545454545456
3.296388888888889 32.18518518518518
3.3069444444444445 32.18518518518518
3.3205555555555555 32
3.3430555555555554 32
3.357222222222222 32
3.3716666666666666 32.0188679245283
3.3941666666666666 32.55555555555556
3.4055555555555554 32.68518518518518
3.4230555555555555 32.679245283018865
3.44 32.867924528301884
3.473611111111111 32.716981132075475
3.495277777777778 32.851851851851855
3.5 32.84905660377358
3.526111111111111 33.05555555555556
3.55 33.14545454545455
3.5588888888888888 32.90909090909091
3.5727777777777776 32.94642857142857
3.6036111111111113 33.07272727272727
3.6125 33.089285714285715
3.638333333333333 33.43636363636364
3.6444444444444444 33.43636363636364
3.6630555555555557 33.54545454545455
3.691388888888889 33.910714285714285
3.7025 33.91228070175438
3.7255555555555557 33.78947368421053
3.7319444444444443 33.78947368421053
3.7508333333333335 33.660714285714285
3.766388888888889 33.80701754385965
3.783888888888889 33.75438596491228
3.8072222222222223 33.333333333333336
3.835277777777778 33.26315789473684
3.8361111111111112 33.26315789473684
3.875 33.55357142857143
3.8880555555555554 33.526315789473685
3.9030555555555555 33.73684210526316
3.9280555555555554 34.375
3.941388888888889 34.982142857142854
3.9472222222222224 34.982142857142854
3.975 34.63157894736842
3.9944444444444445 34.63793103448276
4.01 34.50877192982456
4.025555555555556 34.51724137931034
4.035 34.43859649122807
4.036944444444444 34.43859649122807
4.051944444444445 34.08771929824562
4.0725 34.1578947368421
4.0841666666666665 34.30357142857143
4.106944444444444 33.87719298245614
4.119722222222222 33.824561403508774
4.145277777777777 33.333333333333336
4.163888888888889 33.44642857142857
4.180555555555555 33.280701754385966
4.197777777777778 32.771929824561404
4.215277777777778 33.05263157894737
4.234166666666667 33.05357142857143
4.255277777777778 32.964285714285715
4.273055555555556 33.17857142857143
4.286666666666667 33.589285714285715
4.3052777777777775 33.473684210526315
4.323611111111111 33.19298245614035
4.344166666666666 32.771929824561404
4.363888888888889 32.771929824561404
4.376388888888889 32.280701754385966
4.395277777777777 31.894736842105264
4.42 31.912280701754387
4.436944444444444 31.75438596491228
4.453888888888889 31.803571428571427
4.464722222222222 31.92982456140351
4.486666666666666 31.80701754385965
4.506388888888889 31.54385964912281
4.523055555555556 31.24561403508772
4.5375 30.87272727272727
4.560555555555555 31.29090909090909
4.585277777777778 30.89090909090909
4.591944444444445 30.89090909090909
4.614166666666667 30.482142857142858
4.6275 30.6
4.644444444444445 30.803571428571427
4.664722222222222 30.545454545454547
4.6883333333333335 30.2
4.708611111111111 30.29090909090909
4.723055555555556 30.12727272727273
4.737777777777778 29.963636363636365
4.7575 29.527272727272727
4.781666666666666 29.6
4.791944444444445 29.436363636363637
4.806388888888889 29.272727272727273
4.826944444444444 29.363636363636363
4.842222222222222 29.517857142857142
4.864722222222222 29.236363636363638
4.881666666666667 29.01818181818182
4.907777777777778 28.945454545454545
4.921944444444445 28.745454545454546
4.939444444444445 28.436363636363637
4.960277777777778 28.490909090909092
4.973888888888889 28.6
4.989722222222222 28.345454545454544
5.009444444444444 27.763636363636362
5.033611111111111 27.727272727272727
5.054444444444444 27.98181818181818
5.065277777777778 27.945454545454545
5.080555555555556 27.803571428571427
5.101111111111111 27.745454545454546
5.111111111111111 27.75
5.141944444444444 27.436363636363637
5.155555555555556 27.490909090909092
5.170555555555556 27.436363636363637
5.197777777777778 27.854545454545455
5.209722222222222 27.87272727272727
5.226388888888889 28
5.243611111111111 28.054545454545455
5.272777777777778 28.181818181818183
5.286944444444444 28.036363636363635
5.299722222222222 28.10909090909091
5.318611111111111 28.145454545454545
5.338888888888889 28.036363636363635
5.359444444444445 28.327272727272728
5.370833333333334 28.509090909090908
5.388055555555556 28.745454545454546
5.411944444444444 28.381818181818183
5.426111111111111 28.418181818181818
5.4527777777777775 28.517857142857142
5.465833333333333 28.327272727272728
5.482222222222222 28.418181818181818
5.495833333333334 28.636363636363637
5.522222222222222 28.90909090909091
5.539444444444444 28.732142857142858
5.558333333333334 28.482142857142858
5.574166666666667 28.563636363636363
5.591666666666667 28.833333333333332
5.605833333333333 29.037037037037038
5.624444444444444 29.333333333333332
5.643888888888889 29.09433962264151
5.661388888888889 29.09433962264151
5.686944444444444 29.166666666666668
5.706944444444445 29.01851851851852
5.714722222222222 29.11320754716981
5.732222222222222 29.339622641509433
5.7575 29.830188679245282
5.775555555555556 29.40740740740741
5.791111111111111 29.49056603773585
5.8052777777777775 29.735849056603772
5.825277777777778 29.88679245283019
5.841388888888889 29.830188679245282
5.864166666666667 29.685185185185187
5.8825 29.867924528301888
5.8975 30.132075471698112
5.918888888888889 30.07547169811321
5.939166666666667 30.11111111111111
5.9494444444444445 29.927272727272726
5.9719444444444445 29.5
5.989444444444445 29.660377358490567
6.0136111111111115 30.39622641509434
6.033333333333333 30.85185185185185
6.0375 30.85185185185185
6.0575 30.944444444444443
6.094444444444444 31.09433962264151
6.1097222222222225 30.925925925925927
6.146388888888889 31.41509433962264
6.1675 31.92452830188679
6.174166666666666 31.92452830188679
6.200833333333334 32.111111111111114
6.224444444444444 32
6.241666666666666 32.148148148148145
6.259444444444444 32.094339622641506
6.265555555555555 32.166666666666664
6.296388888888889 32.0188679245283
6.3133333333333335 32.46296296296296
6.330555555555556 32.75471698113208
6.3525 32.83018867924528
6.353888888888889 32.53703703703704
6.392222222222222 32.905660377358494
6.4 33.301886792452834
6.420277777777778 33.320754716981135
6.432777777777778 33.092592592592595
6.4463888888888885 32.611111111111114
6.465277777777778 32.870370370370374
6.500555555555556 33.25454545454546
6.518611111111111 33.32142857142857
6.53 33.32142857142857
6.551388888888889 33.58181818181818
6.561111111111111 33.648148148148145
6.583055555555555 33.660714285714285
6.601111111111111 33.5
6.609166666666667 33.5
6.6386111111111115 33.73684210526316
6.661944444444444 33.473684210526315
6.682777777777778 33.80701754385965
6.689444444444445 33.80701754385965
6.715 33.241379310344826
6.724166666666667 33.241379310344826
6.741388888888889 33.08620689655172
6.763888888888889 32.85964912280702
6.775555555555556 33.3859649122807
6.8075 33.26315789473684
6.81 33.26315789473684
6.836388888888889 33.280701754385966
6.8533333333333335 33.26315789473684
6.880833333333333 33.206896551724135
6.894722222222223 33.03508771929825
6.910833333333334 33.24561403508772
6.921388888888889 32.824561403508774
6.937222222222222 32.96491228070175
6.965277777777778 33.333333333333336
6.9927777777777775 33.6551724137931
6.997222222222222 33.6551724137931
6.998055555555555 33.6551724137931
7.016111111111111 33.5
7.018611111111111 33.5
7.041111111111111 33.228070175438596
7.0680555555555555 32.98245614035088
7.07 32.98245614035088
7.0938888888888885 32.8421052631579
7.114444444444445 32.964285714285715
7.134166666666666 33.01754385964912
7.145555555555555 33.08771929824562
7.168333333333333 32.43859649122807
7.18 32.189655172413794
7.198888888888889 31.771929824561404
7.213611111111111 31.53448275862069
7.2380555555555555 31.719298245614034
7.256388888888889 31.666666666666668
7.275 31.736842105263158
7.29 31.719298245614034
7.315277777777778 31.350877192982455
7.3261111111111115 31.350877192982455
7.348055555555556 31.49122807017544
7.362222222222222 31.80701754385965
7.3758333333333335 31.862068965517242
7.401111111111111 31.140350877192983
7.413333333333333 31.12280701754386
7.4366666666666665 31.140350877192983
7.4575 31.50877192982456
7.471388888888889 31.42105263157895
7.488611111111111 31.482758620689655
7.509166666666666 31.232142857142858
7.526388888888889 31.074074074074073
7.541388888888889 30.943396226415093
7.558333333333334 30.943396226415093
7.581944444444445 30.823529411764707
7.596388888888889 30.92
7.615833333333334 30.73469387755102
7.635833333333333 30.520833333333332
7.646388888888889 30.80851063829787
7.670833333333333 30.52173913043478
7.689444444444445 30.57777777777778
7.706111111111111 30.818181818181817
7.729722222222223 31.25581395348837
7.742222222222222 31.285714285714285
7.7625 31.097560975609756
7.776666666666666 30.85
7.798611111111111 30.871794871794872
7.813611111111111 30.871794871794872
7.835555555555556 30.54054054054054
7.852222222222222 30.22222222222222
7.871111111111111 30.228571428571428
7.885277777777778 30.705882352941178
7.907777777777778 30.484848484848484
7.921388888888889 31
7.944166666666667 31.06451612903226
7.959444444444444 30.733333333333334
7.978055555555556 30.551724137931036
7.998055555555555 30.428571428571427
