# SectorTime OrdersPlaced
0 892.2020574409577
0 892.2020574409577
0 892.2020574409577
0 892.2020574409577
0 892.2020574409577
0 892.2020574409577
0 892.2020574409577
0 892.2020574409577
0 892.2020574409577
0 892.2020574409577
0 892.2020574409577
0 892.2020574409577
0 892.2020574409577
0 892.2020574409577
0 892.2020574409577
0 892.2020574409577
0 892.2020574409577
0 892.2020574409577
0 892.2020574409577
0 892.2020574409577
0 892.2020574409577
0 892.2020574409577
0 892.2020574409577
0 892.2020574409577
0 892.2020574409577
0 892.2020574409577
0 892.2020574409577
0 892.2020574409577
0 892.2020574409577
0 892.2020574409577
0 892.2020574409577
0 892.2020574409577
0 892.2020574409577
0 892.2020574409577
0 892.2020574409577
0 892.2020574409577
0 892.2020574409577
0 892.2020574409577
0 892.2020574409577
0 892.2020574409577
0 892.2020574409577
0 892.2020574409577
0 892.2020574409577
0 892.2020574409577
0 892.2020574409577
0 892.2020574409577
0 892.2020574409577
0 892.2020574409577
0 892.2020574409577
0 892.2020574409577
0 892.2020574409577
0 892.2020574409577
0 892.2020574409577
0 892.2020574409577
0 892.2020574409577
0.010597222222222221 891.306848446095
0.010597222222222221 891.306848446095
0.010611111111111111 891.306848446095
0.012088888888888889 891.306848446095
0.012763888888888889 891.306848446095
0.012880555555555555 891.306848446095
0.015658333333333333 891.306848446095
0.01845 891.306848446095
0.018733333333333334 891.306848446095
0.021302777777777778 889.0760629524841
0.021302777777777778 889.0760629524841
0.021722222222222223 889.0760629524841
0.024080555555555556 889.0760629524841
0.024091666666666667 889.0760629524841
0.024163888888888888 889.0760629524841
0.02689722222222222 889.0760629524841
0.02716111111111111 889.0760629524841
0.027380555527777777 889.0760629524841
0.02966111111111111 889.0760629524841
0.02966111111111111 889.0760629524841
0.029719444444444444 889.0760629524841
0.029766666666666667 889.0760629524841
0.030041666666666668 889.0760629524841
0.030227777777777777 889.0760629524841
0.03255555555555555 889.0760629524841
0.0326 889.0760629524841
0.03305277777777778 889.0760629524841
0.035244444444444446 889.0760629524841
0.035352777777777775 889.0760629524841
0.03584166666666667 889.0760629524841
0.03813333333333333 885.7682217625695
0.038155555555555554 885.7682217625695
0.03839722222222222 885.7682217625695
0.03855833333333333 885.7682217625695
0.040933333333333335 885.7682217625695
0.040933333333333335 885.7682217625695
0.041291666666666664 885.7682217625695
0.04139444444444444 885.7682217625695
0.04375 885.7682217625695
0.04376111111111111 885.7682217625695
0.04653888888888889 885.7682217625695
0.04653888888888889 885.7682217625695
0.04653888888888889 885.7682217625695
0.047030555555555555 885.7682217625695
0.04969999997222222 885.7682217625695
0.05213333333333333 885.7682217625695
0.05248888888888889 885.7682217625695
0.052644444444444445 885.7682217625695
0.052658333333333335 885.7682217625695
0.054919444444444444 882.9802039495396
0.054919444444444444 882.9802039495396
0.054919444444444444 882.9802039495396
0.054966666666666664 882.9802039495396
0.05538333333333333 882.9802039495396
0.05543611111111111 882.9802039495396
0.055447222222222224 882.9802039495396
0.057744444444444445 882.9802039495396
0.057744444444444445 882.9802039495396
0.057744444444444445 882.9802039495396
0.05821388888888889 882.9802039495396
0.060533333333333335 882.9802039495396
0.06339166666666667 882.9802039495396
0.06378055555555555 882.9802039495396
0.06382222222222222 882.9802039495396
0.06385833333333334 882.9802039495396
0.06616944444444445 882.9802039495396
0.06616944444444445 882.9802039495396
0.06616944444444445 882.9802039495396
0.06661111111111111 882.9802039495396
0.06896666666666666 882.9802039495396
0.069 882.9802039495396
0.06938888888888889 882.9802039495396
0.06940277777777777 882.9802039495396
0.07177777777777777 881.2512891942567
0.07218055555555555 881.2512891942567
0.07222222222222222 881.2512891942567
0.07500555555555556 881.2512891942567
0.07501666666666666 881.2512891942567
0.07736388888888888 881.2512891942567
0.07736388888888888 881.2512891942567
0.07736388888888888 881.2512891942567
0.07781388888888889 881.2512891942567
0.08022777777777777 881.2512891942567
0.08022777777777777 881.2512891942567
0.08303888888888888 881.2512891942567
0.08303888888888888 881.2512891942567
0.08309166666666666 881.2512891942567
0.08335833330555556 881.2512891942567
0.085875 881.2512891942567
0.08588888888888889 881.2512891942567
0.08628888888888889 876.595559127428
0.08866944444444444 876.595559127428
0.08866944444444444 876.595559127428
0.09188055555555555 876.595559127428
0.0942111111111111 876.595559127428
0.094275 876.595559127428
0.09448611111111112 876.595559127428
0.09475833333333333 876.595559127428
0.09701388888888889 876.595559127428
0.09701388888888889 876.595559127428
0.09716944444444445 876.595559127428
0.09755 876.595559127428
0.09991388888888889 876.595559127428
0.09991388888888889 876.595559127428
0.09991388888888889 876.595559127428
0.10284444444444445 876.595559127428
0.1029 874.2631669503529
0.10298055555555556 874.2631669503529
0.10553055555555556 874.2631669503529
0.10579444444444444 874.2631669503529
0.10833333333333334 874.2631669503529
0.10863888888888888 874.2631669503529
0.11112222222222222 874.2631669503529
0.11112222222222222 874.2631669503529
0.11126111111111112 874.2631669503529
0.11406944444444445 874.2631669503529
0.11679722222222222 874.2631669503529
0.11679722222222222 874.2631669503529
0.11705555555555555 874.2631669503529
0.11709722222222223 874.2631669503529
0.1196 870.3157481837305
0.1196 870.3157481837305
0.119675 870.3157481837305
0.11984444444444445 870.3157481837305
0.11988611111111111 870.3157481837305
0.12239166666666666 870.3157481837305
0.12239166666666666 870.3157481837305
0.12250277777777778 870.3157481837305
0.12266388888888889 870.3157481837305
0.122675 870.3157481837305
0.12528055555555556 870.3157481837305
0.12528055555555556 870.3157481837305
0.12528055555555556 870.3157481837305
0.128075 870.3157481837305
0.128075 870.3157481837305
0.13090277777777778 870.3157481837305
0.13090277777777778 870.3157481837305
0.13100833333333334 870.3157481837305
0.1311277777777778 870.3157481837305
0.13363055555555556 870.3157481837305
0.13363055555555556 870.3157481837305
0.13381666666666667 870.3157481837305
0.13641944444444445 866.3038552534848
0.13641944444444445 866.3038552534848
0.13923611111111112 866.3038552534848
0.13923611111111112 866.3038552534848
0.13924722222222222 866.3038552534848
0.139475 866.3038552534848
0.14214444444444443 866.3038552534848
0.1423 866.3038552534848
0.142575 866.3038552534848
0.14480277777777778 866.3038552534848
0.14480277777777778 866.3038552534848
0.1449 866.3038552534848
0.1449361111111111 866.3038552534848
0.14825833333333333 866.3038552534848
0.15045833333333333 866.3038552534848
0.15066666666666667 866.3038552534848
0.1533861111111111 864.2857029026455
0.1533861111111111 864.2857029026455
0.15353333333333333 864.2857029026455
0.15393055555555554 864.2857029026455
0.1560388888888889 864.2857029026455
0.1560388888888889 864.2857029026455
0.1560388888888889 864.2857029026455
0.15619166666666667 864.2857029026455
0.15635555555555555 864.2857029026455
0.1590388888888889 864.2857029026455
0.15925 864.2857029026455
0.16169166666666668 864.2857029026455
0.16170277777777778 864.2857029026455
0.16442222222222222 864.2857029026455
0.16442222222222222 864.2857029026455
0.16461111111111112 864.2857029026455
0.16485 864.2857029026455
0.16518333333333332 864.2857029026455
0.16725833333333334 864.2857029026455
0.16808333333333333 864.2857029026455
0.17004999997222223 862.2221842671626
0.17013055555555556 862.2221842671626
0.17029166666666667 862.2221842671626
0.17043333330555555 862.2221842671626
0.17291944444444443 862.2221842671626
0.17291944444444443 862.2221842671626
0.17329444444444445 862.2221842671626
0.17366111108333335 862.2221842671626
0.1756861111111111 862.2221842671626
0.17608333333333334 862.2221842671626
0.17860555555555555 862.2221842671626
0.1815 862.2221842671626
0.181675 862.2221842671626
0.18708611111111112 859.4638476040996
0.18708611111111112 859.4638476040996
0.18708611111111112 859.4638476040996
0.18708611111111112 859.4638476040996
0.18725 859.4638476040996
0.19039166666666665 859.4638476040996
0.19290555555555555 859.4638476040996
0.19290555555555555 859.4638476040996
0.19546944444444445 859.4638476040996
0.19670277777777778 859.4638476040996
0.19873888888888888 859.4638476040996
0.19957222222222223 859.4638476040996
0.201025 859.4638476040996
0.2010916666388889 859.4638476040996
0.20401944444444445 857.2035251969205
0.20401944444444445 857.2035251969205
0.20401944444444445 857.2035251969205
0.20404166666666668 857.2035251969205
0.2051388888888889 857.2035251969205
0.2051388888888889 857.2035251969205
0.20681944444444444 857.2035251969205
0.20687777777777777 857.2035251969205
0.20713333330555556 857.2035251969205
0.20951666666666666 857.2035251969205
0.20965555555555557 857.2035251969205
0.21003611111111112 857.2035251969205
0.2123416666388889 857.2035251969205
0.21244444444444444 857.2035251969205
0.21522222222222223 857.2035251969205
0.21533888888888889 857.2035251969205
0.21796944444444444 857.2035251969205
0.21809166666666666 857.2035251969205
0.21814444444444445 857.2035251969205
0.21915 857.2035251969205
0.2207861111111111 853.3734069813362
0.22092222222222221 853.3734069813362
0.22204722222222223 853.3734069813362
0.22404166666666667 853.3734069813362
0.224875 853.3734069813362
0.22650833330555556 853.3734069813362
0.22650833330555556 853.3734069813362
0.22961944444444443 853.3734069813362
0.23193333333333332 853.3734069813362
0.23241666666666666 853.3734069813362
0.23321944444444445 853.3734069813362
0.23323611111111112 853.3734069813362
0.23601388888888888 853.3734069813362
0.23601388888888888 853.3734069813362
0.2377277777777778 851.8331407353319
0.24038333333333334 851.8331407353319
0.24038333333333334 851.8331407353319
0.24053333333333332 851.8331407353319
0.24161388888888888 851.8331407353319
0.24327222222222222 851.8331407353319
0.24327222222222222 851.8331407353319
0.24333333333333335 851.8331407353319
0.24358611111111111 851.8331407353319
0.24608888888888888 851.8331407353319
0.24608888888888888 851.8331407353319
0.2461111111111111 851.8331407353319
0.24648055555555556 851.8331407353319
0.2489 851.8331407353319
0.24891388888888888 851.8331407353319
0.25169166666666665 851.8331407353319
0.25169166666666665 851.8331407353319
0.25169166666666665 851.8331407353319
0.2528722222222222 851.8331407353319
0.253825 848.6932634529252
0.25446944444444447 848.6932634529252
0.2546083333333333 848.6932634529252
0.2555972222222222 848.6932634529252
0.25745833333333334 848.6932634529252
0.2585722222222222 848.6932634529252
0.26005555555555554 848.6932634529252
0.26011666666666666 848.6932634529252
0.2602888888888889 848.6932634529252
0.26137777777777776 848.6932634529252
0.26229166666666665 848.6932634529252
0.26289444444444443 848.6932634529252
0.263125 848.6932634529252
0.26416666666666666 848.6932634529252
0.2650888888888889 848.6932634529252
0.26569444444444446 848.6932634529252
0.2659222222222222 848.6932634529252
0.26788055555555557 848.6932634529252
0.2698388888888889 848.6932634529252
0.2706722222222222 846.2972605629254
0.27134444444444444 846.2972605629254
0.27139722222222223 846.2972605629254
0.2714972222222222 846.2972605629254
0.27263055555555554 846.2972605629254
0.2734638888888889 846.2972605629254
0.273475 846.2972605629254
0.27423055555555553 846.2972605629254
0.2769277777777778 846.2972605629254
0.27903055555555556 846.2972605629254
0.2798083333333333 846.2972605629254
0.2798583333333333 846.2972605629254
0.28102222222222223 846.2972605629254
0.2818555555555556 846.2972605629254
0.28200833333333336 846.2972605629254
0.2826888888888889 846.2972605629254
0.28381944444444446 846.2972605629254
0.2846472222222222 846.2972605629254
0.285375 846.2972605629254
0.285375 846.2972605629254
0.2867138888888889 841.15600579606
0.28744722222222224 841.15600579606
0.28825833333333334 841.15600579606
0.28825833333333334 841.15600579606
0.28825833333333334 841.15600579606
0.2895583333333333 841.15600579606
0.29105 841.15600579606
0.29105 841.15600579606
0.29105 841.15600579606
0.2923777777777778 841.15600579606
0.29312777777777776 841.15600579606
0.2980055555555556 841.15600579606
0.29944166666666666 841.15600579606
0.2995055555555556 841.15600579606
0.3022944444444444 841.15600579606
0.3022944444444444 841.15600579606
0.30241111111111113 841.15600579606
0.3029527777777778 841.15600579606
0.30488333333333334 837.7010693791219
0.3051888888888889 837.7010693791219
0.307675 837.7010693791219
0.30796666666666667 837.7010693791219
0.30807222222222225 837.7010693791219
0.3096777777777778 837.7010693791219
0.3105111111111111 837.7010693791219
0.313325 837.7010693791219
0.3135611111111111 837.7010693791219
0.31369166666666665 837.7010693791219
0.31480555555555556 837.7010693791219
0.3154222222222222 837.7010693791219
0.3162 837.7010693791219
0.3162 837.7010693791219
0.3164388888888889 837.7010693791219
0.31653888888888887 837.7010693791219
0.3192277777777778 837.7010693791219
0.31932777777777777 837.7010693791219
0.3218972222222222 833.3357068066008
0.3218972222222222 833.3357068066008
0.3249138888888889 833.3357068066008
0.3259861111111111 833.3357068066008
0.3259861111111111 833.3357068066008
0.3274916666666667 833.3357068066008
0.3278 833.3357068066008
0.3288388888888889 833.3357068066008
0.3288388888888889 833.3357068066008
0.3303611111111111 833.3357068066008
0.33066666666666666 833.3357068066008
0.33163055552777776 833.3357068066008
0.33163055552777776 833.3357068066008
0.3316972221944444 833.3357068066008
0.33335555555555557 833.3357068066008
0.3335055555277778 833.3357068066008
0.3342333333333333 833.3357068066008
0.3344861111111111 833.3357068066008
0.33636666666666665 833.3357068066008
0.33726388888888886 829.7942126179275
0.34009999997222223 829.7942126179275
0.34009999997222223 829.7942126179275
0.34175555555555553 829.7942126179275
0.34299444444444444 829.7942126179275
0.34299444444444444 829.7942126179275
0.34305277777777776 829.7942126179275
0.3431444444444444 829.7942126179275
0.34818055555555555 829.7942126179275
0.34818055555555555 829.7942126179275
0.3487138888611111 829.7942126179275
0.35151666666666664 829.7942126179275
0.3529083333333333 829.7942126179275
0.3531666666666667 829.7942126179275
0.3532527777777778 829.7942126179275
0.3541861111111111 827.017505328056
0.35701666666666665 827.017505328056
0.35851944444444445 827.017505328056
0.3585333333333333 827.017505328056
0.3587472222222222 827.017505328056
0.35985 827.017505328056
0.35986388888888887 827.017505328056
0.36131944444444447 827.017505328056
0.3615833333333333 827.017505328056
0.36162222222222223 827.017505328056
0.36421944444444443 827.017505328056
0.3644 827.017505328056
0.36441111111111113 827.017505328056
0.3654722222222222 827.017505328056
0.36704722219444447 827.017505328056
0.36720277777777777 827.017505328056
0.3682694444444444 827.017505328056
0.3688194444444444 827.017505328056
0.3698388888888889 827.017505328056
0.3698388888888889 827.017505328056
0.37169444444444444 827.017505328056
0.3726277777777778 827.017505328056
0.3743916666666667 827.017505328056
0.3743916666666667 827.017505328056
0.37556666666666666 827.017505328056
0.37666944444444445 827.017505328056
0.3773388888888889 827.017505328056
0.37819722222222224 827.017505328056
0.37819722222222224 827.017505328056
0.37835833333333335 827.017505328056
0.37945833333333334 827.017505328056
0.38101111111111113 827.017505328056
0.3810722221944444 827.017505328056
0.38290555555555555 827.017505328056
0.38384999997222224 827.017505328056
0.38384999997222224 827.017505328056
0.3839861111111111 827.017505328056
0.38571666666666665 827.017505328056
0.38666944444444445 827.017505328056
0.38784722222222223 827.017505328056
0.3885638888888889 827.017505328056
0.38945833333333335 827.017505328056
0.38965833333333333 827.017505328056
0.39063888888888887 827.017505328056
0.39255277777777775 827.017505328056
0.39255277777777775 827.017505328056
0.39255277777777775 827.017505328056
0.39342777777777777 827.017505328056
0.39620555555555553 827.017505328056
0.39784444444444444 827.017505328056
0.400625 827.017505328056
0.4006388888888889 827.017505328056
0.4045638888888889 827.017505328056
0.4065722222222222 827.017505328056
0.40739722222222224 827.017505328056
0.4089833333333333 827.017505328056
0.4093833333333333 827.017505328056
0.4102166666666667 827.017505328056
0.4102166666666667 827.017505328056
0.41217777777777775 827.017505328056
0.4130083333333333 827.017505328056
0.41455 827.017505328056
0.4149777777777778 827.017505328056
0.41572777775 827.017505328056
0.41851944444444444 827.017505328056
0.41858055555555557 827.017505328056
0.4195027777777778 827.017505328056
0.42135833333333333 827.017505328056
0.42236388888888887 827.017505328056
0.4241361111111111 827.017505328056
0.42415555555555556 827.017505328056
0.42435833333333334 827.017505328056
0.4269527777777778 827.017505328056
0.4271 827.017505328056
0.42971944444444443 827.017505328056
0.43166944444444444 827.017505328056
0.4325222222222222 827.017505328056
0.43548333333333333 827.017505328056
0.438075 825.9778443032076
0.43827222222222223 825.9778443032076
0.43906666666666666 825.9778443032076
0.440925 825.9778443032076
0.440925 825.9778443032076
0.44106388888888887 825.9778443032076
0.4453805555277778 825.9778443032076
0.4456805555555556 825.9778443032076
0.44653333333333334 825.9778443032076
0.44850555552777777 825.9778443032076
0.4509722222222222 825.9778443032076
0.45155 825.9778443032076
0.4521166666388889 825.9778443032076
0.4523249999722222 825.9778443032076
0.4538611111111111 825.9778443032076
0.45444444444444443 825.9778443032076
0.455 825.9778443032076
0.4551138888888889 825.9778443032076
0.4565472222222222 825.9778443032076
0.45665 825.9778443032076
0.4578361111111111 825.9778443032076
0.45794999997222224 825.9778443032076
0.4593833333333333 825.9778443032076
0.4608 825.9778443032076
0.46219166666666667 825.9778443032076
0.46219166666666667 825.9778443032076
0.4628027777777778 825.9778443032076
0.46341944444444444 825.9778443032076
0.4650444444444444 825.9778443032076
0.46715 825.9778443032076
0.469225 825.9778443032076
0.4706222222222222 825.9778443032076
0.4706972222222222 825.9778443032076
0.471175 825.9778443032076
0.4762527777777778 825.9778443032076
0.47631944444444446 825.9778443032076
0.4784 825.9778443032076
0.47909722222222223 825.9778443032076
0.48035555555555554 825.9778443032076
0.4811916666666667 825.9778443032076
0.4812194444444444 825.9778443032076
0.48399722222222225 825.9778443032076
0.48399722222222225 825.9778443032076
0.48413333333333336 825.9778443032076
0.4863166666666667 825.9778443032076
0.48875833333333335 825.9778443032076
0.4915111111111111 825.9778443032076
0.49249166666666666 825.9778443032076
0.4925027777777778 825.9778443032076
0.49306666666666665 825.9778443032076
0.49467222222222224 825.9778443032076
0.49467222222222224 825.9778443032076
0.49530833333333335 825.9778443032076
0.49806944444444445 825.9778443032076
0.4981083333333333 825.9778443032076
0.49985833333333335 825.9778443032076
0.5003138888888888 799.5540990998992
0.500925 799.5540990998992
0.5193444444444445 794.733884414698
0.5193444444444445 794.733884414698
0.5193444444444445 794.733884414698
0.5193444444444445 794.733884414698
0.5193444444444445 794.733884414698
0.5361027777777778 782.772429992698
0.5361027777777778 782.772429992698
0.5361027777777778 782.772429992698
0.5361027777777778 782.772429992698
0.5361027777777778 782.772429992698
0.5361027777777778 782.772429992698
0.5527333333333333 773.1132454219107
0.5527333333333333 773.1132454219107
0.5527333333333333 773.1132454219107
0.5527333333333333 773.1132454219107
0.5527333333333333 773.1132454219107
0.5695138888888889 760.9592510757548
0.5695138888888889 760.9592510757548
0.5695138888888889 760.9592510757548
0.5862361111111111 752.5033274361039
0.5862361111111111 752.5033274361039
0.5862361111111111 752.5033274361039
0.5862361111111111 752.5033274361039
0.5862361111111111 752.5033274361039
0.5862361111111111 752.5033274361039
0.5862361111111111 752.5033274361039
0.5862361111111111 752.5033274361039
0.6028638888888889 744.5069733011496
0.6028638888888889 744.5069733011496
0.6028638888888889 744.5069733011496
0.6028638888888889 744.5069733011496
0.6195972222222222 736.2696250926602
0.6195972222222222 736.2696250926602
0.6195972222222222 736.2696250926602
0.6195972222222222 736.2696250926602
0.6195972222222222 736.2696250926602
0.6195972222222222 736.2696250926602
0.6363722222222222 725.4610807731971
0.6363722222222222 725.4610807731971
0.6363722222222222 725.4610807731971
0.6363722222222222 725.4610807731971
0.6363722222222222 725.4610807731971
0.6363722222222222 725.4610807731971
0.6530361111111112 717.4990899173047
0.6530361111111112 717.4990899173047
0.6530361111111112 717.4990899173047
0.6697638888888889 707.6223528987282
0.6697638888888889 707.6223528987282
0.6697638888888889 707.6223528987282
0.6865305555555555 701.2767182527397
0.6865305555555555 701.2767182527397
0.6865305555555555 701.2767182527397
0.6865305555555555 701.2767182527397
0.7032083333333333 692.8921964333675
0.7032083333333333 692.8921964333675
0.7032083333333333 692.8921964333675
0.719925 683.2532250623567
0.719925 683.2532250623567
0.719925 683.2532250623567
0.719925 683.2532250623567
0.719925 683.2532250623567
0.7365888888611111 676.3870588056179
0.7365888888611111 676.3870588056179
0.7533194444444444 667.0994365139911
0.7533194444444444 667.0994365139911
0.7533194444444444 667.0994365139911
0.7533194444444444 667.0994365139911
0.7699666666666667 657.5072760521431
0.7699666666666667 657.5072760521431
0.7699666666666667 657.5072760521431
0.7866416666666667 644.97464918576
0.7866416666666667 644.97464918576
0.7866416666666667 644.97464918576
0.7866416666666667 644.97464918576
0.7866416666666667 644.97464918576
0.7866416666666667 644.97464918576
0.8032777777777778 634.8072912529002
0.8032777777777778 634.8072912529002
0.8032777777777778 634.8072912529002
0.8032777777777778 634.8072912529002
0.8199444444444445 624.0586278453673
0.8199444444444445 624.0586278453673
0.8199444444444445 624.0586278453673
0.8199444444444445 624.0586278453673
0.8199444444444445 624.0586278453673
0.836725 611.7897728872721
0.836725 611.7897728872721
0.836725 611.7897728872721
0.836725 611.7897728872721
0.8534222222222222 598.8379092444388
0.8534222222222222 598.8379092444388
0.8534222222222222 598.8379092444388
0.9367555555555556 514.1413795122661
1.0200888888888888 393.44415432156126
1.1034222222222223 328.371610986272
1.1867555555555556 261.1144329937117
1.2700888888888888 195.52540815999635
1.3534222222222223 70.01083593320202
1.4367555555555556 28.126126120073856
1.5200888888888888 16.572420108402476
1.6034222222222223 9.771198407467306
1.6867555555555556 5.001744803109119
1.7700888888888888 1.951560803583592
1.8534222222222223 0.23076923076923084
1.9367555555555556 0
2.020088888888889 0
2.103422222222222 21.40733094133647
2.1867555555555556 47.62438933597859
2.270088888888889 79.66319188573331
2.353422222222222 117.17923281784813
2.4367555555555556 159.18275031468195
2.520088888888889 202.48331059965946
2.603422222222222 585.58764791023
2.6867555555555556 592.2508241550876
2.770088888888889 601.1637746750699
2.853422222222222 610.5431624417567
2.9367555555555556 618.1860100918284
3.020088888888889 623.2580307891064
3.050925 625.1736646971831
3.050925 625.1736646971831
3.050925 625.1736646971831
3.050925 625.1736646971831
3.050925 625.1736646971831
3.050925 625.1736646971831
3.050925 625.1736646971831
3.050925 625.1736646971831
3.050925 625.1736646971831
3.050925 625.1736646971831
3.050925 625.1736646971831
3.050925 625.1736646971831
3.050925 625.1736646971831
3.050925 625.1736646971831
3.050925 625.1736646971831
3.050925 625.1736646971831
3.050925 625.1736646971831
3.050925 625.1736646971831
3.050925 625.1736646971831
3.050925 625.1736646971831
3.050925 625.1736646971831
3.050925 625.1736646971831
3.050925 625.1736646971831
3.050925 625.1736646971831
3.050925 625.1736646971831
3.050925 625.1736646971831
3.050925 625.1736646971831
3.050925 625.1736646971831
3.050925 625.1736646971831
3.050925 625.1736646971831
3.050925 625.1736646971831
3.050925 625.1736646971831
3.050925 625.1736646971831
3.050925 625.1736646971831
3.050925 625.1736646971831
3.050925 625.1736646971831
3.050925 625.1736646971831
3.050925 625.1736646971831
3.050925 625.1736646971831
3.050925 625.1736646971831
3.050925 625.1736646971831
3.050925 625.1736646971831
3.050925 625.1736646971831
3.050925 625.1736646971831
3.050925 625.1736646971831
3.050925 625.1736646971831
3.050925 625.1736646971831
3.050925 625.1736646971831
3.050925 625.1736646971831
3.050925 625.1736646971831
3.050925 625.1736646971831
3.050925 625.1736646971831
3.050925 625.1736646971831
3.050925 625.1736646971831
3.050925 625.1736646971831
3.050925 625.1736646971831
3.050925 625.1736646971831
3.050925 625.1736646971831
3.050925 625.1736646971831
3.050925 625.1736646971831
3.050925 625.1736646971831
3.050925 625.1736646971831
3.050925 625.1736646971831
3.050925 625.1736646971831
3.050925 625.1736646971831
3.050925 625.1736646971831
3.050925 625.1736646971831
3.050925 625.1736646971831
3.050925 625.1736646971831
3.050925 625.1736646971831
3.050925 625.1736646971831
3.050925 625.1736646971831
3.050925 625.1736646971831
3.050925 625.1736646971831
3.050925 625.1736646971831
3.050925 625.1736646971831
3.050925 625.1736646971831
3.050925 625.1736646971831
3.050925 625.1736646971831
3.050925 625.1736646971831
3.050925 625.1736646971831
3.050925 625.1736646971831
3.050925 625.1736646971831
3.050925 625.1736646971831
3.050925 625.1736646971831
3.050925 625.1736646971831
3.050925 625.1736646971831
3.050925 625.1736646971831
3.050925 625.1736646971831
3.050925 625.1736646971831
3.050925 625.1736646971831
3.050925 625.1736646971831
3.050925 625.1736646971831
3.050925 625.1736646971831
3.050925 625.1736646971831
3.050925 625.1736646971831
3.050925 625.1736646971831
3.050925 625.1736646971831
3.050925 625.1736646971831
3.050925 625.1736646971831
3.050925 625.1736646971831
3.050925 625.1736646971831
3.050925 625.1736646971831
3.050925 625.1736646971831
3.050925 625.1736646971831
3.050925 625.1736646971831
3.050925 625.1736646971831
3.050925 625.1736646971831
3.050925 625.1736646971831
3.050925 625.1736646971831
3.050925 625.1736646971831
3.050925 625.1736646971831
3.050925 625.1736646971831
3.050925 625.1736646971831
3.050925 625.1736646971831
3.050925 625.1736646971831
3.050925 625.1736646971831
3.050925 625.1736646971831
3.050925 625.1736646971831
3.050925 625.1736646971831
3.050925 625.1736646971831
3.050925 625.1736646971831
3.050925 625.1736646971831
3.050925 625.1736646971831
3.050925 625.1736646971831
3.050925 625.1736646971831
3.050925 625.1736646971831
3.050925 625.1736646971831
3.050925 625.1736646971831
3.050925 625.1736646971831
3.050925 625.1736646971831
3.050925 625.1736646971831
3.050925 625.1736646971831
3.050925 625.1736646971831
3.050925 625.1736646971831
3.050925 625.1736646971831
3.050925 625.1736646971831
3.050925 625.1736646971831
3.050925 625.1736646971831
3.050925 625.1736646971831
3.050925 625.1736646971831
3.050925 625.1736646971831
3.050925 625.1736646971831
3.050925 625.1736646971831
3.050925 625.1736646971831
3.050925 625.1736646971831
3.050925 625.1736646971831
3.050925 625.1736646971831
3.050925 625.1736646971831
3.050925 625.1736646971831
3.050925 625.1736646971831
3.050925 625.1736646971831
3.050925 625.1736646971831
3.050925 625.1736646971831
3.050925 625.1736646971831
3.050925 625.1736646971831
3.050925 625.1736646971831
3.050925 625.1736646971831
3.050925 625.1736646971831
3.050925 625.1736646971831
3.050925 625.1736646971831
3.050925 625.1736646971831
3.050925 625.1736646971831
3.050925 625.1736646971831
3.050925 625.1736646971831
3.050925 625.1736646971831
3.050925 625.1736646971831
3.050925 625.1736646971831
3.050925 625.1736646971831
3.050925 625.1736646971831
3.050925 625.1736646971831
3.050925 625.1736646971831
3.050925 625.1736646971831
3.050925 625.1736646971831
3.050925 625.1736646971831
3.050925 625.1736646971831
3.050925 625.1736646971831
3.050925 625.1736646971831
3.050925 625.1736646971831
3.050925 625.1736646971831
3.050925 625.1736646971831
3.050925 625.1736646971831
3.050925 625.1736646971831
3.050925 625.1736646971831
3.050925 625.1736646971831
3.050925 625.1736646971831
3.050925 625.1736646971831
3.050925 625.1736646971831
3.050925 625.1736646971831
3.050925 625.1736646971831
3.050925 625.1736646971831
3.050925 625.1736646971831
3.050925 625.1736646971831
3.050925 625.1736646971831
3.050925 625.1736646971831
3.050925 625.1736646971831
3.050925 625.1736646971831
3.050925 625.1736646971831
3.050925 625.1736646971831
3.050925 625.1736646971831
3.0509944444444446 625.1736646971831
3.0509944444444446 625.1736646971831
3.0509944444444446 625.1736646971831
3.0509944444444446 625.1736646971831
3.0509944444444446 625.1736646971831
3.0509944444444446 625.1736646971831
3.0509944444444446 625.1736646971831
3.0509944444444446 625.1736646971831
3.0509944444444446 625.1736646971831
3.0509944444444446 625.1736646971831
3.0509944444444446 625.1736646971831
3.0509944444444446 625.1736646971831
3.0509944444444446 625.1736646971831
3.0509944444444446 625.1736646971831
3.0509944444444446 625.1736646971831
3.0509944444444446 625.1736646971831
3.0509944444444446 625.1736646971831
3.0509944444444446 625.1736646971831
3.0509944444444446 625.1736646971831
3.0509944444444446 625.1736646971831
3.0509944444444446 625.1736646971831
3.0509944444444446 625.1736646971831
3.0509944444444446 625.1736646971831
3.0509944444444446 625.1736646971831
3.0509944444444446 625.1736646971831
3.0509944444444446 625.1736646971831
3.0509944444444446 625.1736646971831
3.0509944444444446 625.1736646971831
3.0509944444444446 625.1736646971831
3.0509944444444446 625.1736646971831
3.0509944444444446 625.1736646971831
3.0509944444444446 625.1736646971831
3.0509944444444446 625.1736646971831
3.0509944444444446 625.1736646971831
3.0509944444444446 625.1736646971831
3.0509944444444446 625.1736646971831
3.0509944444444446 625.1736646971831
3.0509944444444446 625.1736646971831
3.0509944444444446 625.1736646971831
3.0509944444444446 625.1736646971831
3.0509944444444446 625.1736646971831
3.0509944444444446 625.1736646971831
3.0509944444444446 625.1736646971831
3.0509944444444446 625.1736646971831
3.0509944444444446 625.1736646971831
3.0509944444444446 625.1736646971831
3.0509944444444446 625.1736646971831
3.0509944444444446 625.1736646971831
3.0509944444444446 625.1736646971831
3.0509944444444446 625.1736646971831
3.0509944444444446 625.1736646971831
3.0509944444444446 625.1736646971831
3.0509944444444446 625.1736646971831
3.0509944444444446 625.1736646971831
3.0509944444444446 625.1736646971831
3.063527777777778 625.1736646971831
3.0663194444444444 625.1736646971831
3.06645 625.1736646971831
3.0692138888888887 625.1736646971831
3.0719 625.1736646971831
3.0721555555555558 625.1736646971831
3.074688888861111 622.9426345729528
3.0748416666666665 622.9426345729528
3.0750027777777778 622.9426345729528
3.0805277777777778 622.9426345729528
3.0805833333333332 622.9426345729528
3.083327777777778 622.9426345729528
3.083327777777778 622.9426345729528
3.0834361111111113 622.9426345729528
3.091677777777778 621.6131980698498
3.094175 621.6131980698498
3.094175 621.6131980698498
3.0970194444444443 621.6131980698498
3.099833333333333 621.6131980698498
3.099833333333333 621.6131980698498
3.099911111111111 621.6131980698498
3.1015166666388887 621.6131980698498
3.102361111111111 621.6131980698498
3.105602777777778 622.2082030886235
3.105602777777778 622.2082030886235
3.105863888888889 622.2082030886235
3.1065194444444444 619.0641612991616
3.1087416666666665 619.0641612991616
3.11005 619.0641612991616
3.1120888888888887 619.0641612991616
3.1145305555555556 619.0641612991616
3.1173555555555557 619.0641612991616
3.1173555555555557 619.0641612991616
3.1173888888888888 619.0641612991616
3.1226944444444444 619.0641612991616
3.1254833333333334 617.7277347189938
3.1254833333333334 617.7277347189938
3.125802777777778 617.7277347189938
3.1259055555555557 617.7277347189938
3.1286833333333335 617.7277347189938
3.1287333333333334 617.7277347189938
3.1299111111111113 617.7277347189938
3.131483333333333 617.7277347189938
3.1327333333333334 617.7277347189938
3.137086111111111 617.7277347189938
3.1392194444444446 617.7277347189938
3.139975 617.2744966817303
3.139975 617.2744966817303
3.142577777777778 617.2744966817303
3.142838888888889 617.2744966817303
3.1454805555555554 617.2744966817303
3.145627777777778 617.2744966817303
3.148375 617.2744966817303
3.149763888888889 617.2744966817303
3.150602777777778 617.2744966817303
3.151291666666667 617.2744966817303
3.153391666638889 617.2744966817303
3.153391666638889 617.2744966817303
3.153547222222222 617.2744966817303
3.1562638888888888 617.2744966817303
3.1562638888888888 617.2744966817303
3.1568194444444444 614.7023615106061
3.158497222222222 614.7023615106061
3.1619722222222224 614.7023615106061
3.1625194444444444 614.7023615106061
3.1641916666666665 614.7023615106061
3.1648666666666667 614.7023615106061
3.1648666666666667 614.7023615106061
3.1653444444444445 614.7023615106061
3.1669972222222222 614.7023615106061
3.1704416666666666 614.7023615106061
3.1704416666666666 614.7023615106061
3.1704916666666665 614.7023615106061
3.1705055555555557 614.7023615106061
3.172788888888889 614.7023615106061
3.1728222222222224 614.7023615106061
3.176163888888889 613.6543662371021
3.1761916666666665 613.6543662371021
3.1789555555555555 613.6543662371021
3.1789944444166665 613.6543662371021
3.1792861111111113 613.6543662371021
3.1817722221944447 613.6543662371021
3.1817722221944447 613.6543662371021
3.181888888888889 613.6543662371021
3.1843444444444446 613.6543662371021
3.187133333333333 614.1136803904805
3.18725 614.1136803904805
3.1901194444444445 611.4565934345019
3.1929166666666666 611.4565934345019
3.1948944444444445 611.4565934345019
3.195711111111111 611.4565934345019
3.1966472222222224 611.4565934345019
3.1985194444444445 611.4565934345019
3.1985194444444445 611.4565934345019
3.198986111111111 611.4565934345019
3.2013166666666666 611.4565934345019
3.2015277777777778 611.4565934345019
3.203261111111111 611.4565934345019
3.203261111111111 611.4565934345019
3.2035555555555555 611.4565934345019
3.2041694444444446 611.4565934345019
3.204575 611.4565934345019
3.2060583333333335 611.4565934345019
3.209208333333333 608.7514266647288
3.2092194444444444 608.7514266647288
3.2099083333333334 608.7514266647288
3.2116666666666664 608.7514266647288
3.211997222222222 608.7514266647288
3.212011111111111 608.7514266647288
3.2125361110833333 608.7514266647288
3.2127305555555554 608.7514266647288
3.2153472222222224 608.7514266647288
3.215625 608.7514266647288
3.217236111111111 608.7514266647288
3.2203416666666667 608.7514266647288
3.220458333333333 608.7514266647288
3.2209222222222222 608.7514266647288
3.2228305555555554 608.7514266647288
3.223977777777778 607.0914782217607
3.2265944444444443 607.0914782217607
3.2265944444444443 607.0914782217607
3.2289583333333334 607.0914782217607
3.22965 607.0914782217607
3.231977777777778 607.0914782217607
3.2321055555555556 607.0914782217607
3.2324444444444445 607.0914782217607
3.234872222222222 607.0914782217607
3.234872222222222 607.0914782217607
3.234872222222222 607.0914782217607
3.2353388888888888 607.0914782217607
3.2374805555555555 607.0914782217607
3.2374805555555555 607.0914782217607
3.237713888888889 607.0914782217607
3.240152777777778 604.0841557129709
3.240375 604.0841557129709
3.243788888888889 604.0841557129709
3.2458194444444444 604.0841557129709
3.246063888888889 604.0841557129709
3.2462222222222223 604.0841557129709
3.2466194444444443 604.0841557129709
3.249063888861111 604.0841557129709
3.249063888861111 604.0841557129709
3.249522222222222 604.0841557129709
3.251525 604.0841557129709
3.2517666666666667 604.0841557129709
3.2519583333333335 604.0841557129709
3.2544194444444443 604.0841557129709
3.254747222222222 604.0841557129709
3.256658333333333 604.0841557129709
3.2573416666666666 602.2431886693727
3.2590916666666665 602.2431886693727
3.2594444444444446 602.2431886693727
3.260236111111111 602.2431886693727
3.2604333333333333 602.2431886693727
3.264847222222222 602.2431886693727
3.2649555555555554 602.2431886693727
3.2660194444444444 602.2431886693727
3.2677388888888887 602.2431886693727
3.2677388888888887 602.2431886693727
3.2686194444444445 602.2431886693727
3.26887777775 602.2431886693727
3.2708222221944445 602.5456947858588
3.2714777777777777 602.5456947858588
3.272311111111111 602.5456947858588
3.2736111111111112 600.6602687472572
3.2742666666666667 600.6602687472572
3.2744555555555555 600.6602687472572
3.2751 600.6602687472572
3.2773499999722224 600.6602687472572
3.2788694444444446 600.6602687472572
3.280247222222222 600.6602687472572
3.280247222222222 600.6602687472572
3.2826694444444446 600.6602687472572
3.283063888888889 600.6602687472572
3.284588888888889 600.6602687472572
3.2875 600.6602687472572
3.2910333333333335 598.1176556954281
3.291536111111111 598.1176556954281
3.291536111111111 598.1176556954281
3.293077777777778 598.1176556954281
3.2940861110833333 598.1176556954281
3.2943777777777776 598.1176556954281
3.2972305555555557 598.1176556954281
3.298536111111111 598.1176556954281
3.2997694444444443 598.1176556954281
3.2997694444444443 598.1176556954281
3.3001 598.1176556954281
3.300325 598.1176556954281
3.301388888888889 598.1176556954281
3.301388888888889 598.1176556954281
3.3025583333055555 598.1176556954281
3.3025583333055555 598.1176556954281
3.307025 594.7464682639553
3.308683333333333 594.7464682639553
3.308822222222222 594.7464682639553
3.312602777777778 594.7464682639553
3.3137083333333335 594.7464682639553
3.3174111111111113 594.7464682639553
3.318686111111111 594.7464682639553
3.3191361111111113 594.7464682639553
3.321477777777778 594.7464682639553
3.321925 594.7464682639553
3.3229777777777776 594.7464682639553
3.3244194444444446 594.7464682639553
3.3258666666666667 594.7464682639553
3.3270555555555554 594.7464682639553
3.3272166666666667 594.7464682639553
3.3274944444444445 594.7464682639553
3.3277722222222224 594.7464682639553
3.3300277777777776 594.7464682639553
3.3303777777777777 594.7464682639553
3.3303777777777777 594.7464682639553
3.3328194444444446 594.7464682639553
3.3331694444444446 594.7464682639553
3.333375 594.7464682639553
3.335958333333333 594.7464682639553
3.335958333333333 594.7464682639553
3.3362694444444445 594.7464682639553
3.337813888861111 594.7464682639553
3.338633333333333 594.7464682639553
3.338633333333333 594.7464682639553
3.3390638888611113 594.7464682639553
3.3414444444444444 594.7464682639553
3.3414444444444444 594.7464682639553
3.3434388888611113 594.7464682639553
3.346275 594.7464682639553
3.3470583333333335 594.7464682639553
3.3475916666666667 594.7464682639553
3.348575 594.7464682639553
3.349177777777778 594.7464682639553
3.3499333333333334 594.7464682639553
3.3519694444444443 594.7464682639553
3.3544388888888887 594.9177289617897
3.356222222222222 594.9177289617897
3.356733333333333 594.9177289617897
3.3572277777777777 594.9177289617897
3.3575361110833333 594.9177289617897
3.358633333333333 594.9177289617897
3.359075 594.9177289617897
3.3596166666666667 594.9177289617897
3.3603694444444443 594.9177289617897
3.361422222222222 594.9177289617897
3.3618805555555555 594.9177289617897
3.3618805555555555 594.9177289617897
3.364213888888889 594.9177289617897
3.3670722221944445 594.9177289617897
3.367338888888889 594.9177289617897
3.3708694444166665 594.9177289617897
3.3708694444166665 594.9177289617897
3.373658333333333 594.9177289617897
3.3757444444444444 594.9177289617897
3.3786055555555556 594.9177289617897
3.3786055555555556 594.9177289617897
3.379602777777778 594.9177289617897
3.380986111111111 594.9177289617897
3.386511111111111 594.9177289617897
3.386511111111111 594.9177289617897
3.389325 594.9177289617897
3.389466666666667 594.9177289617897
3.391036111111111 594.1416652228302
3.391338888888889 594.1416652228302
3.391338888888889 594.1416652228302
3.392263888888889 594.1416652228302
3.395075 594.1416652228302
3.3953305555555557 594.1416652228302
3.396916666666667 594.1416652228302
3.3971583333333335 594.1416652228302
3.397866666666667 594.1416652228302
3.3999361111111113 594.1416652228302
3.39995 594.1416652228302
3.402727777777778 594.1416652228302
3.405108333333333 594.1416652228302
3.405108333333333 594.1416652228302
3.4055388888888887 594.1416652228302
3.439233333333333 594.2186187232526
3.4558722222222222 594.2186187232526
3.4558722222222222 594.2186187232526
3.4558722222222222 594.2186187232526
3.4558722222222222 594.2186187232526
3.4558722222222222 594.2186187232526
3.4558722222222222 594.2186187232526
3.4558722222222222 594.2186187232526
3.4558722222222222 594.2186187232526
3.4558722222222222 594.2186187232526
3.4558722222222222 594.2186187232526
3.4558722222222222 594.2186187232526
3.4558722222222222 594.2186187232526
3.4558722222222222 594.2186187232526
3.4558722222222222 594.2186187232526
3.4558722222222222 594.2186187232526
3.472636111111111 594.2186187232526
3.472636111111111 594.2186187232526
3.472636111111111 594.2186187232526
3.472636111111111 594.2186187232526
3.472636111111111 594.2186187232526
3.4892805555555557 593.3878785429908
3.5060416666666665 593.3878785429908
3.5060416666666665 593.3878785429908
3.5060416666666665 593.3878785429908
3.5060416666666665 593.3878785429908
3.5227333333333335 593.4366474947321
3.5227333333333335 593.4366474947321
3.5227333333333335 593.4366474947321
3.5227333333333335 593.4366474947321
3.5227333333333335 593.4366474947321
3.5394 593.4366474947321
3.5394 593.4366474947321
3.5394 593.4366474947321
3.5394 593.4366474947321
3.572897222222222 585.4381017139572
3.572897222222222 585.4381017139572
3.572897222222222 585.4381017139572
3.572897222222222 585.4381017139572
3.572897222222222 585.4381017139572
3.5896583333333334 585.4049925389477
3.5896583333333334 585.4049925389477
3.5896583333333334 585.4049925389477
3.606336111111111 585.1281162781069
3.606336111111111 585.1281162781069
3.606336111111111 585.1281162781069
3.606336111111111 585.1281162781069
3.606336111111111 585.1281162781069
3.606336111111111 585.1281162781069
3.606336111111111 585.1281162781069
3.623025 583.9359706100199
3.623025 583.9359706100199
3.623025 583.9359706100199
3.6397555555555554 582.6606489596069
3.6564666666666668 579.5147618720655
3.6564666666666668 579.5147618720655
3.6564666666666668 579.5147618720655
3.6564666666666668 579.5147618720655
3.6564666666666668 579.5147618720655
3.673227777777778 578.1540492730039
3.673227777777778 578.1540492730039
3.6899194444166667 576.9972867497753
3.6899194444166667 576.9972867497753
3.6899194444166667 576.9972867497753
3.6899194444166667 576.9972867497753
3.6899194444166667 576.9972867497753
3.7065972222222223 572.8419867510644
3.7065972222222223 572.8419867510644
3.7065972222222223 572.8419867510644
3.7065972222222223 572.8419867510644
3.7065972222222223 572.8419867510644
3.723361111111111 568.8359410102951
3.723361111111111 568.8359410102951
3.723361111111111 568.8359410102951
3.7400527777777777 562.5679020787272
3.7400527777777777 562.5679020787272
3.7400527777777777 562.5679020787272
3.7400527777777777 562.5679020787272
3.7400527777777777 562.5679020787272
3.7566777777777776 557.9779337120364
3.7566777777777776 557.9779337120364
3.7566777777777776 557.9779337120364
3.7733833333333333 552.7562881463444
3.7733833333333333 552.7562881463444
3.7733833333333333 552.7562881463444
3.7901583333333333 545.7717260115763
3.7901583333333333 545.7717260115763
3.7901583333333333 545.7717260115763
3.7901583333333333 545.7717260115763
3.8067694444444444 532.7814780287074
3.8067694444444444 532.7814780287074
3.8067694444444444 532.7814780287074
3.8067694444444444 532.7814780287074
3.8067694444444444 532.7814780287074
3.890102777777778 443.90151360397994
3.973436111111111 329.0441958507484
4.056769444444445 254.5171966911989
4.140102777777778 208.40917802602206
4.223436111111111 146.21012614255903
4.306769444444445 69.96897476589112
4.390102777777778 23.788278818843402
4.473436111111111 15.395830482447384
4.556769444444445 5.50028281154285
4.640102777777778 2.1114957431543027
4.723436111111111 0.4166666666666667
4.806769444444445 0
4.890102777777778 0
4.973436111111111 0
5.056769444444445 21.309764090312214
5.140102777777778 48.01883914640514
5.223436111111111 81.02287297276172
5.306769444444445 119.3429858385422
5.390102777777778 160.9300434893148
5.473436111111111 203.91202207489368
5.556769444444445 583.4453847849135
5.640102777777778 591.2626847349042
5.723436111111111 600.8233468053654
5.806769444444445 609.2640299651317
5.890102777777778 616.7632676969334
5.973436111111111 620.5530867505073
6.00435277775 622.4425882804765
6.00435277775 622.4425882804765
6.00435277775 622.4425882804765
6.00435277775 622.4425882804765
6.00435277775 622.4425882804765
6.00435277775 622.4425882804765
6.00435277775 622.4425882804765
6.00435277775 622.4425882804765
6.00435277775 622.4425882804765
6.00435277775 622.4425882804765
6.00435277775 622.4425882804765
6.00435277775 622.4425882804765
6.00435277775 622.4425882804765
6.00435277775 622.4425882804765
6.00435277775 622.4425882804765
6.00435277775 622.4425882804765
6.00435277775 622.4425882804765
6.00435277775 622.4425882804765
6.00435277775 622.4425882804765
6.00435277775 622.4425882804765
6.00435277775 622.4425882804765
6.00435277775 622.4425882804765
6.00435277775 622.4425882804765
6.00435277775 622.4425882804765
6.00435277775 622.4425882804765
6.00435277775 622.4425882804765
6.00435277775 622.4425882804765
6.00435277775 622.4425882804765
6.00435277775 622.4425882804765
6.00435277775 622.4425882804765
6.00435277775 622.4425882804765
6.00435277775 622.4425882804765
6.00435277775 622.4425882804765
6.00435277775 622.4425882804765
6.00435277775 622.4425882804765
6.00435277775 622.4425882804765
6.00435277775 622.4425882804765
6.00435277775 622.4425882804765
6.00435277775 622.4425882804765
6.00435277775 622.4425882804765
6.00435277775 622.4425882804765
6.00435277775 622.4425882804765
6.00435277775 622.4425882804765
6.00435277775 622.4425882804765
6.00435277775 622.4425882804765
6.00435277775 622.4425882804765
6.00435277775 622.4425882804765
6.00435277775 622.4425882804765
6.00435277775 622.4425882804765
6.00435277775 622.4425882804765
6.00435277775 622.4425882804765
6.00435277775 622.4425882804765
6.00435277775 622.4425882804765
6.00435277775 622.4425882804765
6.00435277775 622.4425882804765
6.00435277775 622.4425882804765
6.00435277775 622.4425882804765
6.00435277775 622.4425882804765
6.00435277775 622.4425882804765
6.00435277775 622.4425882804765
6.00435277775 622.4425882804765
6.00435277775 622.4425882804765
6.00435277775 622.4425882804765
6.00435277775 622.4425882804765
6.00435277775 622.4425882804765
6.00435277775 622.4425882804765
6.00435277775 622.4425882804765
6.00435277775 622.4425882804765
6.00435277775 622.4425882804765
6.00435277775 622.4425882804765
6.00435277775 622.4425882804765
6.00435277775 622.4425882804765
6.00435277775 622.4425882804765
6.00435277775 622.4425882804765
6.00435277775 622.4425882804765
6.00435277775 622.4425882804765
6.00435277775 622.4425882804765
6.00435277775 622.4425882804765
6.00435277775 622.4425882804765
6.00435277775 622.4425882804765
6.00435277775 622.4425882804765
6.00435277775 622.4425882804765
6.00435277775 622.4425882804765
6.00435277775 622.4425882804765
6.00435277775 622.4425882804765
6.00435277775 622.4425882804765
6.00435277775 622.4425882804765
6.00435277775 622.4425882804765
6.00435277775 622.4425882804765
6.00435277775 622.4425882804765
6.00435277775 622.4425882804765
6.00435277775 622.4425882804765
6.00435277775 622.4425882804765
6.00435277775 622.4425882804765
6.00435277775 622.4425882804765
6.00435277775 622.4425882804765
6.00435277775 622.4425882804765
6.00435277775 622.4425882804765
6.00435277775 622.4425882804765
6.00435277775 622.4425882804765
6.00435277775 622.4425882804765
6.00435277775 622.4425882804765
6.00435277775 622.4425882804765
6.00435277775 622.4425882804765
6.00435277775 622.4425882804765
6.00435277775 622.4425882804765
6.00435277775 622.4425882804765
6.00435277775 622.4425882804765
6.00435277775 622.4425882804765
6.00435277775 622.4425882804765
6.00435277775 622.4425882804765
6.00435277775 622.4425882804765
6.00435277775 622.4425882804765
6.00435277775 622.4425882804765
6.00435277775 622.4425882804765
6.00435277775 622.4425882804765
6.00435277775 622.4425882804765
6.00435277775 622.4425882804765
6.00435277775 622.4425882804765
6.00435277775 622.4425882804765
6.00435277775 622.4425882804765
6.00435277775 622.4425882804765
6.00435277775 622.4425882804765
6.00435277775 622.4425882804765
6.00435277775 622.4425882804765
6.00435277775 622.4425882804765
6.00435277775 622.4425882804765
6.00435277775 622.4425882804765
6.00435277775 622.4425882804765
6.00435277775 622.4425882804765
6.00435277775 622.4425882804765
6.00435277775 622.4425882804765
6.00435277775 622.4425882804765
6.00435277775 622.4425882804765
6.00435277775 622.4425882804765
6.00435277775 622.4425882804765
6.00435277775 622.4425882804765
6.00435277775 622.4425882804765
6.00435277775 622.4425882804765
6.00435277775 622.4425882804765
6.00435277775 622.4425882804765
6.00435277775 622.4425882804765
6.00435277775 622.4425882804765
6.00435277775 622.4425882804765
6.00435277775 622.4425882804765
6.00435277775 622.4425882804765
6.00435277775 622.4425882804765
6.00435277775 622.4425882804765
6.00435277775 622.4425882804765
6.00435277775 622.4425882804765
6.00435277775 622.4425882804765
6.00435277775 622.4425882804765
6.00435277775 622.4425882804765
6.00435277775 622.4425882804765
6.00435277775 622.4425882804765
6.00435277775 622.4425882804765
6.00435277775 622.4425882804765
6.00435277775 622.4425882804765
6.00435277775 622.4425882804765
6.00435277775 622.4425882804765
6.00435277775 622.4425882804765
6.00435277775 622.4425882804765
6.00435277775 622.4425882804765
6.00435277775 622.4425882804765
6.00435277775 622.4425882804765
6.00435277775 622.4425882804765
6.00435277775 622.4425882804765
6.00435277775 622.4425882804765
6.00435277775 622.4425882804765
6.00435277775 622.4425882804765
6.00435277775 622.4425882804765
6.00435277775 622.4425882804765
6.00435277775 622.4425882804765
6.00435277775 622.4425882804765
6.00435277775 622.4425882804765
6.00435277775 622.4425882804765
6.00435277775 622.4425882804765
6.00435277775 622.4425882804765
6.00435277775 622.4425882804765
6.00435277775 622.4425882804765
6.00435277775 622.4425882804765
6.00435277775 622.4425882804765
6.00435277775 622.4425882804765
6.00435277775 622.4425882804765
6.00435277775 622.4425882804765
6.00435277775 622.4425882804765
6.00435277775 622.4425882804765
6.00435277775 622.4425882804765
6.00435277775 622.4425882804765
6.00435277775 622.4425882804765
6.00435277775 622.4425882804765
6.00435277775 622.4425882804765
6.00435277775 622.4425882804765
6.00435277775 622.4425882804765
6.00435277775 622.4425882804765
6.00435277775 622.4425882804765
6.00435277775 622.4425882804765
6.00435277775 622.4425882804765
6.00435277775 622.4425882804765
6.00435277775 622.4425882804765
6.004469444444444 622.4425882804765
6.004469444444444 622.4425882804765
6.004469444444444 622.4425882804765
6.004469444444444 622.4425882804765
6.004469444444444 622.4425882804765
6.004469444444444 622.4425882804765
6.004469444444444 622.4425882804765
6.004469444444444 622.4425882804765
6.004469444444444 622.4425882804765
6.004469444444444 622.4425882804765
6.004469444444444 622.4425882804765
6.004469444444444 622.4425882804765
6.004469444444444 622.4425882804765
6.004469444444444 622.4425882804765
6.004469444444444 622.4425882804765
6.004469444444444 622.4425882804765
6.004469444444444 622.4425882804765
6.004469444444444 622.4425882804765
6.004469444444444 622.4425882804765
6.004469444444444 622.4425882804765
6.004469444444444 622.4425882804765
6.004469444444444 622.4425882804765
6.004469444444444 622.4425882804765
6.004469444444444 622.4425882804765
6.004469444444444 622.4425882804765
6.004469444444444 622.4425882804765
6.004469444444444 622.4425882804765
6.004469444444444 622.4425882804765
6.004469444444444 622.4425882804765
6.004469444444444 622.4425882804765
6.004469444444444 622.4425882804765
6.004469444444444 622.4425882804765
6.004469444444444 622.4425882804765
6.004469444444444 622.4425882804765
6.004469444444444 622.4425882804765
6.004469444444444 622.4425882804765
6.004469444444444 622.4425882804765
6.004469444444444 622.4425882804765
6.004469444444444 622.4425882804765
6.004469444444444 622.4425882804765
6.004469444444444 622.4425882804765
6.004469444444444 622.4425882804765
6.004469444444444 622.4425882804765
6.004469444444444 622.4425882804765
6.004469444444444 622.4425882804765
6.004469444444444 622.4425882804765
6.004469444444444 622.4425882804765
6.004469444444444 622.4425882804765
6.004469444444444 622.4425882804765
6.004469444444444 622.4425882804765
6.004469444444444 622.4425882804765
6.004469444444444 622.4425882804765
6.004469444444444 622.4425882804765
6.004469444444444 622.4425882804765
6.004469444444444 622.4425882804765
6.016905555555556 620.8961767764831
6.0218 620.8961767764831
6.0218 620.8961767764831
6.024591666666667 620.8961767764831
6.024675 620.8961767764831
6.027555555555556 620.8961767764831
6.030180555555556 619.7466754911849
6.0332 619.7466754911849
6.035783333333334 619.7466754911849
6.035783333333334 619.7466754911849
6.035783333333334 619.7466754911849
6.038827777777778 619.7466754911849
6.0414 619.7466754911849
6.041616666666667 619.7466754911849
6.043030555555555 619.7466754911849
6.044419444444444 619.7466754911849
6.047219444444444 618.2085280028937
6.0481388888888885 618.2085280028937
6.052630555555556 618.2085280028937
6.052630555555556 618.2085280028937
6.056511111111111 618.2085280028937
6.056672222222222 618.2085280028937
6.058913888888889 618.7977880975894
6.061058333333333 618.7977880975894
6.0621833333333335 618.7977880975894
6.062308333333333 618.7977880975894
6.062863888888889 618.7977880975894
6.063858333333333 618.7977880975894
6.065763888888889 618.7977880975894
6.066752777777777 618.7977880975894
6.067277777777778 618.7977880975894
6.068575 618.7977880975894
6.0695805555555555 618.7977880975894
6.072380555555555 618.7977880975894
6.072811111111111 618.7977880975894
6.075636111111111 618.7977880975894
6.075636111111111 618.7977880975894
6.076180555555555 618.7977880975894
6.080883333333333 615.6285092373394
6.080883333333333 615.6285092373394
6.080883333333333 615.6285092373394
6.081844444444444 615.6285092373394
6.082480555555556 615.6285092373394
6.085847222222222 615.6285092373394
6.08872777775 615.6285092373394
6.0892888888888885 615.6285092373394
6.089925 615.6285092373394
6.091916666666667 615.6285092373394
6.091916666666667 615.6285092373394
6.0921555555277775 615.6285092373394
6.093547222222222 615.6285092373394
6.09775 612.896380616259
6.09775 612.896380616259
6.09775 612.896380616259
6.100361111111111 612.896380616259
6.100361111111111 612.896380616259
6.101194444444444 612.896380616259
6.10315 612.896380616259
6.1033277777777775 612.896380616259
6.103994444444444 612.896380616259
6.104580555555556 612.896380616259
6.106119444444444 612.896380616259
6.107483333333334 612.896380616259
6.108755555555556 612.896380616259
6.110322222222222 612.896380616259
6.113077777777778 611.9665383745596
6.113830555555555 611.9665383745596
6.113830555555555 611.9665383745596
6.116236111111111 611.9665383745596
6.116352777777778 611.9665383745596
6.117319444444444 611.9665383745596
6.1186583333055555 611.9665383745596
6.1186583333055555 611.9665383745596
6.1188722222222225 611.9665383745596
6.119483333333333 611.9665383745596
6.124238888861111 611.9665383745596
6.125877777777778 611.9665383745596
6.127033333333333 611.9665383745596
6.12715 611.9665383745596
6.128547222222222 611.9665383745596
6.1286805555555555 611.4860967149724
6.129927777777778 611.4860967149724
6.130452777777778 611.4860967149724
6.1306666666666665 611.4860967149724
6.1306666666666665 611.4860967149724
6.133572222222222 611.4860967149724
6.133572222222222 611.4860967149724
6.1340111111111115 611.4860967149724
6.136363888888889 611.4860967149724
6.136916666666667 611.4860967149724
6.139475 611.4860967149724
6.139475 611.4860967149724
6.142602777777777 611.9309925415477
6.143761111111111 611.9309925415477
6.144708333333333 611.9309925415477
6.144708333333333 611.9309925415477
6.144708333333333 611.9309925415477
6.1462666666666665 608.1462516679479
6.1476 608.1462516679479
6.148147222222223 608.1462516679479
6.150963888888889 608.1462516679479
6.153186111111111 608.1462516679479
6.154699999972222 608.1462516679479
6.156011111111111 608.1462516679479
6.156011111111111 608.1462516679479
6.156011111111111 608.1462516679479
6.156533333333333 608.1462516679479
6.156988888888889 608.1462516679479
6.157594444444444 608.1462516679479
6.158861111111111 608.1462516679479
6.158861111111111 608.1462516679479
6.159866666666667 608.1462516679479
6.164527777777778 605.9559561255442
6.164527777777778 605.9559561255442
6.165463888861111 605.9559561255442
6.165841666666667 605.9559561255442
6.16615 605.9559561255442
6.167280555555555 605.9559561255442
6.167363888861111 605.9559561255442
6.168266666638889 605.9559561255442
6.170141666638889 605.9559561255442
6.170141666638889 605.9559561255442
6.170152777777778 605.9559561255442
6.171088888861111 605.9559561255442
6.171769444444444 605.9559561255442
6.172944444444444 605.9559561255442
6.174238888861111 605.9559561255442
6.177111111111111 605.9559561255442
6.177413888888889 605.9559561255442
6.1785 605.9559561255442
6.18015 604.2610283463986
6.181291666666667 604.2610283463986
6.181291666666667 604.2610283463986
6.182483333333334 604.2610283463986
6.184136111111111 604.2610283463986
6.184136111111111 604.2610283463986
6.186086111111111 604.2610283463986
6.188061111111111 604.2610283463986
6.189702777777778 604.2610283463986
6.189702777777778 604.2610283463986
6.191302777777778 604.2610283463986
6.191475 604.2610283463986
6.192480555555556 604.2610283463986
6.194477777777778 604.2610283463986
6.195288888888889 604.2610283463986
6.195288888888889 604.2610283463986
6.197808333333334 600.2315649756096
6.198080555555555 600.2315649756096
6.200088888888889 600.2315649756096
6.200858333333334 600.2315649756096
6.202936111111111 600.2315649756096
6.203491666666666 600.2315649756096
6.203491666666666 600.2315649756096
6.203930555555556 600.2315649756096
6.206341666666667 600.2315649756096
6.206444444444444 600.2315649756096
6.209222222222222 600.2315649756096
6.209222222222222 600.2315649756096
6.2117861111111115 600.2315649756096
6.212077777777778 599.063745574189
6.212116666666667 599.063745574189
6.212286111111111 599.063745574189
6.213474999972222 599.063745574189
6.214872222222223 599.063745574189
6.214941666666666 599.063745574189
6.215075 599.063745574189
6.216263888888889 599.063745574189
6.217719444444445 599.063745574189
6.220525 599.063745574189
6.220566666666667 599.063745574189
6.2219388888888885 599.063745574189
6.2219388888888885 599.063745574189
6.223313888888889 599.063745574189
6.223313888888889 599.063745574189
6.227636111111111 599.3397379537857
6.227636111111111 599.3397379537857
6.228025 599.3397379537857
6.228883333333333 598.7012946947268
6.228883333333333 598.7012946947268
6.230444444444444 598.7012946947268
6.231677777777778 598.7012946947268
6.233236111111111 598.7012946947268
6.234455555555556 598.7012946947268
6.236047222222222 598.7012946947268
6.2364444444444445 598.7012946947268
6.2372861111111115 598.7012946947268
6.239280555555555 598.7012946947268
6.239280555555555 598.7012946947268
6.241488888888889 598.7012946947268
6.241616666666666 598.7012946947268
6.242116666666667 598.7012946947268
6.246872222222223 594.810872376732
6.246872222222223 594.810872376732
6.247866666666667 594.810872376732
6.249447222194444 594.810872376732
6.249458333333333 594.810872376732
6.249772222222222 594.810872376732
6.250761111111111 594.810872376732
6.250761111111111 594.810872376732
6.2536 594.810872376732
6.255208333333333 594.810872376732
6.257794444444444 594.810872376732
6.2591833333333335 594.810872376732
6.260586111111111 594.810872376732
6.261152777777777 594.810872376732
6.261983333333333 594.810872376732
6.2634638888888885 592.1794885273661
6.2634638888888885 592.1794885273661
6.264808333333334 592.1794885273661
6.266186111111111 592.1794885273661
6.267127777777778 592.1794885273661
6.267597222222222 592.1794885273661
6.273163888888889 592.1794885273661
6.273163888888889 592.1794885273661
6.276011111111111 592.1794885273661
6.276883333333333 592.1794885273661
6.2796111111111115 588.8772458952241
6.281586111111111 588.8772458952241
6.281586111111111 588.8772458952241
6.2818 588.8772458952241
6.283333333333333 588.8772458952241
6.285211111083333 588.8772458952241
6.288011111111111 588.8772458952241
6.288011111111111 588.8772458952241
6.288011111111111 588.8772458952241
6.288419444444444 588.8772458952241
6.291211111111111 588.8772458952241
6.291211111111111 588.8772458952241
6.293941666666667 588.8772458952241
6.294022222222222 588.8772458952241
6.294530555555555 588.8772458952241
6.294841666666667 588.8772458952241
6.295713888888889 585.4089915699342
6.295713888888889 585.4089915699342
6.297647222222222 585.4089915699342
6.297647222222222 585.4089915699342
6.3004388888888885 585.4089915699342
6.300761111111111 585.4089915699342
6.301369444444444 585.4089915699342
6.302302777777777 585.4089915699342
6.3024305555555555 585.4089915699342
6.320216666666667 585.5461732119386
6.320216666666667 585.5461732119386
6.320216666666667 585.5461732119386
6.320216666666667 585.5461732119386
6.320216666666667 585.5461732119386
6.320216666666667 585.5461732119386
6.320216666666667 585.5461732119386
6.320216666666667 585.5461732119386
6.336955555555556 585.5461732119386
6.336955555555556 585.5461732119386
6.336955555555556 585.5461732119386
6.336955555555556 585.5461732119386
6.336955555555556 585.5461732119386
6.336955555555556 585.5461732119386
6.336955555555556 585.5461732119386
6.336955555555556 585.5461732119386
6.336955555555556 585.5461732119386
6.336955555555556 585.5461732119386
6.336955555555556 585.5461732119386
6.336955555555556 585.5461732119386
6.336955555555556 585.5461732119386
6.336955555555556 585.5461732119386
6.336955555555556 585.5461732119386
6.336955555555556 585.5461732119386
6.338294444444444 585.5461732119386
6.338730555555555 585.5461732119386
6.341177777777777 585.5461732119386
6.341561111111111 585.5461732119386
6.34425 585.5461732119386
6.361111111111111 585.5461732119386
6.361111111111111 585.5461732119386
6.361111111111111 585.5461732119386
6.377836111111111 585.5461732119386
6.377836111111111 585.5461732119386
6.377836111111111 585.5461732119386
6.377836111111111 585.5461732119386
6.377836111111111 585.5461732119386
6.377836111111111 585.5461732119386
6.394519444444445 584.8558508515586
6.394519444444445 584.8558508515586
6.394519444444445 584.8558508515586
6.411238888888889 584.8558508515586
6.411238888888889 584.8558508515586
6.411238888888889 584.8558508515586
6.411238888888889 584.8558508515586
6.411238888888889 584.8558508515586
6.411238888888889 584.8558508515586
6.427958333333334 584.8558508515586
6.461327777777778 584.8558508515586
6.461327777777778 584.8558508515586
6.461327777777778 584.8558508515586
6.461327777777778 584.8558508515586
6.461327777777778 584.8558508515586
6.461327777777778 584.8558508515586
6.461327777777778 584.8558508515586
6.461327777777778 584.8558508515586
6.478066666666667 584.108293460657
6.478066666666667 584.108293460657
6.478066666666667 584.108293460657
6.478066666666667 584.108293460657
6.4948 584.108293460657
6.4948 584.108293460657
6.4948 584.108293460657
6.4948 584.108293460657
6.4948 584.108293460657
6.4948 584.108293460657
6.4948 584.108293460657
6.511525 573.3424914858601
6.511525 573.3424914858601
6.511525 573.3424914858601
6.511525 573.3424914858601
6.528247222222222 573.0140627750133
6.528247222222222 573.0140627750133
6.528247222222222 573.0140627750133
6.545030555555556 572.6381470799132
6.545030555555556 572.6381470799132
6.545030555555556 572.6381470799132
6.545030555555556 572.6381470799132
6.578458333333334 568.142962586287
6.578458333333334 568.142962586287
6.578458333333334 568.142962586287
6.578458333333334 568.142962586287
6.578458333333334 568.142962586287
6.578458333333334 568.142962586287
6.578458333333334 568.142962586287
6.595194444444444 566.1389469046067
6.595194444444444 566.1389469046067
6.595194444444444 566.1389469046067
6.595194444444444 566.1389469046067
6.595194444444444 566.1389469046067
6.595194444444444 566.1389469046067
6.6118805555555555 563.9986805253322
6.6118805555555555 563.9986805253322
6.628616666666667 561.9072748413411
6.645311111111111 557.061000853117
6.645311111111111 557.061000853117
6.645311111111111 557.061000853117
6.645311111111111 557.061000853117
6.645311111111111 557.061000853117
6.645311111111111 557.061000853117
6.645311111111111 557.061000853117
6.661961111111111 552.0499923944892
6.661961111111111 552.0499923944892
6.661961111111111 552.0499923944892
6.661961111111111 552.0499923944892
6.678713888888889 545.7666021828777
6.678713888888889 545.7666021828777
6.678713888888889 545.7666021828777
6.695352777777778 539.9262496106946
6.695352777777778 539.9262496106946
6.695352777777778 539.9262496106946
6.695352777777778 539.9262496106946
6.695352777777778 539.9262496106946
6.695352777777778 539.9262496106946
6.695352777777778 539.9262496106946
6.7120444444444445 534.7768294509873
6.7120444444444445 534.7768294509873
6.72875 524.0530540927524
6.745494444444445 513.7594567865978
6.745494444444445 513.7594567865978
6.745494444444445 513.7594567865978
6.745494444444445 513.7594567865978
6.745494444444445 513.7594567865978
6.745494444444445 513.7594567865978
6.762216666666666 501.39618189922163
6.762216666666666 501.39618189922163
6.762216666666666 501.39618189922163
6.762216666666666 501.39618189922163
6.778819444444444 492.3663535109805
6.778819444444444 492.3663535109805
6.778819444444444 492.3663535109805
6.778819444444444 492.3663535109805
6.778819444444444 492.3663535109805
6.795566666666667 473.00111441790517
6.795566666666667 473.00111441790517
6.795566666666667 473.00111441790517
6.795566666666667 473.00111441790517
6.795566666666667 473.00111441790517
6.8789 373.74922679899305
6.962233333333334 304.30758739663355
7.045566666666667 227.7668422833664
7.1289 188.25192371570105
7.212233333333334 125.94632597039454
7.295566666666667 61.94950616486255
7.3789 24.464106195101035
7.462233333333334 16.64974248292228
7.545566666666667 10.240571636833572
7.6289 5.9239009922210855
7.712233333333334 2.395697728697779
7.795566666666667 0.5
7.8789 0
7.962233333333334 0
8 0
