# SectorTime LateOrderFractional
0.010575 0
0.010597222222222221 0
0.012055555555555555 0
0.01275277775 0
0.015644444444444443 0
0.018416666666666668 0
0.018711111111111112 0
0.021241666666666666 0
0.021697222222222222 0
0.024066666666666667 0
0.024080555555555556 0
0.024144444444444444 0
0.02431111111111111 0
0.026869444444444446 0
0.02713611111111111 0
0.027369444444444443 0
0.02964722222222222 0
0.029705555555555554 0
0.029719444444444444 0
0.02995 0
0.030216666666666666 0
0.03254166666666667 0
0.032586111111111114 0
0.03296944444444445 0
0.03523333333333333 0
0.035244444444444446 0
0.03543333333333333 0
0.035611111111111114 0
0.0358 0
0.038122222222222224 0
0.03813333333333333 0
0.03838333333333333 0
0.038544444444444444 0
0.040875 0
0.041280555555555556 0
0.04136111111111111 0
0.043680555555555556 0
0.04401388888888889 0
0.04426388888888889 0
0.04649166666666667 0
0.04649166666666667 0
0.04695 0
0.04926111111111111 0
0.04926111111111111 0
0.04965833333333333 0
0.05204444444444444 0
0.052455555555555554 0
0.052630555555555555 0
0.052644444444444445 0
0.05490833330555556 0
0.054919444444444444 0
0.05532499997222222 0
0.05538333333333333 0
0.05543611111111111 0
0.05771111111111111 0
0.057744444444444445 0
0.05815 0
0.05821388888888889 0
0.06048333333333333 0
0.06335 0
0.06336111111111112 0
0.06371111111111111 0
0.06378055555555555 0
0.06383333333333334 0
0.06614166666666667 0
0.06616944444444445 0
0.066575 0
0.0666 0
0.066625 0
0.06895555555555556 0
0.06896666666666666 0
0.06934444444444444 0
0.06938888888888889 0
0.07170555555555555 0
0.07214444444444444 0
0.07218055555555555 0
0.07499166666666666 0
0.07500555555555556 0
0.07727777777777778 0
0.07727777777777778 0
0.07780277775 0
0.08021666663888889 0
0.08021666663888889 0
0.08301388888888889 0
0.08301388888888889 0
0.08333333333333333 0
0.08334444444444444 0
0.08586388888888889 0
0.08605833333333333 0
0.08627777777777777 0
0.08865555555555556 0
0.09179722222222222 0
0.09411666666666667 0
0.09426388888888888 0
0.09445 0
0.09445 0
0.09468333333333333 0
0.097 0
0.09713055555555555 0
0.09728888888888888 0
0.09745 0
0.09990277777777777 0
0.10004166666666667 0
0.10266944444444444 0
0.10277777777777777 0
0.10284444444444445 0
0.10293888888888889 0
0.10302777777777777 0
0.10545 0
0.10570555555555555 0
0.10827777777777778 0
0.108625 0
0.1111111111111111 0
0.11124444444444445 0
0.11405833333333333 0
0.11424722222222222 0
0.1167861111111111 0
0.1167861111111111 0
0.11698333333333333 0
0.11708333333333333 0
0.11958888888888888 0
0.11958888888888888 0
0.1196138888888889 0
0.11982777777777778 0
0.11984444444444445 0
0.12237777777777778 0
0.12237777777777778 0
0.12263055555555556 0
0.12266388888888889 0
0.1252388888888889 0
0.1252388888888889 0
0.1252388888888889 0
0.12545277777777777 0
0.1280638888888889 0
0.1280638888888889 0
0.1308888888888889 0
0.13090277777777778 0
0.13105 0
0.13358055555555556 0
0.13368055555555555 0
0.13380277777777777 0
0.136375 0
0.13641944444444445 0
0.1368861111111111 0
0.139175 0
0.13923611111111112 0
0.1394527777777778 0
0.14212222222222223 0
0.14228888888888888 0
0.1425166666388889 0
0.144775 0
0.14480277777777778 0
0.144925 0
0.14533055555555555 0
0.1477 0
0.14819444444444443 0
0.15044444444444444 0
0.1506361111111111 0
0.15330833333333332 0
0.15351944444444443 0
0.15389444444444444 0
0.15602222219444445 0
0.15602222219444445 0
0.15617777777777778 0
0.15631666666666666 0
0.15665833333333334 0
0.15883333333333333 0
0.158925 0
0.159225 0
0.16164444444444445 0
0.16228055555555557 0
0.1644 0
0.16442222222222222 0
0.16459999997222222 0
0.16477222219444446 0
0.16515555552777778 0
0.1672361111111111 0
0.16807222219444445 0
0.170025 0
0.17004999997222223 0
0.17025555555555555 0
0.17041944444444446 0
0.17290833333333333 0
0.17322222222222222 0
0.17361666666666667 0
0.1756638888888889 0
0.17574444441666667 0
0.17596944444444446 0
0.17850833333333332 0
0.18146666666666667 0
0.1816638888888889 0
0.18707222222222222 0
0.18707222222222222 0
0.18714722222222221 0
0.18754722222222223 0
0.19037222222222222 0
0.1928638888611111 0
0.19382222222222223 0
0.19536111111111112 0
0.1966 0
0.19825833333333334 0
0.19866111108333334 0
0.19955 0
0.20094444444444445 0
0.20110555555555557 0
0.20399722222222222 0
0.20406666666666667 0
0.20420555555555556 0
0.20510555555555557 0
0.20657777775 0
0.20675 0
0.20681944444444444 0
0.20712222222222224 0
0.20948333333333333 0
0.20958888888888888 0
0.210025 0
0.2122527777777778 0
0.21242777777777777 0
0.21520555555555557 0
0.21532777775 0
0.2162611111111111 0
0.217925 0
0.21801944444444443 0
0.21809166666666666 0
0.21911111111111112 0
0.22069444444444444 0
0.22083611111111112 0
0.2220361111111111 0
0.22396944444444444 0
0.22477777777777777 0
0.2264138888888889 0
0.2264138888888889 0
0.22960833333333333 0
0.23192222222222222 0
0.2323861111111111 0
0.23319444444444445 0
0.23595833333333333 0
0.23768333333333333 0
0.23768333333333333 0
0.23789722219444445 0
0.24034444444444444 0
0.24050555555555556 0
0.24156666666666668 0
0.24322777777777776 0
0.24327222222222222 0
0.24331111111111112 0
0.24351944444444446 0
0.24604166666666666 0
0.24608888888888888 0
0.2464638888888889 0
0.24715555555555555 0
0.24888888888888888 0
0.2489 0
0.25166666666666665 0
0.25169166666666665 0
0.25280833333333336 0
0.2538111111111111 0
0.2544138888888889 0
0.2545972222222222 0
0.2556861111111111 0
0.25727777777777777 0
0.2574416666666667 0
0.2584638888888889 0
0.26 0
0.26005555555555554 0
0.2602777777777778 0
0.2612861111111111 0
0.262225 0
0.2627805555555556 0
0.26310555555555554 0
0.2641 0
0.265025 0
0.26568055555555553 0
0.26569444444444446 0
0.2659 0
0.26779166666666665 0
0.26974166666666666 0
0.27065 0
0.271325 0
0.2713777777777778 0
0.2714861111111111 0
0.2725472222222222 0
0.2733583333333333 0
0.27421666666666666 0
0.2754111111111111 0
0.2769138888888889 0
0.2790111111111111 0
0.27979444444444446 0
0.27984444444444445 0
0.28093055555555557 0
0.2818361111111111 0
0.2825666666666667 0
0.2826444444444444 0
0.28380555555555553 0
0.2846 0
0.2853361111111111 0
0.2853361111111111 0
0.2866194444444444 0
0.2874361111111111 0
0.28818333333333335 0
0.28818333333333335 0
0.28818333333333335 0
0.28954722219444445 0
0.291 0
0.291 0
0.2922972222222222 0
0.2931166666666667 0
0.29375833333333334 0
0.29799166666666665 0
0.2994277777777778 0
0.29944166666666666 0
0.30228333333333335 0
0.30293888888888887 0
0.3048472222222222 0
0.3050388888888889 0
0.30517777777777777 0
0.30761944444444445 0
0.30795555555555554 0
0.30800555555555553 0
0.3104972222222222 0
0.31074444444444443 0
0.3119277777777778 0
0.3132666666666667 0
0.3134888888888889 0
0.3136638888888889 0
0.31477777777777777 0
0.315375 0
0.3161888888888889 0
0.31642777777777775 0
0.31645 0
0.31901944444444447 0
0.3191305555277778 0
0.31924166666666665 0
0.32182222222222223 0
0.3219972222222222 0
0.32484166666666664 0
0.3259111111111111 0
0.3274638888611111 0
0.3277861111111111 0
0.32876944444444445 0
0.33033055555555557 0
0.3305777777777778 0
0.33161666666666667 0
0.33163055552777776 0
0.3333333333333333 0
0.33342222222222223 0
0.33420833333333333 0
0.33441944444444444 0
0.33447499997222224 0
0.3372 0
0.33734444444444445 0
0.339075 0
0.34008055555555555 0
0.3402416666388889 0
0.3416444444444444 0
0.34289722222222224 0
0.34307777777777776 0
0.34531944444444446 0
0.34572777775 0
0.3481666666666667 0
0.34870277777777775 0
0.35010555555555556 0
0.35025833333333334 0
0.3528027777777778 0
0.3530861110833333 0
0.35320555555555555 0
0.354175 0
0.3559833333333333 0
0.3570027777777778 0
0.3584805555555556 0
0.35870555555555556 0
0.35983055555555554 0
0.36130555555555555 0
0.36156944444444444 0
0.3615833333333333 0
0.3626388888888889 0
0.36320833333333336 0
0.36420555555555556 0
0.36438055555555554 0
0.3644 0
0.36543055555555554 0
0.36701666666666666 0
0.3671888888888889 0
0.3682 0
0.36875277777777776 0
0.3697611111111111 0
0.37168055555555557 0
0.37261666666666665 0
0.3727 0
0.37437777777777775 0
0.3755277777777778 0
0.37656666666666666 0
0.37730833333333336 0
0.3781833333333333 0
0.3783166666666667 0
0.37934444444444443 0
0.3800611111111111 0
0.380975 0
0.3811361111111111 0
0.38282222222222223 0
0.38282222222222223 0
0.3837861111111111 0
0.3839722222222222 0
0.3856472222222222 0
0.38663333333333333 0
0.3877638888888889 0
0.3885166666666667 0
0.3894472222222222 0
0.38963333333333333 0
0.3906222222222222 0
0.3925361111111111 0
0.3933861111111111 0
0.3950194444444444 0
0.3950194444444444 0
0.39539722222222223 0
0.3961138888888889 0
0.39781111108333334 0
0.4006138888888889 0
0.400625 0
0.40453055555555556 0
0.40650555555555556 0
0.40728333333333333 0
0.40896666666666665 0
0.4092972222222222 0
0.41017222219444444 0
0.4121638888888889 0
0.4129499999722222 0
0.4145388888888889 0
0.41496111108333333 0
0.41562777777777776 0
0.4184555555555556 0
0.4194277777777778 0
0.4212888888888889 0
0.4222888888888889 0
0.42409166666666664 0
0.4241361111111111 0
0.42606944444444445 0
0.42694166666666666 0
0.4270833333333333 0
0.427825 0
0.42970555555555556 0
0.4315777777777778 0
0.43250833333333333 0
0.432675 0
0.43546944444444446 0
0.4379972222222222 0
0.43819444444444444 0
0.4390527777777778 0
0.4409138888888889 0
0.44096944444444447 0
0.4439388888888889 0
0.445575 0
0.4465222222222222 0
0.4484944444444444 0
0.4509611111111111 0
0.45150555555555555 0
0.4521027777777778 0
0.4522777777777778 0
0.45378333330555554 0
0.4543388888611111 0
0.45490555555555556 0
0.4550666666666667 0
0.45644444444444443 0
0.45661666666666667 0
0.457825 0
0.45789722222222223 0
0.4593638888888889 0
0.45998333333333336 0
0.46069444444444446 0
0.46218055555555554 0
0.46271111111111113 0
0.46502777777777776 0
0.46502777777777776 0
0.4663583333333333 0
0.4671361111111111 0
0.46920555555555554 0
0.47068333333333334 0
0.4711416666388889 0
0.4727166666666667 0
0.476225 0
0.4762527777777778 0
0.478325 0
0.47901666666666665 0
0.48034444444444446 0
0.4810833333333333 0
0.48396944444444445 0
0.4841138888888889 0
0.4862944444444444 0
0.48689166666666667 0
0.49141944444444446 0
0.49245555555555554 0
0.49249166666666666 0
0.4929722222222222 0
0.4945861111111111 0
0.49528055555555556 0
0.4973666666666667 0
0.49805555555555553 0
0.49809722222222225 0
0.4998472222222222 0
0.5003 0
0.5009111111111111 0
0.5026694444444444 0
0.5031138888888889 0
0.5041 0
0.5053611111111111 0
0.5059166666666667 0
0.5064111111111111 0
0.5065833333333334 0
0.5069611111111111 0
0.5082444444444445 0
0.5088722222222222 0
0.5091361111111111 0
0.5094222222222222 0
0.5119888888888889 0
0.5130944444444444 0
0.514425 0
0.5146694444444444 0
0.5150166666666667 0
0.5174944444444445 0
0.5203083333333334 0
0.5203083333333334 0
0.520375 0
0.5232305555555555 0
0.5232555555555556 0
0.5234444444444445 0
0.5234555555555556 0
0.52615 0
0.5271277777777778 0
0.5290277777777778 0
0.530475 0
0.5318 0
0.5318833333333334 0
0.5318944444444444 0
0.5388444444444445 0
0.5402944444444444 0
0.5437555555555555 0
0.5458722222222222 0
0.5488277777777778 0
0.5496333333333333 0
0.5508111111111111 0
0.5516694444444444 0
0.5537194444444444 0
0.5555611111111111 0
0.5572611111111111 0
0.5579472222222223 0
0.5592555555555555 0
0.5597888888888889 0
0.5608361111111111 0
0.5621583333333333 0
0.5626666666666666 0
0.5634583333333333 0
0.5636305555555555 0
0.5648944444444445 0
0.5648944444444445 0
0.5662722222222222 0
0.566525 0
0.5678444444444445 0
0.5682388888888888 0
0.5690805555555556 0
0.5694166666666667 0
0.5711305555555556 0
0.5718305555555555 0
0.5726694444444445 0
0.5739527777777778 0
0.5746777777777777 0
0.5754666666666667 0
0.5768416666666667 0
0.5796444444166666 0
0.5809333333333333 0
0.5823361111111112 0
0.5838 0
0.5846611111111111 0
0.5852416666666667 0
0.5879277777777778 0
0.5879833333055555 0
0.5908777777777777 0
0.5920972222222223 0
0.5922583333333333 0
0.5923888888888889 0
0.5950333333333333 0
0.5978222222222223 0
0.5979361111111111 0
0.6007083333333333 0
0.6007222222222223 0
0.6009611111111111 0
0.6035638888888889 0
0.6035861111111112 0
0.603725 0
0.6038194444444445 0
0.6063666666666667 0
0.6063944444444445 0
0.6065972222222222 0
0.6091833333333333 0
0.6092611111111111 0
0.6094333333333334 0
0.6116833333333334 0
0.6121444444166667 0
0.6121583333333334 0
0.6122111111111112 0
0.6147194444166667 0
0.6149361111111111 0
0.615025 0
0.6174333333333333 0
0.6177472222222222 0
0.6177916666666666 0
0.6178027777777778 0
0.6203277777777778 0
0.6205944444444444 0
0.6206055555555555 0
0.62335 0
0.6235222222222222 0
0.6263916666666667 0
0.6288694444444445 0
0.629275 0
0.6315249999722222 0
0.6321861111111111 0
0.6339861111111111 0
0.6346666666666667 0
0.6382861111111111 0
0.6387805555555556 0
0.6402194444444445 0
0.6415722222222222 0
0.6427722222222222 0
0.6432444444444444 0
0.6456111111111111 0
0.6484638888611111 0
0.6489361111111112 0
0.6500111111111111 0
0.6504694444444444 0
0.6533722222222222 0
0.65565 0
0.6589361111111111 0
0.6594388888888889 0
0.65955 0
0.6608166666666667 0
0.6611861111111111 0
0.6618694444444444 0
0.6639416666666667 0
0.6646666666666666 0
0.6650611110833333 0
0.6651777777777778 0
0.66635 0
0.6678805555555556 0
0.668025 0
0.6703055555555556 0
0.6709027777777777 0
0.6720194444444444 0
0.6731583333333333 0
0.6735611111111112 0
0.6738166666388888 0
0.6747861111111111 0
0.6766027777777778 0
0.6776361110833333 0
0.680525 0
0.6816 0
0.6818916666666667 0
0.6865305555555555 0
0.6874694444444445 0
0.6901861111111111 0
0.6920333333333333 0
0.6933194444444445 0
0.6942777777777778 0
0.6958444444444445 0
0.6961305555555556 0
0.6965861111111111 0
0.7014055555555555 0
0.7022444444444444 0
0.702625 0
0.7026527777777778 0
0.7041833333333334 0
0.7045388888888889 0
0.7051111111111111 0
0.7081666666666667 0
0.7083583333333333 0
0.7112388888888889 0
0.7137777777777777 0
0.7140916666666667 0
0.7153416666666667 0
0.7165638888888889 0
0.7183083333333333 0
0.719425 0
0.7208472222222222 0
0.7211805555555556 0
0.7240527777777778 0
0.7249944444444445 0
0.7290444444444445 0
0.7296861111111111 0
0.7306111111111111 0
0.7320583333333334 0
0.7326055555555555 0
0.735475 0
0.7377416666666666 0
0.7401833333333333 0
0.7404861111111111 0
0.7405972222222222 0
0.7410333333055555 0
0.7416138888888889 0
0.742975 0
0.7433472222222223 0
0.743375 0
0.7458277777777778 0
0.7461472222222222 0
0.74617777775 0
0.7486888888888888 0
0.7489194444444445 0
0.7516055555555555 0
0.7517138888888889 0
0.7552333333333333 0
0.757025 0
0.7573138888888888 0
0.7574527777777778 0
0.7580555555555556 0
0.7601361110833333 0
0.7608361111111112 0
0.7624444444444445 0
0.7628611111111111 0
0.7628611111111111 0
0.765725 0
0.7685944444444445 0
0.7686583333333333 0
0.7704722222222222 0
0.7707444444444445 0
0.7714416666666667 0
0.7730666666666667 0
0.7763805555277777 0
0.7805472221944444 0
0.7819611111111111 0
0.7825833333333333 0
0.78315 0
0.7858888888888889 0
0.7886222222222222 0
0.7887805555555556 0
0.7910861111111112 0
0.7946722222222222 0
0.7957055555555556 0
0.8012861111111111 0
0.8024055555555556 0
0.8039277777777778 0
0.8051111111111111 0
0.8057583333333334 0
0.8069416666388889 0
0.8074861111111111 0
0.8080305555555556 0
0.8085722222222222 0
0.8095194444444445 0
0.8097722222222222 0
0.8135805555555555 0
0.8143555555555556 0
0.8169805555555556 0
0.8209361111111111 0
0.8213111110833333 0
0.8224194444444445 0
0.8252277777777778 0
0.8263583333333333 0
0.8270749999722222 0
0.8279194444444444 0
0.8289277777777778 0
0.8292555555555555 0
0.8318055555555556 0
0.8320694444444444 0
0.8335638888888889 0
0.8346055555555556 0
0.8363555555555555 0
0.8363666666666667 0
0.8373416666666667 0
0.8391194444444444 0
0.8391583333055556 0
0.8396833333333333 0
0.8420305555555555 0
0.8443083333333333 0
0.8458277777777777 0
0.8470749999722222 0
0.8508999999722222 0
0.8591138888888888 0
0.8592833333333333 0
0.8597361111111111 0
0.8600472222222222 0
0.8626666666666667 0
0.8628944444444444 0
0.8649777777777777 0
0.8658277777777778 0
0.8677916666666666 0
0.8686222222222222 0
0.8691194444444444 0
0.8691194444444444 0
0.8719638888888889 0
0.8742777777777778 0
0.874775 0
0.8748888888888889 0
0.8776027777777777 0
0.8776666666666667 0
0.879 0
0.8803388888611111 0
0.8849694444444445 0
0.8872916666666667 0
0.8894666666666666 0
0.8941416666666666 0
0.8944888888888889 0
0.8947638888888889 0
0.8973305555555555 0
0.8983944444166667 0
0.9039805555555556 0
0.9044083333333334 0
0.9067416666666667 0
0.9077333333333333 0
0.909075 0
0.9128694444444444 0
0.9156583333333334 0
0.9184833333333333 0
0.9187194444444444 0
0.9268694444444444 0
0.9275833333333333 0
0.9294777777777777 0
0.9339416666666667 0
0.9378583333333333 0
0.9382555555277777 0
0.9393444444444444 0
0.9428805555555556 0
0.9441777777777778 0
0.9460166666666666 0
0.95 0
0.9567722222222222 0
0.9605166666666667 0
0.9615666666666667 0
0.9631361111111111 0
0.964825 0
0.9794333333333334 0
0.9794472222222222 0
0.9815333333333334 0
0.9822833333333333 0
0.9847305555555556 0
0.9906805555555556 0
0.9920805555555555 0
1.0022527777777779 0
1.0089166666666667 0
1.0123111111111112 0
1.0125111111111111 0
1.0161833333333334 0
1.017938888888889 0
1.0183194444444446 0
1.0282972222222222 0
1.0315611111111112 0
1.0384111111111112 0
1.040875 0
1.0439083333333334 0
1.0440833333333333 0
1.0631194444444445 0
1.06555 0
1.0713166666666667 0
1.0904805555555555 0
3.066436111111111 0
3.0691083333333333 0
3.069238888888889 0
3.0719 0
3.0720722221944445 0
3.0748305555555557 0
3.074988888861111 0
3.0776083333333335 0
3.077777777777778 0
3.080513888888889 0
3.0805611111111113 0
3.083263888888889 0
3.083425 0
3.0916027777777777 0
3.0940805555555557 0
3.094525 0
3.0966 0
3.0969083333333334 0
3.09975 0
3.100163888888889 0
3.101452777777778 0
3.102325 0
3.10585 0
3.1065055555555556 0
3.1071694444444447 0
3.1086944444444446 0
3.1089055555555554 0
3.1100194444444442 0
3.1116 0
3.1119916666666665 0
3.1144166666666666 0
3.1172416666666667 0
3.1173694444444444 0
3.120102777777778 0
3.1226 0
3.125461111111111 0
3.1257916666666667 0
3.125802777777778 0
3.127088888888889 0
3.1285944444444445 0
3.1287194444444446 0
3.1298666666666666 0
3.1314694444444444 0
3.1327 0
3.1370416666666667 0
3.139961111111111 0
3.1425083333333332 0
3.142736111111111 0
3.144058333333333 0
3.1449166666666666 0
3.1454694444444447 0
3.145611111111111 0
3.1483555555555554 0
3.14975 0
3.150588888888889 0
3.1512694444444445 0
3.1533583333333333 0
3.153530555527778 0
3.1562527777777776 0
3.156808333333333 0
3.1584861111111113 0
3.1590527777777777 0
3.161375 0
3.1619555555555556 0
3.1624444444444446 0
3.1641777777777778 0
3.1648472222222224 0
3.165236111111111 0
3.166986111111111 0
3.1676 0
3.170427777777778 0
3.1704416666666666 0
3.1704916666666665 0
3.1732444444444443 0
3.173388888888889 0
3.176152777777778 0
3.1761777777777778 0
3.176433333333333 0
3.1788666666666665 0
3.1789555555555555 0
3.179275 0
3.1817416666666665 0
3.1817722221944447 0
3.1842944444166665 0
3.1871222222222224 0
3.1900694444444446 0
3.1902166666666667 0
3.192902777777778 0
3.194875 0
3.1957 0
3.197905555527778 0
3.1984916666666665 0
3.1985805555555555 0
3.198975 0
3.2013055555555554 0
3.201516666638889 0
3.201688888888889 0
3.203247222222222 0
3.2034861111111113 0
3.204125 0
3.2044944444444443 0
3.2060416666666667 0
3.2063083333055555 0
3.209208333333333 0
3.2098916666666666 0
3.211655555527778 0
3.211986111111111 0
3.211997222222222 0
3.212525 0
3.2127194444444442 0
3.2153027777777776 0
3.215533333333333 0
3.2171861111111113 0
3.2200277777777777 0
3.220911111111111 0
3.2228055555555555 0
3.223377777777778 0
3.2239583333333335 0
3.2265194444444445 0
3.228902777777778 0
3.2291222222222222 0
3.229625 0
3.231552777777778 0
3.231963888888889 0
3.2320944444444444 0
3.2324305555555557 0
3.2348194444444442 0
3.235316666666667 0
3.2374555555555555 0
3.2377 0
3.2401416666666667 0
3.2403555555555554 0
3.2431722222222223 0
3.2432833333333333 0
3.243727777777778 0
3.245788888888889 0
3.246052777777778 0
3.2462055555555556 0
3.246583333333333 0
3.248658333333333 0
3.24905 0
3.2495083333333334 0
3.251513888888889 0
3.251713888888889 0
3.2519444444444443 0
3.254386111111111 0
3.2547027777777777 0
3.25732777775 0
3.2590777777777777 0
3.2602055555555554 0
3.2604194444444445 0
3.2619194444444446 0
3.2623583333333332 0
3.2629638888888888 0
3.2648194444444445 0
3.265791666666667 0
3.2659666666666665 0
3.2677277777777776 0
3.2685944444444446 0
3.268841666666667 0
3.2694444444444444 0
3.270786111111111 0
3.271375 0
3.2722777777777776 0
3.273527777777778 0
3.274191666666667 0
3.2744444444444443 0
3.275072222222222 0
3.2773055555555555 0
3.2788555555277776 0
3.280236111111111 0
3.2826583333333335 0
3.28305 0
3.284483333333333 0
3.2886166666666665 0
3.2886305555555557 0
3.291002777777778 0
3.291463888888889 0
3.2940722222222223 0
3.294366666666667 0
3.295663888888889 0
3.2968888888888888 0
3.2972166666666665 0
3.2984472222222223 0
3.2996861111111113 0
3.2996861111111113 0
3.3 0
3.30137777775 0
3.302536111083333 0
3.302536111083333 0
3.303158333333333 0
3.3041416666666668 0
3.307011111111111 0
3.3088083333055556 0
3.3125916666666666 0
3.313547222222222 0
3.3136972222222223 0
3.3173777777777778 0
3.3191027777777777 0
3.3215666666666666 0
3.3218805555555555 0
3.3221805555555557 0
3.3229583333333332 0
3.3243805555555554 0
3.325836111111111 0
3.327202777777778 0
3.327377777777778 0
3.327758333333333 0
3.3299166666666666 0
3.330286111111111 0
3.3305527777777777 0
3.332766666638889 0
3.3330527777777776 0
3.3330777777777776 0
3.3333444444444447 0
3.3358805555555557 0
3.3361722222222223 0
3.3377083333333335 0
3.3385666666666665 0
3.33905 0
3.340611111111111 0
3.3413805555555554 0
3.3434055555555555 0
3.344211111111111 0
3.34465 0
3.346261111111111 0
3.3470333333333335 0
3.347547222222222 0
3.3485416666666667 0
3.3491666666666666 0
3.3498916666666667 0
3.3519055555555557 0
3.354416666666667 0
3.3561666666666667 0
3.3567222222222224 0
3.357211111083333 0
3.357488888861111 0
3.358572222222222 0
3.359025 0
3.3596055555555555 0
3.360358333333333 0
3.3613083333055553 0
3.3618527777777776 0
3.364158333333333 0
3.3670166666666668 0
3.36732777775 0
3.36795 0
3.3708555555555555 0
3.3735583333333334 0
3.3757333333333333 0
3.3784972222222223 0
3.3795916666666668 0
3.380916666666667 0
3.383688888888889 0
3.383747222222222 0
3.3864555555555556 0
3.3892777777777776 0
3.3894527777777776 0
3.3897416666666667 0
3.390963888888889 0
3.39225 0
3.3942888888888887 0
3.3942888888888887 0
3.3950444444444443 0
3.395261111111111 0
3.3971472222222223 0
3.3978361110833335 0
3.399863888888889 0
3.3999361111111113 0
3.4021916666666665 0
3.402688888888889 0
3.4050972222222224 0
3.4055222221944446 0
3.405866666666667 0
3.407947222222222 0
3.407947222222222 0
3.4084583333333334 0
3.411099999972222 0
3.414061111111111 0
3.414313888888889 0
3.416952777777778 0
3.4169666666666667 0
3.4194333333055558 0
3.419475 0
3.4198138888888887 0
3.42165 0
3.4226444444444444 0
3.424002777777778 0
3.4245 0
3.425047222222222 0
3.4267833333333333 0
3.4272583333055557 0
3.4294277777777777 0
3.4295805555555554 0
3.4301222222222223 0
3.430225 0
3.4322583333055556 0
3.4372555555555557 0
3.4386305555555556 0
3.441361111111111 0
3.4434027777777776 0
3.443477777777778 0
3.4445638888888888 0
3.4462805555555556 0
3.446336111111111 0
3.4466277777777776 0
3.4491 0
3.449175 0
3.4502555555555556 0
3.451922222222222 0
3.4529638888888887 0
3.454675 0
3.455730555527778 0
3.4558138888888887 0
3.4574416666666665 0
3.457552777777778 0
3.4579388888888887 0
3.4603361110833335 0
3.460827777777778 0
3.4614083333333334 0
3.4661416666666667 0
3.4664333333333333 0
3.4682833333333334 0
3.4692194444444446 0
3.4729027777777777 0
3.473088888888889 0
3.4739583333333335 0
3.4774861111111113 0
3.48035 0
3.4822194444444445 0
3.484825 0
3.4850555555555554 0
3.4852916666666665 0
3.4859222222222224 0
3.487661111111111 0
3.4879277777777777 0
3.4896083333333334 0
3.490422222222222 0
3.4908194444444445 0
3.490902777777778 0
3.4910972222222223 0
3.4932444444444446 0
3.493552777777778 0
3.4937944444444446 0
3.4965944444444443 0
3.497725 0
3.4994472222222224 0
3.501663888888889 0
3.5018305555555553 0
3.502377777777778 0
3.503791666666667 0
3.5050583333055556 0
3.50525 0
3.508027777777778 0
3.5093888888888887 0
3.5107583333333334 0
3.511111111111111 0
3.5135111111111113 0
3.5163611111111113 0
3.5165583333333332 0
3.517766666638889 0
3.5196 0
3.521961111111111 0
3.5224416666666665 0
3.5229055555277777 0
3.523325 0
3.5278277777777776 0
3.528033333333333 0
3.5284 0
3.5290055555555555 0
3.5308361111111113 0
3.533061111111111 0
3.533775 0
3.5340333333333334 0
3.534675 0
3.5361611111111113 0
3.5390333333333333 0
3.5441611111111113 0
3.545272222222222 0
3.5467333333333335 0
3.5480638888888887 0
3.550625 0
3.5524333333333336 0
3.5535 0
3.553741666666667 0
3.5562861110833333 0
3.5565055555555554 0
3.5580527777777777 0
3.5588416666666665 0
3.559341666638889 0
3.562133333333333 0
3.564525 0
3.565386111111111 0
3.5665833333333334 0
3.5673194444444443 0
3.5685 0
3.569383333333333 0
3.570136111111111 0
3.5714361111111113 0
3.5722583333055558 0
3.572897222222222 0
3.5737861110833333 0
3.574625 0
3.5750027777777778 0
3.5766222222222224 0
3.576986111111111 0
3.5774333333333335 0
3.577777777777778 0
3.578561111111111 0
3.579425 0
3.579752777777778 0
3.580163888888889 0
3.5812694444444446 0
3.5829416666666667 0
3.5833416666666666 0
3.584127777777778 0
3.5858166666666667 0
3.5861555555555555 0
3.5886694444166665 0
3.589672222222222 0
3.5914194444444445 0
3.5915944444444445 0
3.591655555527778 0
3.5924638888888887 0
3.5944555555555557 0
3.595338888888889 0
3.597077777777778 0
3.598636111111111 0
3.6003805555555557 0
3.604275 0
3.6068777777777776 0
3.6070194444444446 0
3.6097722222222224 0
3.609958333333333 0
3.6118916666666667 0
3.611902777777778 0
3.615438888888889 0
3.61755 0
3.6231416666666667 0
3.624886111111111 0
3.6250805555555554 0
3.6257972222222223 0
3.627788888888889 0
3.6285194444444446 0
3.6286666666666667 0
3.629224999972222 0
3.6313583333333335 0
3.63415 0
3.6387472222222224 0
3.6414555555555554 0
3.6468333333333334 0
3.648438888861111 0
3.649608333333333 0
3.6526388888888888 0
3.653511111111111 0
3.654916666666667 0
3.6581638888888888 0
3.65915 0
3.659588888888889 0
3.661086111111111 0
3.661111111111111 0
3.6613416666666665 0
3.6638611111111112 0
3.663875 0
3.663975 0
3.6665888888888887 0
3.666802777777778 0
3.6693583333333333 0
3.6693583333333333 0
3.672222222222222 0
3.672525 0
3.6781333333333333 0
3.6806805555555555 0
3.6830666666666665 0
3.6841916666666665 0
3.6887583333333334 0
3.6900361110833333 0
3.691275 0
3.6944055555555555 0
3.6951222222222224 0
3.6971583333333333 0
3.6972666666666667 0
3.7000083333333333 0
3.7019444444444445 0
3.7028666666666665 0
3.704825 0
3.705102777777778 0
3.7056694444444442 0
3.7073833333333335 0
3.708902777777778 0
3.7112055555555554 0
3.7135805555555557 0
3.7157305555277778 0
3.7164527777777776 0
3.7196166666666666 0
3.7199444444444443 0
3.722297222222222 0
3.723463888888889 0
3.7239666666666666 0
3.726286111083333 0
3.727866666666667 0
3.7307694444444444 0
3.733361111111111 0
3.733652777777778 0
3.734211111111111 0
3.734661111111111 0
3.736502777777778 0
3.7374444444444443 0
3.7401694444444447 0
3.7406083333333333 0
3.740838888888889 0
3.7420222222222224 0
3.7430666666666665 0
3.744911111111111 0
3.749513888888889 0
3.7549111111111113 0
3.755097222222222 0
3.759961111111111 0
3.7610027777777777 0
3.762563888888889 0
3.7688194444444445 0
3.772363888888889 0
3.775161111111111 0
3.7757666666666667 0
3.775891666638889 0
3.7801194444444444 0
3.78115 0
3.781275 0
3.7833027777777777 0
3.784111111111111 0
3.7888888888888888 0
3.7901444444444445 0
3.7943805555555556 0
3.7956194444444447 0
3.796325 0
3.797475 0
3.800308333333333 0
3.801658333333333 0
3.801997222222222 0
3.8031888888888887 0
3.80482777775 0
3.8053416666666666 0
3.806886111111111 0
3.807175 0
3.813477777777778 0
3.8152333333333335 0
3.815661111083333 0
3.821266666666667 0
3.8232333333333335 0
3.8236833333333333 0
3.824136111111111 0
3.826416666666667 0
3.8265777777777776 0
3.8293305555555555 0
3.829677777777778 0
3.832225 0
3.8324416666666665 0
3.835088888888889 0
3.8352916666666665 0
3.8380722222222223 0
3.839566666666667 0
3.840611111111111 0
3.8406861111111112 0
3.840838888888889 0
3.8418944444444443 0
3.8435333333333332 0
3.8447388888888887 0
3.8463166666666666 0
3.8475888888888887 0
3.849 0
3.849327777777778 0
3.850325 0
3.858347222222222 0
3.8586944444444446 0
3.8628416666666667 0
3.8647444444444443 0
3.8653 0
3.8713166666666665 0
3.8733222222222223 0
3.8741194444444442 0
3.8769444444444443 0
3.877283333333333 0
3.8811222222222224 0
3.8866694444444443 0
3.89345 0
3.897022222222222 0
3.8979222222222223 0
3.8990833333333335 0
3.9034 0
3.9064472222222224 0
3.912488888888889 0
3.913936111111111 0
3.9187 0
3.9195444444444445 0
3.9199166666666665 0
3.9220527777777776 0
3.942961111111111 0
3.9435416666666665 0
3.9449666666666667 0
3.948836111111111 0
3.956958333333333 0
3.963163888888889 0
3.965263888888889 0
3.967536111111111 0
3.9696805555555557 0
3.9701555555555554 0
3.9727638888888888 0
3.97335 0
3.977777777777778 0
3.9872444444444444 0
3.992172222222222 0
3.995163888888889 0
3.9957555555555557 0
4.001 0
4.008386111111111 0
4.010902777777778 0
4.018005555555556 0
4.018338888888889 0
4.029430555555556 0
4.033986111111111 0
4.040855555555556 0
4.051688888888889 0
4.056330555555555 0
6.018888888888889 0
6.021691666666666 0
6.024536111111111 0
6.0246611111111115 0
6.027541666666667 0
6.030080555555555 0
6.030358333333333 0
6.033186111111111 0
6.0356861111111115 0
6.036008333333333 0
6.038813888888889 0
6.041388888888889 0
6.041574999972222 0
6.0429305555555555 0
6.044394444444444 0
6.047208333333334 0
6.048025 0
6.0526166666388885 0
6.053830555555556 0
6.055441666666667 0
6.0565 0
6.0566611111111115 0
6.059925 0
6.061047222222222 0
6.062169444444445 0
6.062297222222222 0
6.062838888888889 0
6.063822222194444 0
6.065752777777778 0
6.066688888888889 0
6.068508333333333 0
6.0695 0
6.072352777777778 0
6.0727555555277775 0
6.0755944444444445 0
6.076169444444444 0
6.078002777777778 0
6.079041666666667 0
6.080869444444445 0
6.081752777777778 0
6.082911111111111 0
6.083572222222222 0
6.085819444444445 0
6.087941666666667 0
6.088672222222222 0
6.089269444444445 0
6.089844444444444 0
6.091888888888889 0
6.092038888888889 0
6.093530555555556 0
6.094886111111111 0
6.0977 0
6.098330555555555 0
6.100316666666667 0
6.100502777777778 0
6.101169444444444 0
6.103108333333333 0
6.103283333333334 0
6.103983333333334 0
6.104566666666667 0
6.105888888888889 0
6.106105555555556 0
6.107469444444445 0
6.108705555555556 0
6.113066666666667 0
6.1138 0
6.114472222222222 0
6.115802777777778 0
6.1162222222222224 0
6.117305555555555 0
6.118647222222222 0
6.118836111111111 0
6.119472222222222 0
6.121380555555556 0
6.124183333333334 0
6.124980555555555 0
6.125769444444445 0
6.127019444444445 0
6.127777777777778 0
6.128519444416667 0
6.128586111111111 0
6.1298305555555554 0
6.130397222222222 0
6.130652777777778 0
6.131311111111111 0
6.133558333333333 0
6.13625 0
6.136666666666667 0
6.136875 0
6.139380555555555 0
6.139716666666667 0
6.142591666666666 0
6.144658333333333 0
6.145266666666667 0
6.146213888888889 0
6.147586111111111 0
6.147586111111111 0
6.148069444444444 0
6.149044444444445 0
6.150911111111111 0
6.153072222222222 0
6.153072222222222 0
6.1546 0
6.155997222222222 0
6.155997222222222 0
6.156488888888889 0
6.156977777777778 0
6.157577777777778 0
6.15885 0
6.15885 0
6.159822222222222 0
6.161613888888889 0
6.164502777777778 0
6.165430555555556 0
6.165830555555556 0
6.166113888861111 0
6.167244444444444 0
6.167280555555555 0
6.16825 0
6.168644444444444 0
6.1701138888888885 0
6.170141666638889 0
6.171075 0
6.171727777777778 0
6.172816666666667 0
6.172930555555555 0
6.174152777777778 0
6.177030555555556 0
6.177358333333333 0
6.178480555555556 0
6.1812805555555554 0
6.1812805555555554 0
6.182461111111111 0
6.183061111111111 0
6.184069444444445 0
6.186013888888889 0
6.186883333333333 0
6.18805 0
6.189663888888889 0
6.191463888888889 0
6.191644444416666 0
6.192441666666666 0
6.192480555555556 0
6.194466666666667 0
6.195216666666667 0
6.197794444444445 0
6.197969444444444 0
6.200077777777778 0
6.200672222194444 0
6.200847222222222 0
6.202911111111111 0
6.203480555555555 0
6.203641666666667 0
6.206327777777778 0
6.206341666666667 0
6.209138888888889 0
6.209477777777778 0
6.210672222194445 0
6.211713888861111 0
6.211972222222222 0
6.212091666666667 0
6.212263888888889 0
6.213436111111111 0
6.214861111111111 0
6.21505 0
6.216211111111111 0
6.21765 0
6.220091666666667 0
6.220411111111111 0
6.2205361111111115 0
6.221925 0
6.223202777777778 0
6.224819444444444 0
6.227622222222222 0
6.227966666666667 0
6.228816666666667 0
6.228816666666667 0
6.230391666666667 0
6.231663888888889 0
6.233180555555555 0
6.233583333333334 0
6.234441666666667 0
6.234455555555556 0
6.235972222222222 0
6.236341666666666 0
6.237275 0
6.239269444444444 0
6.241444444444444 0
6.241583333333334 0
6.242105555555556 0
6.244938888888889 0
6.246827777777778 0
6.247824999972222 0
6.249433333333333 0
6.249447222194444 0
6.249761111111111 0
6.25065 0
6.253555555555556 0
6.255194444444444 0
6.256341666666667 0
6.2577694444444445 0
6.258327777777778 0
6.259111111111111 0
6.260575 0
6.261141666666667 0
6.2619694444444445 0
6.263419444444445 0
6.264794444416666 0
6.266175 0
6.267052777777778 0
6.267536111111111 0
6.271130555555556 0
6.273147222222223 0
6.275930555555555 0
6.2776805555555555 0
6.279577777777778 0
6.281572222222223 0
6.281716666666667 0
6.282369444444444 0
6.282702777777778 0
6.283291666666667 0
6.2851888888888885 0
6.288 0
6.288352777777778 0
6.288916666666666 0
6.290108333333333 0
6.291175 0
6.293919444444445 0
6.293952777777778 0
6.294508333333333 0
6.294788888888889 0
6.2957 0
6.297636111111111 0
6.297925 0
6.299438888888889 0
6.299547222222222 0
6.300366666666666 0
6.300747222222222 0
6.301297222194444 0
6.302291666666667 0
6.302419444444444 0
6.3034638888888885 0
6.304133333333334 0
6.305219444444444 0
6.3080388888888885 0
6.310702777777778 0
6.310827777777778 0
6.313594444444444 0
6.313663888888889 0
6.316508333333333 0
6.319705555555555 0
6.321969444444444 0
6.3247583333333335 0
6.325647222222222 0
6.328436111111111 0
6.330269444444444 0
6.330313888888889 0
6.331294444444445 0
6.332763888888889 0
6.334125 0
6.335702777777778 0
6.335922222222222 0
6.336869444444445 0
6.338238888888889 0
6.338563888888889 0
6.338694444444444 0
6.341138888888889 0
6.341483333333334 0
6.343955555555556 0
6.3442083333333334 0
6.34437777775 0
6.345261111111111 0
6.346730555555555 0
6.349541666666667 0
6.35085 0
6.351097222222222 0
6.351758333333334 0
6.352255555555556 0
6.352858333333334 0
6.353666666666666 0
6.356447222222222 0
6.362552777777778 0
6.363166666666666 0
6.363488888888889 0
6.363997222222222 0
6.3658361110833335 0
6.366847222222222 0
6.367208333333333 0
6.368180555555556 0
6.3701027777777774 0
6.372408333305556 0
6.375186111083333 0
6.376077777777778 0
6.378125 0
6.380605555555555 0
6.381727777777778 0
6.382330555555556 0
6.383408333333334 0
6.383755555555555 0
6.384475 0
6.386544444444445 0
6.389280555555556 0
6.389322222222222 0
6.3903888888888885 0
6.391561111111111 0
6.393211111111111 0
6.395433333333333 0
6.3968388888888885 0
6.3999138888888885 0
6.400436111111111 0
6.401019444416667 0
6.402480555555556 0
6.406058333333333 0
6.407247222222222 0
6.408291666666667 0
6.4108777777777775 0
6.41122777775 0
6.415947222222222 0
6.418244444444444 0
6.4198611111111115 0
6.4207666666388885 0
6.421136111111111 0
6.421569444444445 0
6.423927777777778 0
6.4244055555555555 0
6.426369444444444 0
6.42675 0
6.427191666666666 0
6.429133333333334 0
6.429625 0
6.429863888861111 0
6.432083333333333 0
6.432386111111111 0
6.434858333333334 0
6.435263888888889 0
6.437219444444445 0
6.437772222222222 0
6.438041666666667 0
6.438244444444445 0
6.441102777777778 0
6.441511111111111 0
6.443938888888889 0
6.4442055555555555 0
6.446744444444445 0
6.448330555555556 0
6.449858333333333 0
6.452738888888889 0
6.453875 0
6.455480555555556 0
6.456583333333334 0
6.456747222222222 0
6.458286111111111 0
6.45955 0
6.461111111111111 0
6.4624138888888885 0
6.4637722222222225 0
6.463947222222222 0
6.464491666638889 0
6.465230555555555 0
6.466666666666667 0
6.466769444444444 0
6.468158333333333 0
6.473702777777778 0
6.475030555555556 0
6.476161111111111 0
6.478066666666667 0
6.478980555555555 0
6.479519444444445 0
6.481833333333333 0
6.4846916666666665 0
6.48750277775 0
6.487930555555556 0
6.490333333333333 0
6.493163888888889 0
6.493605555555556 0
6.495966666666667 0
6.496291666666667 0
6.498738888888889 0
6.499219444444445 0
6.499472222222222 0
6.499497222222222 0
6.501563888888889 0
6.5024 0
6.505202777777778 0
6.5057583333333335 0
6.507 0
6.507994444444445 0
6.508613888861111 0
6.510738888888889 0
6.512625 0
6.5167222222222225 0
6.522944444444445 0
6.523552777777778 0
6.523838888888889 0
6.524591666666667 0
6.525083333333333 0
6.527533333333333 0
6.527811111111111 0
6.5290027777777775 0
6.529102777777778 0
6.5303 0
6.530666666666667 0
6.532161111111111 0
6.533119444444444 0
6.534588888888889 0
6.534699999972222 0
6.536041666666667 0
6.538888888888889 0
6.538972222222222 0
6.541763888888889 0
6.544644444444445 0
6.547258333333334 0
6.547497222222222 0
6.547522222222222 0
6.550116666638889 0
6.550213888888889 0
6.550369444444445 0
6.550369444444445 0
6.553152777777778 0
6.555791666666667 0
6.5559722222222225 0
6.555994444444444 0
6.558697222222222 0
6.558738888888889 0
6.5588 0
6.559011111111111 0
6.561558333333333 0
6.561686111111111 0
6.56425 0
6.564263888888889 0
6.5643472222222226 0
6.567119444444445 0
6.573038888888889 0
6.57585 0
6.5777777777777775 0
6.5808277777777775 0
6.581377777777778 0
6.582080555555556 0
6.582475 0
6.583666666666667 0
6.584188888888889 0
6.58495 0
6.587691666666666 0
6.5903833333333335 0
6.592311111111111 0
6.596113888861111 0
6.597358333333333 0
6.602077777777778 0
6.604466666666666 0
6.6074 0
6.6076138888888885 0
6.6095444444444444 0
6.612888888888889 0
6.613536111111111 0
6.616188888888889 0
6.619269444444445 0
6.619497222222222 0
6.62205 0
6.623161111111111 0
6.62605 0
6.626486111111111 0
6.629413888888889 0
6.6315888888888885 0
6.632161111111111 0
6.633288888888889 0
6.641302777777778 0
6.6415444444444445 0
6.644138888888889 0
6.646938888888889 0
6.647044444444444 0
6.649555555555556 0
6.649727777777778 0
6.652591666666667 0
6.6534611111111115 0
6.65375 0
6.654061111111111 0
6.6553861111111114 0
6.65665 0
6.656875 0
6.658144444444445 0
6.659388888888889 0
6.661005555555556 0
6.6622361111111115 0
6.663569444444445 0
6.664727777777777 0
6.667586111111111 0
6.669122222222223 0
6.6704 0
6.6719222221944445 0
6.673219444444444 0
6.674469444444444 0
6.674736111111111 0
6.6771 0
6.679194444444445 0
6.6801055555555555 0
6.682902777777778 0
6.683719444444445 0
6.687997222222222 0
6.688438888888889 0
6.69247777775 0
6.693533333333333 0
6.693658333305556 0
6.6952388888888885 0
6.696363888888889 0
6.696516666666667 0
6.697991666666667 0
6.697991666666667 0
6.699286111111111 0
6.6992972222222225 0
6.700836111083333 0
6.703788888888889 0
6.7049666666666665 0
6.709380555555556 0
6.714544444444445 0
6.715661111111111 0
6.716794444444444 0
6.718955555555556 0
6.719127777777778 0
6.721819444444445 0
6.724622222222222 0
6.725922222222223 0
6.7275277777777776 0
6.72825 0
6.728669444444445 0
6.730269444444445 0
6.731363888888889 0
6.73250277775 0
6.7342361111111115 0
6.7360888888611115 0
6.736416666666667 0
6.736969444444444 0
6.738663888888889 0
6.739852777777778 0
6.741472222222222 0
6.745363888888889 0
6.746777777777778 0
6.7482194444444445 0
6.751111111111111 0
6.752394444444445 0
6.7539388888888885 0
6.758041666666666 0
6.760844444444444 0
6.762772222222222 0
6.764044444444444 0
6.76685 0
6.768605555555555 0
6.76955 0
6.770680555555556 0
6.772422222222223 0
6.775186111083333 0
6.776508333333333 0
6.777997222222222 0
6.779369444444445 0
6.7805277777777775 0
6.7849305555555555 0
6.784955555555555 0
6.786208333333334 0
6.786275 0
6.787824999972222 0
6.789016666666667 0
6.790063888888889 0
6.79062777775 0
6.7914972222222225 0
6.791819444444444 0
6.793402777777778 0
6.797366666666667 0
6.809011111111111 0
6.812891666666666 0
6.813619444444444 0
6.815311111111111 0
6.815730555555556 0
6.818569444444444 0
6.818883333333333 0
6.821355555555556 0
6.82437777775 0
6.824461111111111 0
6.825622222222222 0
6.826938888888889 0
6.8272249999722225 0
6.831880555555555 0
6.837877777777778 0
6.843438888888889 0
6.844663888888889 0
6.848775 0
6.851541666666667 0
6.8555222222222225 0
6.8565 0
6.857355555555555 0
6.857716666666667 0
6.859675 0
6.86215 0
6.862736111111111 0
6.870308333333333 0
6.873136111111111 0
6.873383333333333 0
6.880652777777778 0
6.882311111111111 0
6.88385 0
6.887869444444444 0
6.888661111111111 0
6.894105555555556 0
6.897241666666667 0
6.902230555555556 0
6.904775 0
6.905161111111111 0
6.914469444444444 0
6.920880555527778 0
6.920938888888889 0
6.931988888888889 0
6.935202777777778 0
6.9378416666666665 0
6.938066666666667 0
6.9389 0
6.94485 0
6.9478 0
6.951113888861111 0
6.965483333333333 0
6.966775 0
6.967733333333333 0
6.9683 0
6.969544444444445 0
6.982708333333333 0
6.985563888888889 0
6.991461111083333 0
6.9928638888888885 0
6.995669444444444 0
7.002725 0
7.002830555555556 0
7.021891666666667 0
7.024172222222222 0
7.026975 0
7.028011111111111 0
7.048922222222222 0
7.05085 0
